1410.01343    0.96707    0.04741
1410.33875    0.97069    0.04717
1410.66309    0.86362    0.04478
1410.98828    0.86148    0.04531
1411.31299    0.94018    0.04589
1411.63770    0.91318    0.04637
1411.96326    0.81346    0.04500
1412.28796    0.85409    0.04555
1412.61365    0.79894    0.04439
1412.93860    0.75587    0.04545
1413.26440    0.78595    0.04553
1413.58960    0.77093    0.04385
1413.91553    0.62633    0.04090
1414.24072    0.70181    0.04201
1414.56616    0.71959    0.04185
1414.89233    0.65270    0.04131
1415.21790    0.58832    0.03998
1415.54419    0.57929    0.04011
1415.86987    0.57588    0.03963
1416.19629    0.44922    0.03784
1416.52209    0.52594    0.03895
1416.84802    0.51698    0.03831
1417.17468    0.46437    0.03800
1417.50073    0.52624    0.03869
1417.82764    0.43401    0.03752
1418.15381    0.49136    0.03920
1418.48083    0.48689    0.03761
1418.80713    0.46068    0.03759
1419.13354    0.47606    0.03746
1419.46082    0.51615    0.03834
1419.78735    0.51941    0.03809
1420.11475    0.41111    0.03637
1420.44141    0.43374    0.03638
1420.76892    0.48603    0.03726
1421.09570    0.46916    0.03730
1421.42273    0.43407    0.03637
1421.75049    0.47365    0.03787
1422.07764    0.44335    0.03683
1422.40552    0.43875    0.03713
1422.73267    0.39177    0.03628
1423.06079    0.40185    0.03695
1423.38818    0.54236    0.03866
1423.71570    0.55549    0.03879
1424.04395    0.45625    0.03712
1424.37158    0.47068    0.03781
1424.69995    0.48073    0.03762
1425.02771    0.48036    0.03733
1425.35632    0.51936    0.03849
1425.68433    0.48234    0.03799
1426.01221    0.50495    0.03793
1426.34106    0.41686    0.03700
1426.66919    0.45834    0.03763
1426.99817    0.51389    0.03700
1427.32642    0.40553    0.03631
1427.65552    0.47079    0.03820
1427.98413    0.58751    0.03974
1428.31250    0.44273    0.03680
1428.64197    0.42426    0.03685
1428.97058    0.53830    0.04005
1429.30005    0.53248    0.03880
1429.62891    0.51620    0.03784
1429.95862    0.45236    0.03728
1430.28748    0.54308    0.03841
1430.61658    0.58396    0.03935
1430.94641    0.55031    0.03866
1431.27563    0.56781    0.03882
1431.60571    0.58160    0.03930
1431.93506    0.56673    0.03905
1432.26526    0.65502    0.04187
1432.59473    0.68266    0.04305
1432.92432    0.62748    0.04225
1433.25464    0.62713    0.04169
1433.58435    0.70386    0.04348
1433.91504    0.64314    0.04218
1434.24487    0.70555    0.04308
1434.57568    0.72013    0.04425
1434.90564    0.71854    0.04308
1435.23572    0.76562    0.04325
1435.56677    0.63718    0.04185
1435.89697    0.78852    0.04267
1436.22803    0.81369    0.04393
1436.55847    0.80228    0.04324
1436.88977    0.79028    0.04335
1437.22021    0.75633    0.04223
1437.55090    0.82475    0.04332
1437.88245    0.68339    0.04145
1438.21326    0.66056    0.03953
1438.54492    0.66839    0.04158
1438.87573    0.69122    0.04229
1439.20764    0.78221    0.04383
1439.53857    0.80624    0.04440
1439.87073    0.76600    0.04372
1440.20178    0.80308    0.04358
1440.53308    0.76353    0.04275
1440.86536    0.70685    0.04298
1441.19690    0.74234    0.04249
1441.52917    0.69294    0.04159
1441.86072    0.70665    0.04124
1442.19336    0.66411    0.04097
1442.52502    0.63690    0.04114
1442.85693    0.65710    0.04081
1443.18970    0.69251    0.04137
1443.52161    0.74418    0.04248
1443.85449    0.77583    0.04398
1444.18665    0.81352    0.04425
1444.51965    0.79422    0.04363
1444.85193    0.73577    0.04244
1445.18445    0.71659    0.04248
1445.51770    0.73835    0.04337
1445.85010    0.71136    0.04400
1446.18359    0.78435    0.04529
1446.51624    0.75957    0.04292
1446.84985    0.74228    0.04289
1447.18274    0.86638    0.04369
1447.51550    0.81847    0.04385
1447.84949    0.81600    0.04306
1448.18250    0.81909    0.04479
1448.51648    0.80050    0.04357
1448.84973    0.77343    0.04373
1449.18372    0.77657    0.04310
1449.51709    0.84703    0.04454
1449.85059    0.93983    0.04691
1450.18494    0.89213    0.04521
1450.51855    0.88366    0.04615
1450.85303    0.93860    0.04748
1451.18677    0.95513    0.04782
1451.52148    0.96938    0.04702
1451.85535    0.93744    0.04674
1452.18933    0.87280    0.04607
1452.52417    0.91931    0.04595
1452.85828    1.03989    0.04847
1453.19336    1.06507    0.04886
1453.52771    0.96539    0.04807
1453.86292    0.96175    0.04736
1454.19727    0.92953    0.04657
1454.53186    0.99554    0.04814
1454.86731    1.06301    0.04958
1455.20203    1.00942    0.04795
1455.53748    1.04879    0.04868
1455.87244    1.00582    0.04807
1456.20813    0.97870    0.04790
1456.54309    1.00181    0.04853
1456.87817    1.01974    0.04813
1457.21411    1.01647    0.04925
1457.54932    1.05625    0.04856
1457.88550    0.92919    0.04709
1458.22083    1.03783    0.04827
1458.55713    1.10344    0.05025
1458.89270    1.01244    0.04854
1459.22827    0.99782    0.04897
1459.56482    1.15396    0.04985
1459.90051    0.90111    0.04744
1460.23718    0.98875    0.04878
1460.57312    1.03969    0.04798
1460.90991    0.99909    0.04819
1461.24609    1.09936    0.04987
1461.58215    1.10468    0.05223
1461.91919    1.17599    0.05918
1462.25549    1.02014    0.06626
1462.59277    0.95016    0.06449
1462.92920    0.97849    0.05509
1463.26660    0.94836    0.04927
1463.60327    1.04197    0.04974
1463.93982    1.01603    0.05022
1464.27747    1.10120    0.05007
1464.61438    1.09727    0.04986
1464.95203    1.04158    0.04921
1465.28906    1.08882    0.04924
1465.62683    1.07505    0.04932
1465.96399    1.07552    0.05030
1466.30212    1.03721    0.04844
1466.63940    0.97829    0.04854
1466.97681    0.99483    0.04833
1467.31519    1.07239    0.04976
1467.65271    1.01684    0.04926
1467.99109    1.07216    0.05037
1468.32886    1.09044    0.04984
1468.66736    0.97494    0.05009
1469.00537    0.95893    0.04817
1469.34326    1.12957    0.05053
1469.68201    1.03653    0.04942
1470.02026    1.02162    0.04849
1470.35913    1.00914    0.04874
1470.69739    1.05133    0.04936
1471.03662    1.07377    0.04976
1471.37488    1.00390    0.04801
1471.71338    0.99362    0.04822
1472.05273    0.92580    0.04699
1472.39148    0.98488    0.04758
1472.73108    0.99547    0.04804
1473.06982    1.01048    0.04860
1473.40942    1.08204    0.04970
1473.74841    0.91720    0.04713
1474.08740    1.01217    0.04736
1474.42749    0.98156    0.04854
1474.76660    0.97915    0.04702
1475.10657    1.01722    0.04804
1475.44604    0.97392    0.04740
1475.78613    0.97770    0.04735
1476.12573    0.99323    0.04848
1476.46533    0.98036    0.04753
1476.80579    0.99361    0.04950
1477.14563    0.97543    0.04764
1477.48608    0.92466    0.04687
1477.82605    1.02623    0.04827
1478.16687    0.92677    0.04783
1478.50696    1.01239    0.04856
1478.84692    1.04445    0.04967
1479.18811    0.99469    0.04727
1479.52832    0.99989    0.04813
1479.86951    0.93442    0.04697
1480.20984    1.05302    0.04890
1480.55127    0.99520    0.04807
1480.89197    0.94402    0.04695
1481.23254    0.99664    0.04866
1481.57410    1.03631    0.04801
1481.91492    1.01019    0.04742
1482.25671    1.00120    0.04768
1482.59766    0.90616    0.04601
1482.93945    0.95135    0.04764
1483.28076    1.05532    0.04771
1483.62195    1.01825    0.04948
1483.96411    1.02435    0.04959
1484.30542    1.08414    0.05023
1484.64771    1.03003    0.04996
1484.98926    0.94233    0.04733
1485.33167    0.93257    0.04685
1485.67334    0.99617    0.04792
1486.01514    1.02465    0.04896
1486.35791    1.06344    0.04907
1486.69971    1.00758    0.04833
1487.04260    0.99629    0.04803
1487.38464    1.01863    0.04838
1487.72766    0.97583    0.04743
1488.06995    0.94673    0.04674
1488.41223    0.94887    0.04748
1488.75549    1.00276    0.04731
1489.09790    0.96140    0.04718
1489.44141    0.91155    0.04636
1489.78406    0.98906    0.04849
1490.12744    1.01046    0.04910
1490.47034    0.94663    0.04653
1490.81323    0.99040    0.04800
1491.15698    1.00071    0.04716
1491.50012    0.97602    0.04756
1491.84387    0.97485    0.04749
1492.18726    0.83553    0.04440
1492.53125    0.67345    0.04968
1492.87463    0.74646        inf
1493.21887    0.81944        inf
1493.56238    0.89240        inf
1493.90601    0.96533        inf
1494.25049    1.03823    0.11189
1494.59424    0.92791    0.05499
1494.93884    0.78213    0.04483
1495.28271    0.75033    0.04312
1495.62756    0.93998    0.04722
1495.97156    1.00364    0.04738
1496.31580    0.93023    0.04712
1496.66089    0.98629    0.04765
1497.00525    1.04635    0.04898
1497.35034    1.02947    0.04757
1497.69482    0.99148    0.04692
1498.04028    1.00967    0.04685
1498.38489    1.02113    0.04782
1498.72949    0.98193    0.04660
1499.07520    0.92741    0.04640
1499.42004    0.95139    0.04663
1499.76575    1.03538    0.04788
1500.11072    1.00624    0.04704
1500.45667    0.92340    0.04596
1500.80188    1.00037    0.04765
1501.14722    0.99149    0.04915
1501.49329    0.94639    0.04733
1501.83862    0.99057    0.04770
1502.18494    1.00215    0.04710
1502.53064    1.02075    0.04719
1502.87708    1.04986    0.04758
1503.22290    1.03047    0.04762
1503.56860    0.99674    0.04662
1503.91541    1.00723    0.04786
1504.26123    1.02333    0.04804
1504.60815    0.94029    0.04681
1504.95435    0.95599    0.04645
1505.30139    0.97553    0.04605
1505.64758    0.99229    0.04816
1505.99402    1.02942    0.04908
1506.34131    1.01353    0.04924
1506.68787    0.99954    0.04694
1507.03528    1.03704    0.04792
1507.38196    1.02218    0.04710
1507.72961    1.03285    0.04801
1508.07642    1.05070    0.04769
1508.42334    0.88164    0.04595
1508.77112    0.98282    0.04660
1509.11829    0.99286    0.04802
1509.46631    1.03345    0.04710
1509.81348    1.01553    0.04740
1510.16162    0.92904    0.04681
1510.50916    1.05501    0.04787
1510.85669    0.95694    0.04689
1511.20508    0.97776    0.04563
1511.55261    0.98963    0.04921
1511.90125    0.98410    0.04746
1512.24890    1.00050    0.04759
1512.59778    0.93900    0.04641
1512.94568    0.95108    0.04691
1513.29382    1.01068    0.04873
1513.64270    1.03448    0.04802
1513.99084    1.03720    0.04915
1514.34009    1.05593    0.04878
1514.68848    1.04782    0.04803
1515.03772    0.97467    0.04729
1515.38623    0.95060    0.04610
1515.73486    0.99797    0.04778
1516.08435    1.02679    0.04836
1516.43311    0.96188    0.04701
1516.78284    0.84706    0.04506
1517.13184    0.75355    0.04373
1517.48169    0.71398    0.04308
1517.83069    0.91711    0.04778
1518.17993    1.04936    0.05054
1518.53003    0.91124    0.04914
1518.87939    0.94878    0.05008
1519.22961    1.06412    0.05193
1519.57898    1.04563    0.04995
1519.92944    1.00607    0.04964
1520.27917    0.96151    0.04747
1520.62976    0.86121    0.04633
1520.97949    0.79656    0.04592
1521.32947    0.95585    0.04980
1521.68018    0.97996    0.05427
1522.03027    1.05935    0.05449
1522.38123    1.09931    0.05531
1522.73145    0.98729    0.06428
1523.08264    1.01242    0.06478
1523.43298    1.13906    0.05730
1523.78345    1.10586    0.05702
1524.13489    1.11107    0.05446
1524.48560    1.14244    0.05539
1524.83704    1.04029    0.05259
1525.18787    0.83637    0.04813
1525.53955    0.74143    0.04567
1525.89038    0.93247    0.04716
1526.24146    0.98385    0.05002
1526.59338    0.91038    0.04792
1526.94470    0.95175    0.04826
1527.29675    1.02748    0.04849
1527.64819    1.02081    0.04862
1528.00037    0.93399    0.04511
1528.35193    0.95185    0.04785
1528.70349    0.99042    0.04659
1529.05603    0.96108    0.04735
1529.40771    1.04102    0.04792
1529.76050    1.05294        inf
1530.11243    1.06453        inf
1530.46521    1.07573    0.04701
1530.81726    1.03834    0.04794
1531.16943    1.03704    0.04756
1531.52246    1.01633    0.04684
1531.87488    1.01291    0.04704
1532.22803    1.06946    0.04853
1532.58057    1.06180    0.04698
1532.93396    1.01095    0.04585
1533.28662    0.98625    0.04508
1533.63940    0.95548    0.04477
1533.99304    1.00921    0.04501
1534.34583    0.99439    0.04513
1534.69983    0.94236    0.04403
1535.05273    0.96408    0.04404
1535.40674    1.03392    0.04434
1535.76001    0.98743    0.04391
1536.11328    1.05606    0.04455
1536.46741    1.00706    0.04319
1536.82092    0.97500    0.04325
1537.17542    1.01497    0.04336
1537.52905    1.03060    0.04368
1537.88354    0.96634    0.04251
1538.23730    0.98118    0.04295
1538.59119    1.06663    0.04340
1538.94592    0.99402    0.04217
1539.29993    0.89775    0.04129
1539.65503    0.98642    0.04212
1540.00916    1.07350    0.04333
1540.36426    0.95963    0.04142
1540.71875    0.95002    0.04110
1541.07312    0.95651    0.04107
1541.42847    0.99338    0.04150
1541.78296    1.07147    0.04301
1542.13867    1.00600    0.04264
1542.49329    0.99974    0.04131
1542.84900    0.97283    0.04202
1543.20398    0.99527    0.04190
1543.55908    1.04988    0.04273
1543.91492    1.04681    0.04280
1544.27014    0.97530    0.04257
1544.62622    0.92936    0.04242
1544.98157    1.00082    0.04489
1545.33789    0.97784    0.04423
1545.69336    0.96433    0.04245
1546.04895    1.08695    0.04408
1546.40540    1.07417    0.04403
1546.76111    1.01237    0.04250
1547.11780    1.03329    0.04324
1547.47375    1.02389    0.04250
1547.83057    1.01419    0.04292
1548.18665    1.06405    0.04312
1548.54370    1.03428    0.04354
1548.90002    0.95069    0.04281
1549.25623    1.06499    0.04462
1549.61353    1.12897    0.04649
1549.97009    1.02280    0.04470
1550.32751    0.98125    0.04625
1550.68408    1.23439    0.05016
1551.04175    1.06519    0.04807
1551.39844    1.03303    0.04688
1551.75537    1.00793    0.04396
1552.11316    0.96202    0.04416
1552.47021    0.99513    0.04487
1552.82837    0.98776    0.04589
1553.18555    1.02368    0.04606
1553.54370    0.97498    0.04553
1553.90100    0.97276    0.04481
1554.25854    0.99491    0.04617
1554.61694    0.96907    0.04551
1554.97461    0.99882    0.04606
1555.33313    0.94952    0.04596
1555.69092    1.01059    0.04691
1556.04968    0.99910    0.04661
1556.40759    0.94736    0.04582
1556.76575    0.97477    0.04647
1557.12463    0.94407    0.04587
1557.48291    0.97260    0.04581
1557.84204    0.97725    0.04751
1558.20044    0.96879    0.04709
1558.55981    1.02644    0.04832
1558.91821    1.09180    0.04967
1559.27686    0.94994    0.04788
1559.63647    0.94475    0.04760
1559.99524    1.00114    0.04812
1560.35498    1.03475    0.04920
1560.71387    1.06441    0.04994
1561.07385    1.07597    0.05024
1561.43298    0.97643    0.04869
1561.79224    1.04213    0.04959
1562.15234    0.96070    0.04884
1562.51160    0.94935    0.04900
1562.87207    0.99057    0.05033
1563.23157    0.96612    0.04949
1563.59204    1.05425    0.05122
1563.95166    0.96207    0.04932
1564.31152    1.00003    0.05121
1564.67236    1.04790    0.04969
1565.03223    1.04963    0.05175
1565.39307    1.03907    0.05038
1565.75317    0.95795    0.04992
1566.11438    0.99593    0.05013
1566.47449    1.00476    0.05092
1566.83496    0.99060    0.05068
1567.19617    0.97947    0.05046
1567.55676    0.99270    0.05214
1567.91821    1.05932    0.05407
1568.27893    1.02236    0.05144
1568.64050    0.95576    0.05048
1569.00146    0.99347    0.05174
1569.36230    1.07524    0.05293
1569.72437    1.04589    0.05139
1570.08545    0.93047    0.05079
1570.44739    0.99049    0.05440
1570.80872    1.03800    0.05643
1571.17090    1.09272    0.05875
1571.53235    1.03530    0.05675
1571.89392    0.86098    0.05265
1572.25635    0.95674    0.05305
1572.61816    0.99663    0.05396
1572.98071    0.99953    0.05304
1573.34253    1.02244    0.05396
1573.70532    1.05612    0.05352
1574.06750    1.06884    0.05499
1574.42944    1.06841    0.05282
1574.79260    1.03501    0.05209
1575.15491    0.97921    0.05138
1575.51807    0.96996    0.05171
1575.88049    1.00101    0.05197
1576.24402    1.05540    0.05639
1576.60669    1.14921    0.06754
1576.97009    0.99597    0.09271
1577.33289    1.02908    0.18929
1577.69580    1.05038    0.09212
1578.05957    0.97856    0.07283
1578.42273    1.00084    0.07404
1578.78662    1.13869    0.20354
1579.14978    0.91711    0.12010
1579.51392    0.97732    0.06651
1579.87732    1.01959    0.05404
1580.24084    0.93798    0.05282
1580.60522    0.95731    0.05267
1580.96875    1.04178    0.05335
1581.33337    0.99795    0.05332
1581.69702    0.98176    0.05447
1582.06177    1.04628    0.05513
1582.42578    1.01854    0.05268
1582.78992    0.89220    0.05083
1583.15479    1.06016    0.05333
1583.51904    1.05426    0.05488
1583.88416    0.93980    0.05684
1584.24854    0.92539    0.05631
1584.61389    1.01071    0.05527
1584.97839    1.02345    0.05359
1585.34302    0.92202    0.05296
1585.70862    1.07063    0.05454
1586.07349    0.90644    0.05189
1586.43909    0.93469    0.05528
1586.80408    1.09092    0.05684
1587.17004    0.98473    0.05559
1587.53516    1.00620    0.05457
1587.90039    0.95161    0.05461
1588.26648    1.09875    0.06521
1588.63196    1.07630    0.06750
1588.99829    0.92621    0.05828
1589.36377    0.97625    0.05343
1589.73022    1.04450    0.05472
1590.09607    0.96505    0.05275
1590.46179    0.95125    0.05292
1590.82861    0.97289    0.05287
1591.19446    0.98478    0.05302
1591.56140    1.00138    0.05348
1591.92761    1.01755    0.05515
1592.29480    1.04071    0.05631
1592.66089    1.03352    0.05599
1593.02734    1.01478    0.05311
1593.39478    0.99588    0.05363
1593.76135    0.98149    0.05436
1594.12878    0.99754    0.05732
1594.49561    1.00886    0.05767
1594.86316    0.95328    0.05361
1595.23010    0.97467    0.05330
1595.59717    1.01504    0.05238
1595.96497    0.96881    0.05358
1596.33228    1.00688    0.05480
1596.70032    0.93512    0.05332
1597.06763    1.04124    0.05467
1597.43591    1.07834    0.05491
1597.80347    1.00287    0.05346
1598.17090    0.99584    0.05336
1598.53943    1.00427    0.05442
1598.90723    1.03591    0.05475
1599.27588    1.06452    0.05543
1599.64392    1.03189    0.05345
1600.01270    0.97261    0.05364
1600.38086    0.96118    0.05462
1600.74902    0.97986    0.05611
1601.11804    1.02341    0.05494
1601.48645    1.04409    0.05369
1601.85571    1.00974    0.05397
1602.22424    0.94423    0.05267
1602.59375    0.94053    0.05264
1602.96240    1.05706    0.05479
1603.33118    0.97840    0.05363
1603.70093    0.97070    0.05265
1604.06982    0.99560    0.05295
1604.43970    0.99097    0.05355
1604.80872    1.00477    0.05281
1605.17883    1.07204    0.05414
1605.54822    1.06777    0.05388
1605.91846    0.98470    0.05219
1606.28772    0.97903    0.05307
1606.65735    0.99551    0.05197
1607.02783    0.95951    0.05237
1607.39758    1.09167    0.05508
1607.76819    1.02884    0.05434
1608.13806    1.00645    0.05377
1608.50879    0.99939    0.05269
1608.87891    1.01121    0.05298
1609.24902    1.04068    0.05310
1609.62012    0.91434    0.05195
1609.99048    0.99907    0.05268
1610.36169    1.07398    0.05327
1610.73206    1.02522    0.05259
1611.10352    1.00235    0.05099
1611.47412    1.08464    0.05349
1611.84497    0.98810    0.05293
1612.21667    1.04994    0.05281
1612.58752    1.00136    0.05125
1612.95935    0.99068    0.05222
1613.33044    0.98649    0.05202
1613.70239    0.89387    0.05069
1614.07373    1.01180    0.05199
1614.44495    0.95280    0.05151
1614.81738    1.03986    0.05540
1615.18872    1.08583    0.05513
1615.56128    1.02518    0.05335
1615.93286    0.99503    0.05274
1616.30554    0.93744    0.05195
1616.67737    0.91027    0.05202
1617.04919    1.00986    0.05136
1617.42212    1.10175    0.05318
1617.79419    1.04818    0.05142
1618.16736    0.92861    0.05070
1618.53955    1.02172    0.05207
1618.91272    1.03900    0.05330
1619.28528    1.04518    0.05259
1619.65771    1.02400    0.05236
1620.03125    1.03476    0.05202
1620.40393    1.09015    0.05189
1620.77759    0.96836    0.05091
1621.15039    0.98477    0.05135
1621.52417    0.93877    0.05092
1621.89734    1.00287    0.05177
1622.27039    1.08196    0.05260
1622.64441    0.97965    0.05148
1623.01770    1.03284    0.05162
1623.39197    1.06267    0.05241
1623.76550    0.98959    0.05120
1624.13989    0.96309    0.05038
1624.51355    0.99216    0.05123
1624.88721    0.98667    0.05097
1625.26196    1.03717    0.05132
1625.63586    1.08271    0.05159
1626.01074    1.00706    0.05051
1626.38477    0.97719    0.05104
1626.75989    0.99415    0.04999
1627.13403    0.98010    0.05040
1627.50830    1.10669    0.05563
1627.88367    0.99884    0.05481
1628.25830    1.00358    0.05350
1628.63367    0.98289    0.05303
1629.00830    0.93768    0.05257
1629.38403    1.01964    0.05294
1629.75879    1.02741    0.05110
1630.13379    1.03680    0.05168
1630.50964    0.98932    0.05088
1630.88477    1.05404    0.05185
1631.26086    1.09555    0.05204
1631.63611    0.96822    0.05115
1632.01233    1.11188    0.05271
1632.38782    0.95684    0.05010
1632.76416    0.93723    0.05003
1633.13977    0.96902    0.05025
1633.51550    0.95077    0.05032
1633.89221    0.97601    0.05020
1634.26807    1.04507    0.05042
1634.64490    1.05880    0.05127
1635.02087    1.03443    0.05066
1635.39795    1.02870    0.05067
1635.77417    1.03169    0.05196
1636.15051    0.99025    0.05092
1636.52783    0.94314    0.05127
1636.90430    1.06680    0.05186
1637.28174    1.01332    0.05143
1637.65845    0.95451    0.04993
1638.03613    0.99060    0.05054
1638.41284    1.01734    0.05075
1638.78979    1.07883    0.05111
1639.16772    1.06773    0.05122
1639.54480    0.97024    0.04946
1639.92285    0.89475    0.04874
1640.30017    0.69896    0.04548
1640.67834    0.43815    0.04185
1641.05579    0.87822    0.04714
1641.43335    0.97313    0.04904
1641.81189    0.97528    0.04947
1642.18958    0.93721    0.04767
1642.56824    0.91477    0.04824
1642.94617    0.97115    0.04877
1643.32495    0.90468    0.04850
1643.70312    1.03784    0.04967
1644.08118    0.96003    0.04976
1644.46033    0.68105    0.04520
1644.83862    0.52975    0.04310
1645.21790    0.72605    0.04720
1645.59644    0.96399    0.04973
1645.97583    0.88343    0.04796
1646.35449    0.97814    0.04945
1646.73328    1.03572    0.04924
1647.11292    0.96972    0.04931
1647.49194    1.00481    0.05019
1647.87183    1.05379    0.05080
1648.25085    1.00511    0.05068
1648.63098    1.00791    0.05020
1649.01025    1.00869    0.04983
1649.38953    0.99261    0.05042
1649.77002    1.01936    0.05197
