1410.22571    1.16094    0.03266
1410.55005    1.18599    0.03262
1410.87537    1.22215    0.03359
1411.19995    1.21406    0.03347
1411.52539    1.09980    0.03197
1411.85010    1.10103    0.03149
1412.17566    1.08297    0.03072
1412.50061    1.00654    0.02991
1412.82544    1.01821    0.02980
1413.15125    0.99137    0.02945
1413.47632    1.11127    0.03098
1413.80237    1.17225    0.03183
1414.12756    1.17075    0.03167
1414.45361    1.15168    0.03145
1414.77905    1.11406    0.03122
1415.10449    1.13669    0.03131
1415.43091    1.11562    0.03141
1415.75647    1.08801    0.03088
1416.08289    1.10434    0.03142
1416.40869    1.12041    0.03158
1416.73523    1.08824    0.03125
1417.06116    1.15409    0.03197
1417.38794    1.15195    0.03196
1417.71399    1.08693    0.03117
1418.04016    1.10760    0.03100
1418.36719    1.16940    0.03201
1418.69348    1.10521    0.03156
1419.02063    1.10196    0.03141
1419.34705    1.11857    0.03148
1419.67432    1.01655    0.02990
1420.00098    0.88518    0.02878
1420.32764    0.85814    0.02799
1420.65515    0.96115    0.02961
1420.98206    1.09922    0.03132
1421.30969    1.10442    0.03162
1421.63672    1.11941    0.03147
1421.96448    1.13764    0.03187
1422.29150    1.12113    0.03178
1422.61877    1.09550    0.03141
1422.94678    1.06447    0.03117
1423.27417    1.05614    0.03071
1423.60242    1.04796    0.03084
1423.92993    1.05314    0.03023
1424.25818    1.04032    0.03211
1424.58582    0.99034    0.03095
1424.91357    1.05987    0.03043
1425.24219    1.06209    0.03108
1425.57007    1.08494    0.03098
1425.89880    1.09036    0.03136
1426.22681    1.04894    0.03098
1426.55579    1.02925    0.03064
1426.88391    1.06053    0.03068
1427.21216    1.09649    0.03114
1427.54126    1.07328    0.03063
1427.86975    1.07309    0.03080
1428.19897    1.08580    0.03092
1428.52747    1.01497    0.03010
1428.85681    0.99936    0.02958
1429.18567    1.01975    0.03008
1429.51428    1.01248    0.02999
1429.84412    1.04007    0.03037
1430.17285    1.06145    0.03007
1430.50281    0.98450    0.02947
1430.83191    1.01036    0.02970
1431.16174    0.85374    0.02785
1431.49109    0.64311    0.02494
1431.82031    0.44808    0.02147
1432.15051    0.42334    0.02156
1432.47998    0.71086    0.02534
1432.81030    0.93939    0.02882
1433.13989    0.96008    0.02914
1433.47046    0.91391    0.02838
1433.80017    0.73204    0.02542
1434.13000    0.49642    0.02273
1434.46069    0.50857    0.02296
1434.79065    0.73907    0.02606
1435.12158    0.88066    0.02874
1435.45178    0.97292    0.02908
1435.78271    0.96750    0.02984
1436.11304    0.93814    0.02975
1436.44348    1.01711    0.03027
1436.77466    0.94217    0.02925
1437.10510    0.93838    0.02906
1437.43652    0.88943    0.02817
1437.76721    0.80678    0.02823
1438.09875    0.77339    0.02684
1438.42957    0.81719    0.02737
1438.76050    0.89164    0.02816
1439.09229    0.96078    0.02922
1439.42334    0.97971    0.02949
1439.75525    0.92656    0.02816
1440.08655    0.83283    0.02722
1440.41858    0.79227    0.02668
1440.75000    0.88272    0.02773
1441.08142    0.89637    0.02783
1441.41370    0.91447    0.02807
1441.74536    0.90898    0.02812
1442.07776    0.88007    0.02770
1442.40955    0.90845    0.02823
1442.74219    0.94089    0.02885
1443.07397    0.94470    0.02913
1443.40686    0.92361    0.02847
1443.73877    0.90322    0.02866
1444.07092    0.91110    0.02826
1444.40393    0.94001    0.02884
1444.73633    0.92792    0.02841
1445.06946    0.97776    0.02928
1445.40186    0.94922    0.02886
1445.73523    0.92504    0.02883
1446.06775    0.94216    0.02878
1446.40039    0.91140    0.02853
1446.73401    0.93764    0.02862
1447.06677    0.92424    0.02858
1447.40039    0.92242    0.02866
1447.73340    0.93513    0.02906
1448.06726    0.95380    0.02879
1448.40039    0.97476    0.02895
1448.73364    0.93543    0.02852
1449.06775    0.89148    0.02784
1449.40100    0.92545    0.02841
1449.73535    0.95444    0.02846
1450.06873    0.92134    0.02839
1450.40320    0.89922    0.02800
1450.73682    0.95198    0.02841
1451.07056    0.97092    0.02896
1451.40527    0.97019    0.02869
1451.73901    0.96738    0.02899
1452.07385    0.98245    0.02908
1452.40796    1.00618    0.02928
1452.74280    0.94657    0.02881
1453.07703    1.01331    0.02953
1453.41138    0.97383    0.02938
1453.74646    0.94321    0.02891
1454.08093    0.97683    0.02946
1454.41614    0.93061    0.02915
1454.75073    0.96957    0.02923
1455.08618    0.96117    0.02917
1455.42090    0.94569    0.02900
1455.75574    0.95357    0.02889
1456.09143    0.95763    0.02912
1456.42639    0.93980    0.02924
1456.76233    0.98444    0.02949
1457.09741    0.97311    0.02900
1457.43347    0.92380    0.02887
1457.76868    0.92621    0.02878
1458.10400    0.97510    0.02924
1458.44031    0.97070    0.02948
1458.77588    0.93884    0.02913
1459.11218    0.95241    0.02905
1459.44788    0.95724    0.02937
1459.78442    0.96252    0.02919
1460.12024    0.99035    0.02981
1460.45618    1.00817    0.02983
1460.79297    0.96487    0.02924
1461.12903    0.98528    0.02950
1461.46594    0.95813    0.02928
1461.80212    0.93065    0.02918
1462.13916    0.95585    0.02902
1462.47559    0.97515    0.02951
1462.81201    0.95869    0.02933
1463.14929    0.96429    0.02963
1463.48584    0.97664    0.02952
1463.82336    0.96675    0.02953
1464.16016    0.94555    0.02924
1464.49780    0.94114    0.02928
1464.83472    0.91295    0.02849
1465.17163    0.91319    0.02964
1465.50952    0.96451    0.03345
1465.84656    0.97910    0.03671
1466.18469    0.95962    0.03545
1466.52197    0.99401    0.03312
1466.86023    0.96155    0.03053
1467.19763    0.97765    0.02984
1467.53516    0.97367    0.02964
1467.87354    0.95891    0.02960
1468.21130    0.94616    0.02923
1468.54980    0.92310    0.02907
1468.88770    0.97165    0.02955
1469.22632    0.96776    0.02949
1469.56433    0.96114    0.02941
1469.90320    0.96720    0.02935
1470.24133    0.96524    0.02902
1470.57959    0.95780    0.02926
1470.91882    0.98594    0.02975
1471.25720    0.94668    0.02931
1471.59631    0.95219    0.02944
1471.93494    0.99792    0.03034
1472.27429    0.99564    0.03003
1472.61304    0.92321    0.02919
1472.95190    0.92440    0.02859
1473.29138    0.89664    0.02826
1473.63049    0.92398    0.02858
1473.97021    0.94532    0.02881
1474.30933    0.91736    0.02893
1474.64929    0.90560    0.02870
1474.98853    0.90268    0.02852
1475.32776    0.96726    0.02971
1475.66797    0.96673    0.02916
1476.00757    0.92014    0.02905
1476.34790    0.88239    0.02788
1476.68750    0.85076    0.02783
1477.02795    0.86174    0.02797
1477.36780    0.89392    0.02842
1477.70764    0.92949    0.02874
1478.04846    0.89583    0.02803
1478.38843    0.85145    0.02768
1478.72937    0.91353    0.02833
1479.06958    0.85289    0.02775
1479.41052    0.86126    0.02767
1479.75098    0.85156    0.02790
1480.09143    0.81814    0.02761
1480.43274    0.80794    0.02775
1480.77332    0.82273    0.02760
1481.11475    0.82156    0.02744
1481.45544    0.80156    0.02757
1481.79712    0.79087    0.02767
1482.13794    0.78721    0.02730
1482.47888    0.77498    0.02696
1482.82080    0.75867    0.02633
1483.16199    0.77275    0.02654
1483.50391    0.77246    0.02655
1483.84509    0.75949    0.02646
1484.18738    0.76416    0.02623
1484.52881    0.76525    0.02631
1484.87024    0.71729    0.02569
1485.21277    0.70863    0.02563
1485.55432    0.70349    0.02542
1485.89697    0.72920    0.02575
1486.23877    0.72461    0.02553
1486.58142    0.67543    0.02547
1486.92346    0.66090    0.02488
1487.26562    0.66557    0.02521
1487.60852    0.68710    0.02561
1487.95068    0.65090    0.02560
1488.29382    0.64025    0.02551
1488.63635    0.66036    0.02560
1488.97949    0.59342    0.02406
1489.32202    0.56366    0.02389
1489.66467    0.55389    0.02320
1490.00818    0.52323    0.02305
1490.35095    0.48293    0.02224
1490.69470    0.45731    0.02160
1491.03748    0.43492    0.02125
1491.38147    0.37083    0.02036
1491.72449    0.35161    0.01984
1492.06763    0.33805    0.02019
1492.41174    0.32122    0.01950
1492.75500    0.34130    0.01992
1493.09924    0.39564    0.02114
1493.44275    0.33695    0.02167
1493.78711    0.36056    0.02196
1494.13086    0.33236    0.02031
1494.47449    0.30028    0.01940
1494.81921    0.31793    0.01955
1495.16309    0.31354    0.02000
1495.50769    0.32467    0.01972
1495.85193    0.33623    0.02005
1496.19678    0.38484    0.02744
1496.54102    0.44580    0.04558
1496.88599    0.45471    0.15783
1497.23047    0.33092        inf
1497.57483    0.20724    0.12738
1497.92017    0.34476    0.05460
1498.26477    0.40204    0.02846
1498.61023    0.36486    0.02095
1498.95508    0.35560    0.02044
1499.30066    0.35056    0.01989
1499.64563    0.37927    0.02018
1499.99060    0.36064    0.02016
1500.33655    0.38002    0.02117
1500.68176    0.40970    0.02153
1501.02771    0.39969    0.02093
1501.37305    0.37924    0.02024
1501.71924    0.38879    0.02012
1502.06470    0.40604    0.02064
1502.41016    0.40606    0.02109
1502.75671    0.40535    0.02099
1503.10242    0.41454    0.02083
1503.44897    0.42204    0.02077
1503.79480    0.44119    0.02087
1504.14160    0.41072    0.02150
1504.48767    0.44489    0.02275
1504.83386    0.47084    0.02292
1505.18079    0.44962    0.02176
1505.52698    0.46851    0.02138
1505.87415    0.43508    0.02097
1506.22070    0.48603    0.02143
1506.56799    0.47184    0.02164
1506.91467    0.45959    0.02114
1507.26123    0.51430    0.02174
1507.60889    0.53448    0.02220
1507.95557    0.52008    0.02222
1508.30334    0.54463    0.02259
1508.65039    0.59500    0.02249
1508.99829    0.65170    0.02375
1509.34534    0.66812    0.02430
1509.69263    0.63311    0.02482
1510.04077    0.72988    0.02520
1510.38818    0.75725    0.02529
1510.73633    0.73650    0.02478
1511.08398    0.75150    0.02481
1511.43237    0.80454    0.02567
1511.78015    0.82260    0.02593
1512.12793    0.83484    0.02600
1512.47656    0.88001    0.02613
1512.82446    0.88175    0.02654
1513.17334    0.86866    0.02586
1513.52148    0.88237    0.02636
1513.87048    0.90201    0.02666
1514.21875    0.92788    0.02687
1514.56714    0.91141    0.02648
1514.91638    0.93407    0.02725
1515.26489    0.94992    0.02703
1515.61426    0.91749    0.02694
1515.96289    0.90490    0.02646
1516.31250    0.94891    0.02688
1516.66125    0.98025    0.02724
1517.01025    0.99353    0.02705
1517.36011    1.02237    0.02795
1517.70911    1.04620    0.02741
1518.05920    1.01640    0.02752
1518.40845    1.03871    0.02760
1518.75842    1.02695    0.02735
1519.10791    1.01707    0.02737
1519.45740    1.01691    0.02733
1519.80774    1.01929    0.02727
1520.15735    1.03270    0.02752
1520.50793    1.04610    0.02750
1520.85779    1.07200    0.02791
1521.20850    1.08587    0.02799
1521.55835    1.07370    0.02822
1521.90845    1.05836    0.02815
1522.25940    1.08360    0.02886
1522.60962    1.13025    0.02897
1522.96069    1.07493    0.02874
1523.31104    1.10689    0.02846
1523.66223    1.15857    0.02890
1524.01282    1.15879    0.02878
1524.36426    1.18382    0.02911
1524.71484    1.10560    0.02910
1525.06567    1.11460    0.02952
1525.41736    1.13391    0.02922
1525.76831    1.13095    0.02945
1526.12000    1.09760    0.02897
1526.47119    0.98429    0.02775
1526.82312    0.77790    0.02565
1527.17444    0.55582    0.02326
1527.52576    0.61604    0.02306
1527.87805    0.87844    0.02590
1528.22949    1.08960    0.02843
1528.58191    1.13781    0.02904
1528.93359    1.14416    0.02757
1529.28613    1.14861    0.02732
1529.63782    1.13572    0.02718
1529.98975    1.11373    0.02700
1530.34253    1.04819    0.02586
1530.69470    0.86772    0.02293
1531.04761    0.66277    0.02040
1531.39990    0.66008    0.01968
1531.75293    0.84410    0.02210
1532.10535    1.01677    0.02379
1532.45776    1.07111    0.02492
1532.81128    1.07010    0.02442
1533.16382    1.00467    0.02377
1533.51746    1.07561    0.02433
1533.87024    1.07736    0.02421
1534.22388    1.03459    0.02349
1534.57690    1.03275    0.02337
1534.92981    1.02953    0.02331
1535.28381    1.04604    0.02357
1535.63696    1.05209    0.02308
1535.99109    1.02065    0.02285
1536.34436    1.01648    0.02267
1536.69861    1.03223    0.02270
1537.05225    0.98438    0.02216
1537.40588    1.01738    0.02231
1537.76038    1.02726    0.02231
1538.11401    1.02428    0.02217
1538.46887    1.01958    0.02201
1538.82275    1.01261    0.02180
1539.17761    1.00347    0.02166
1539.53174    0.98067    0.02123
1539.88586    1.00383    0.02161
1540.24084    0.99806    0.02133
1540.59521    0.98276    0.02122
1540.95056    0.98718    0.02120
1541.30505    0.97884    0.02106
1541.66052    0.98624    0.02102
1542.01514    1.02050    0.02138
1542.36987    0.99541    0.02127
1542.72546    0.97398    0.02105
1543.08032    1.00672    0.02115
1543.43628    1.01086    0.02137
1543.79126    0.96923    0.02100
1544.14722    0.99683    0.02118
1544.50256    0.98202    0.02114
1544.85779    0.96615    0.02087
1545.21411    0.98807    0.02129
1545.56946    0.97007    0.02113
1545.92590    0.98858    0.02141
1546.28149    0.99420    0.02178
1546.63806    0.98773    0.02130
1546.99390    1.00148    0.02211
1547.34985    1.00889    0.02200
1547.70667    0.96373    0.02181
1548.06274    1.02851    0.02263
1548.41968    1.03406    0.02342
1548.77588    1.02966    0.02351
1549.13306    1.00761    0.02332
1549.48938    0.97688    0.02264
1549.84583    1.01176    0.02294
1550.20325    1.01065    0.02308
1550.55981    1.01005    0.02292
1550.91736    0.98570    0.02306
1551.27429    0.98083    0.02302
1551.63196    1.00753    0.02347
1551.98889    0.99792    0.02350
1552.34680    1.00062    0.02372
1552.70398    0.98900    0.02355
1553.06104    0.97993    0.02401
1553.41919    0.98598    0.02575
1553.77661    1.00008    0.02636
1554.13489    0.99980    0.02548
1554.49243    0.96853    0.02528
1554.85095    0.96835    0.02517
1555.20862    0.98570    0.02535
1555.56641    0.99369    0.02536
1555.92505    0.99825    0.02563
1556.28296    1.01739    0.02577
1556.64197    0.99279    0.02566
1557.00000    1.00775    0.02605
1557.35901    1.01303    0.02615
1557.71729    0.98720    0.02605
1558.07568    0.95004    0.02562
1558.43494    0.94126    0.02576
1558.79346    1.01735    0.02644
1559.15283    1.00876    0.02692
1559.51160    1.01846    0.02682
1559.87122    1.03083    0.02718
1560.22998    1.01727    0.02729
1560.58899    1.04326    0.02771
1560.94885    1.02962    0.02760
1561.30798    1.04932    0.02813
1561.66797    0.99618    0.02744
1562.02722    0.97705    0.02768
1562.38745    1.03461    0.02809
1562.74683    1.00051    0.02797
1563.10632    1.01293    0.02864
1563.46680    0.96673    0.02838
1563.82642    1.01347    0.02862
1564.18713    1.07931    0.02911
1564.54688    1.04740    0.02885
1564.90771    1.01009    0.02863
1565.26770    1.09085    0.02955
1565.62781    1.03775    0.02895
1565.98889    1.01244    0.02914
1566.34900    1.02405    0.02852
1566.71033    0.99654    0.02885
1567.07080    0.97366    0.02837
1567.43213    1.02963    0.02891
1567.79260    0.99024    0.02868
1568.15332    0.97708    0.02861
1568.51501    1.01093    0.02911
1568.87585    1.02797    0.02949
1569.23755    1.01659    0.02933
1569.59851    1.02678    0.02958
1569.96057    1.02891    0.02971
1570.32166    1.00366    0.02941
1570.68298    0.98923    0.02955
1571.04504    1.00281    0.02976
1571.40649    0.99492    0.02977
1571.76892    0.95937    0.02930
1572.13049    0.99016    0.02985
1572.49292    1.03061    0.03043
1572.85486    1.00496    0.03022
1573.21655    0.96794    0.02992
1573.57947    1.04036    0.03064
1573.94141    1.01817    0.03046
1574.30432    0.99632    0.03129
1574.66650    0.99408    0.03187
1575.02954    1.00933    0.03296
1575.39197    1.01611    0.03240
1575.75427    0.98021    0.03173
1576.11768    0.96976    0.03063
1576.48035    0.96604    0.03074
1576.84375    0.99656    0.03152
1577.20654    1.02135    0.03175
1577.57019    1.02546    0.03127
1577.93323    1.06719    0.03200
1578.29614    1.08803    0.03198
1578.66003    1.04895    0.03142
1579.02332    1.00055    0.03095
1579.38745    0.99462    0.03038
1579.75073    1.02497    0.03148
1580.11511    1.03300    0.03230
1580.47864    1.01672    0.03721
1580.84302    1.00832    0.04641
1581.20667    1.03208    0.04871
1581.57043    1.00997    0.04107
1581.93518    0.96166    0.03491
1582.29907    1.01766    0.03777
1582.66394    0.95290    0.04090
1583.02808    0.98506    0.03935
1583.39307    1.03332    0.03441
1583.75745    1.02988    0.03119
1584.12170    1.00077    0.03087
1584.48694    0.99613    0.03089
1584.85144    0.99090    0.03068
1585.21692    1.03684    0.03174
1585.58154    1.02155    0.03135
1585.94727    0.97344    0.03084
1586.31213    0.97733    0.03034
1586.67712    1.01662    0.03103
1587.04285    1.01319    0.03103
1587.40796    1.02536    0.03253
1587.77405    1.03357    0.03359
1588.13928    1.00996    0.03318
1588.50562    0.96574    0.03428
1588.87097    0.95506    0.03053
1589.23645    1.00229    0.03106
1589.60291    0.94999    0.03081
1589.96863    0.95582    0.03099
1590.33521    1.00512    0.03199
1590.70117    1.00044    0.03159
1591.06799    0.97092    0.03084
1591.43408    0.99064    0.03072
1591.80005    0.96930    0.03053
1592.16711    0.99997    0.03260
1592.53345    1.03121    0.03450
1592.90063    0.99685    0.03402
1593.26709    0.97172    0.03159
1593.63452    0.97343    0.03067
1594.00122    0.93955    0.03007
1594.36792    0.92480    0.02993
1594.73547    0.97512    0.03031
1595.10229    1.03130    0.03093
1595.47021    0.98641    0.03089
1595.83728    0.97928    0.03102
1596.20532    1.03000    0.03237
1596.57239    1.03713    0.03172
1596.93970    1.00258    0.03093
1597.30798    0.98538    0.03069
1597.67542    0.99910    0.03172
1598.04382    1.01303    0.03360
1598.41150    1.01652    0.03345
1598.78003    0.99137    0.03160
1599.14783    0.95807    0.03018
1599.51575    0.95936    0.02994
1599.88452    1.00711    0.03056
1600.25269    1.02300    0.03060
1600.62158    0.96967    0.03009
1600.98987    0.93976    0.02974
1601.35913    0.97465    0.02986
1601.72742    1.00704    0.03064
1602.09583    0.96252    0.03082
1602.46533    1.01553    0.03150
1602.83398    1.02235    0.03132
1603.20361    0.97482    0.03065
1603.57251    0.97339    0.03060
1603.94214    1.02342    0.03082
1604.31128    0.99851    0.03154
1604.68030    1.00726    0.03150
1605.05029    1.01656    0.03103
1605.41956    1.01518    0.03073
1605.78967    1.03523    0.03021
1606.15918    1.04908    0.03038
1606.52954    0.98638    0.02978
1606.89905    1.01930    0.03006
1607.26880    1.00098    0.03009
1607.63940    1.01580    0.02998
1608.00928    1.03525    0.03031
1608.38000    1.00352    0.02987
1608.75000    0.98774    0.02970
1609.12097    1.01167    0.03010
1609.49121    1.01688    0.03037
1609.86243    0.97681    0.02973
1610.23267    0.98188    0.03023
1610.60315    1.02623    0.02950
1610.97461    0.96297    0.02939
1611.34521    0.98418    0.02967
1611.71667    0.93499    0.02982
1612.08752    0.93466    0.02909
1612.45923    0.96261    0.02947
1612.83020    0.94727    0.02877
1613.20117    0.94658    0.02878
1613.57312    0.98423    0.02927
1613.94446    0.98661    0.02957
1614.31665    0.95407    0.02898
1614.68787    0.94956    0.02996
1615.06030    0.99866    0.03048
1615.43176    1.02674    0.03164
1615.80347    0.97755    0.02994
1616.17603    1.03310    0.03049
1616.54785    1.03948    0.03048
1616.92065    0.98743    0.02854
1617.29272    0.96057    0.02843
1617.66553    0.95939    0.02849
1618.03772    0.99315    0.02918
1618.40991    0.97673    0.02939
1618.78320    0.97992    0.02918
1619.15552    1.00794    0.02936
1619.52893    1.01227    0.02953
1619.90149    0.97194    0.02948
1620.27502    0.90534    0.02871
1620.64771    0.98074    0.02878
1621.02051    0.98695    0.02870
1621.39429    0.94754    0.02844
1621.76733    0.97049    0.02868
1622.14136    0.97387    0.02851
1622.51453    0.93648    0.02830
1622.88867    0.90861    0.02921
1623.26208    0.92698    0.02959
1623.63538    0.96713    0.02984
1624.00989    1.00194    0.03079
1624.38342    1.04117    0.02955
1624.75806    1.05498    0.02914
1625.13184    1.05707    0.02971
1625.50647    1.05255    0.02945
1625.88049    1.01909    0.02905
1626.25452    0.97981    0.02829
1626.62952    1.01262    0.02849
1627.00366    1.04626    0.02900
1627.37891    1.01742    0.02881
1627.75330    0.99606    0.02872
1628.12866    1.00914    0.02877
1628.50330    1.03579    0.02920
1628.87781    1.04328    0.02925
1629.25342    0.97533    0.02843
1629.62817    1.00430    0.02842
1630.00415    1.01560    0.02841
1630.37903    0.98856    0.02867
1630.75500    1.00159    0.02866
1631.13013    1.05928    0.02915
1631.50537    1.02100    0.02895
1631.88159    1.05803    0.02899
1632.25708    1.00717    0.02865
1632.63354    0.95192    0.02792
1633.00891    1.00320    0.02840
1633.38562    1.01064    0.02820
1633.76135    1.00645    0.02860
1634.13721    1.01265    0.02864
1634.51404    1.04344    0.02912
1634.89001    1.02976    0.02866
1635.26709    0.97738    0.02822
1635.64319    1.01992    0.02837
1636.02039    1.02371    0.02848
1636.39673    0.97546    0.02831
1636.77405    0.97814    0.02811
1637.15063    1.01313    0.02959
1637.52722    1.02489    0.02955
1637.90479    1.03250    0.02893
1638.28162    0.99901    0.02868
1638.65942    1.02719    0.02873
1639.03638    1.02745    0.02885
1639.41431    1.00433    0.02879
1639.79150    1.01479    0.02893
1640.16870    1.03913    0.02922
1640.54700    1.05046    0.02953
1640.92444    1.07153    0.02939
1641.30273    1.03067    0.02952
1641.68030    1.03908    0.02935
1642.05896    1.10834    0.02956
1642.43665    1.01520    0.02868
1642.81445    1.03923    0.02867
1643.19336    1.03849    0.02863
1643.57129    1.01805    0.02835
1643.95032    1.03640    0.02827
1644.32861    1.05956    0.02876
1644.70776    0.99533    0.02811
1645.08606    1.04174    0.02850
1645.46460    1.02752    0.02810
1645.84399    0.99542    0.02775
1646.22266    1.02378    0.02832
1646.60229    1.07532    0.02865
1646.98108    1.02946    0.02853
1647.36084    1.00329    0.02808
1647.73987    1.00048    0.02822
1648.11890    1.01017    0.02839
1648.49890    0.99284    0.02832
1648.87817    0.98895    0.02862
1649.25842    1.07860    0.03031
1649.63782    0.96082    0.02968
