1410.20569    1.29148    0.04152
1410.53088    1.24847    0.04123
1410.85535    1.26884    0.04115
1411.18066    1.25520    0.04098
1411.50525    1.26757    0.04110
1411.83081    1.27178    0.04081
1412.15564    1.25101    0.04261
1412.48120    1.24251    0.04282
1412.80615    1.22729    0.04218
1413.13110    1.19380    0.04100
1413.45703    1.19091    0.04259
1413.78223    1.16639    0.04478
1414.10828    1.12217    0.04416
1414.43347    1.16224    0.04288
1414.75977    1.18538    0.04192
1415.08521    1.13848    0.04067
1415.41077    1.18008    0.04029
1415.73706    1.07035    0.03872
1416.06287    1.07553    0.03874
1416.38940    1.07251    0.03877
1416.71521    1.04301    0.03904
1417.04187    1.04443    0.04097
1417.36792    1.03213    0.04143
1417.69385    1.05554    0.03984
1418.02087    1.05934    0.03959
1418.34705    1.09123    0.03961
1418.67419    1.07937    0.03898
1419.00049    1.00166    0.03818
1419.32776    1.01633    0.03896
1419.65417    1.02593    0.03864
1419.98071    1.10813    0.03990
1420.30823    1.10853    0.04024
1420.63501    1.04788    0.04044
1420.96265    1.05375    0.04002
1421.28955    1.11630    0.04019
1421.61719    1.09673    0.03997
1421.94421    1.05407    0.04004
1422.27136    1.04195    0.03991
1422.59937    1.05713    0.03944
1422.92664    1.06333    0.03933
1423.25476    1.04893    0.03890
1423.58215    1.08260    0.03890
1423.91040    1.02124    0.03849
1424.23804    1.01982    0.03806
1424.56567    1.03943    0.03830
1424.89417    1.01366    0.03841
1425.22192    1.05395    0.03818
1425.55066    0.95476    0.03670
1425.87854    1.01763    0.03754
1426.20740    1.04948    0.03844
1426.53552    0.99588    0.03772
1426.86365    0.97679    0.03727
1427.19263    1.01933    0.03749
1427.52087    0.98449    0.03655
1427.85022    0.91640    0.03662
1428.17859    0.91961    0.03601
1428.50793    0.96026    0.03679
1428.83667    0.96459    0.03682
1429.16528    0.92474    0.03644
1429.49487    0.72787    0.03454
1429.82373    0.52927    0.03296
1430.15344    0.57721    0.03295
1430.48242    0.77477    0.03535
1430.81238    0.88892    0.03719
1431.14136    0.90520    0.03788
1431.47070    0.91782    0.04022
1431.80078    0.79418    0.03909
1432.13025    0.63510    0.03309
1432.46045    0.63530    0.03382
1432.78992    0.78863    0.03621
1433.12036    0.82204    0.03728
1433.45007    0.83902    0.03735
1433.77979    0.87207    0.03718
1434.11047    0.82909    0.03609
1434.44043    0.79019    0.03611
1434.77112    0.82891    0.03593
1435.10120    0.81264    0.03557
1435.43213    0.78059    0.03543
1435.76233    0.73823    0.03418
1436.09253    0.72981    0.03473
1436.42383    0.74584    0.03447
1436.75427    0.74146    0.03512
1437.08557    0.71217    0.03465
1437.41614    0.72493    0.03487
1437.74768    0.69064    0.03483
1438.07837    0.72165    0.03553
1438.41003    0.76684    0.03569
1438.74084    0.74663    0.03588
1439.07190    0.75951    0.03669
1439.40369    0.73955    0.03668
1439.73486    0.69552    0.03646
1440.06677    0.68955    0.03498
1440.39819    0.69517    0.03933
1440.73022    0.69502    0.03952
1441.06165    0.73217    0.04036
1441.39319    0.61091    0.03844
1441.72559    0.59411    0.03814
1442.05737    0.62556    0.03691
1442.38977    0.61451    0.03731
1442.72168    0.53912    0.03250
1443.05432    0.44955    0.03162
1443.38623    0.51854    0.03339
1443.71838    0.46483    0.03253
1444.05127    0.47331    0.03326
1444.38342    0.54591    0.03485
1444.71655    0.53324    0.03311
1445.04883    0.46243    0.03147
1445.38208    0.46220    0.03133
1445.71460    0.41993    0.03088
1446.04724    0.40158    0.03009
1446.38074    0.39788    0.02930
1446.71338    0.34781    0.02849
1447.04700    0.29903    0.02812
1447.37988    0.37864    0.02865
1447.71362    0.31879    0.02804
1448.04675    0.33672    0.02859
1448.37988    0.38727    0.02916
1448.71375    0.33182    0.02912
1449.04712    0.33124    0.02934
1449.38123    0.33659    0.02927
1449.71460    0.30822    0.02924
1450.04895    0.34742    0.03041
1450.38257    0.39042    0.03102
1450.71631    0.36062    0.03048
1451.05066    0.36765    0.03189
1451.38452    0.35533    0.03297
1451.71924    0.41975    0.04009
1452.05322    0.32556    0.06152
1452.38806    0.33006    0.07602
1452.72217    0.51438    0.08614
1453.05640    0.26811    0.08303
1453.39148    0.31757    0.08144
1453.72583    0.42148    0.06836
1454.06104    0.44582    0.04373
1454.39551    0.42268    0.03644
1454.73096    0.42284    0.04133
1455.06555    0.44515    0.04534
1455.40039    0.40557    0.04209
1455.73584    0.43193    0.03606
1456.07080    0.37625    0.03163
1456.40662    0.34215    0.03030
1456.74158    0.44333    0.03157
1457.07751    0.44487    0.03196
1457.41272    0.39946    0.03230
1457.74805    0.49883    0.03426
1458.08411    0.48300    0.03422
1458.41956    0.43438    0.03284
1458.75586    0.53281    0.03515
1459.09143    0.55180    0.04798
1459.42798    0.43318    0.08382
1459.76367    0.59495    0.10229
1460.09949    0.52115    0.08171
1460.43628    0.38409    0.04372
1460.77222    0.48851    0.04321
1461.10913    0.36895    0.05395
1461.44519    0.46705    0.05610
1461.78223    0.34146    0.04308
1462.11841    0.25280    0.03234
1462.45483    0.34746    0.03144
1462.79199    0.43742    0.03297
1463.12854    0.34089    0.03392
1463.46594    0.39375    0.03787
1463.80261    0.43964    0.04006
1464.14014    0.37034    0.03281
1464.47693    0.33601    0.03148
1464.81470    0.39119    0.04029
1465.15161    0.28376    0.04890
1465.48877    0.33751    0.04673
1465.82666    0.42598    0.03664
1466.16382    0.39213    0.03206
1466.50195    0.36557    0.03464
1466.83936    0.47113    0.03509
1467.17761    0.50791    0.05461
1467.51514    0.46331    0.08658
1467.85266    0.48973    0.09842
1468.19116    0.42359    0.06243
1468.52893    0.40578    0.03824
1468.86755    0.56671    0.03409
1469.20557    0.59691    0.03351
1469.54431    0.63480    0.03392
1469.88232    0.62577    0.04500
1470.22046    0.62755    0.05736
1470.55957    0.64911    0.05750
1470.89783    0.66736    0.04302
1471.23706    0.69796    0.03531
1471.57544    0.69019    0.03477
1471.91479    0.85139    0.04080
1472.25342    0.87319    0.06324
1472.59216    0.75288    0.09753
1472.93164    0.70746    0.08213
1473.27051    0.72127    0.05175
1473.61035    0.75447    0.03771
1473.94922    0.76811    0.03616
1474.28918    0.80887    0.03639
1474.62830    0.83931    0.03706
1474.96753    0.82358    0.03721
1475.30762    0.86071    0.03783
1475.64697    0.94939    0.04242
1475.98743    0.80449    0.05349
1476.32690    0.85342    0.05817
1476.66736    0.95219    0.04771
1477.00696    0.84396    0.03856
1477.34680    0.96000    0.03842
1477.68750    0.97392    0.04336
1478.02747    0.77096    0.06835
1478.36829    0.82405    0.08867
1478.70837    0.95298    0.08105
1479.04944    0.84730    0.04605
1479.38965    0.90954    0.03823
1479.72998    0.91796    0.03744
1480.07117    0.88041    0.03628
1480.41162    0.85489    0.03544
1480.75305    0.81302    0.03498
1481.09363    0.76143    0.03493
1481.43518    0.81838    0.03524
1481.77600    0.82013    0.03539
1482.11694    0.90688    0.03719
1482.45862    0.91828    0.04209
1482.79980    0.85046    0.04929
1483.14172    0.84330    0.04977
1483.48291    0.89871    0.04265
1483.82483    0.87129    0.03694
1484.16626    0.94529    0.03868
1484.50769    0.89260    0.05520
1484.84998    0.84192    0.06613
1485.19165    0.96293    0.05819
1485.53406    0.92490    0.04287
1485.87585    0.86662    0.03667
1486.21851    0.89106    0.03641
1486.56042    0.94146    0.03706
1486.90234    0.97292    0.03779
1487.24524    0.94071    0.03734
1487.58740    0.79505    0.03547
1487.93042    0.77454    0.03546
1488.27271    0.88618    0.03776
1488.61597    0.90784    0.03837
1488.95837    0.93493    0.03866
1489.30090    1.04221    0.03894
1489.64429    0.87380    0.03620
1489.98706    0.63747    0.03550
1490.33069    0.59001    0.04138
1490.67346    0.66539    0.04247
1491.01721    0.80821    0.03794
1491.36023    0.99081    0.03828
1491.70410    1.06679    0.04235
1492.04724    0.87582    0.05001
1492.39062    0.65514    0.04979
1492.73462    0.48949    0.03811
1493.07812    0.45758    0.03168
1493.42236    0.55686    0.03132
1493.76587    0.63560    0.03224
1494.11035    0.88492    0.03546
1494.45410    0.97083    0.03617
1494.79785    0.85667    0.03477
1495.14258    0.65332    0.03298
1495.48657    0.55182    0.03150
1495.83142    0.71057    0.03302
1496.17554    0.76148    0.03462
1496.52051    0.91944    0.03725
1496.86475    0.99606    0.04095
1497.20911    1.01225    0.04179
1497.55432    1.09617    0.04567
1497.89893    1.09507    0.04627
1498.24438    1.02552    0.04472
1498.58899    1.12173    0.04689
1498.93457    1.13013    0.05186
1499.27942    1.04793    0.06134
1499.62427    1.04932    0.05188
1499.97009    1.07216    0.04705
1500.31519    1.13179    0.05240
1500.66113    1.10406    0.05288
1501.00635    1.10731    0.05252
1501.35254    1.13839    0.05248
1501.69800    1.11793    0.04519
1502.04333    1.10704    0.03933
1502.38977    1.11879    0.03851
1502.73535    1.10679    0.03872
1503.08191    1.03442    0.04084
1503.42761    1.00460    0.04112
1503.77429    1.07072    0.03824
1504.12024    1.05032    0.03668
1504.46631    0.99198    0.03558
1504.81323    0.99172    0.03610
1505.15942    1.03738    0.03574
1505.50647    1.05793    0.03590
1505.85291    1.02622    0.03581
1506.20007    1.01830    0.03532
1506.54663    1.03720    0.03528
1506.89319    0.97289    0.03484
1507.24060    0.97336    0.03461
1507.58740    1.03521    0.03598
1507.93506    1.02495    0.03771
1508.28198    0.96649    0.03702
1508.62976    1.07460    0.04032
1508.97681    1.12775    0.06023
1509.32385    1.06135    0.07174
1509.67200    0.98604    0.06328
1510.01929    1.01964    0.04619
1510.36755    1.10878    0.04469
1510.71497    1.09599    0.04683
1511.06323    1.06035    0.04217
1511.41101    1.04319    0.03665
1511.75867    1.02836    0.03449
1512.10718    1.00818    0.03574
1512.45508    1.01854    0.03895
1512.80383    1.00847    0.04103
1513.15198    0.99022    0.03773
1513.50073    0.99248    0.03712
1513.84900    0.98163    0.03413
1514.19727    0.95392    0.03267
1514.54651    0.99599    0.03278
1514.89478    0.95468    0.03318
1515.24414    1.01126    0.03376
1515.59277    1.04128    0.03589
1515.94226    1.03747    0.03972
1516.29089    1.05374    0.03954
1516.63977    0.98112    0.03483
1516.98950    0.96818    0.03232
1517.33850    0.98617    0.03196
1517.68848    1.00475    0.03270
1518.03760    1.03085    0.03399
1518.38757    1.04581    0.03985
1518.73694    0.99513    0.05159
1519.08716    1.03065    0.05296
1519.43665    0.96906    0.04216
1519.78613    0.98392    0.03411
1520.13660    1.03369    0.03183
1520.48633    0.99148    0.03097
1520.83691    1.01004    0.03115
1521.18677    0.93621    0.03148
1521.53760    1.02238    0.03656
1521.88757    1.04263    0.04041
1522.23779    0.99902    0.03749
1522.58875    1.03563    0.03354
1522.93896    1.00824    0.03149
1523.29016    0.98054    0.03348
1523.64062    0.92318    0.04230
1523.99194    1.00776    0.06989
1524.34253    1.10963    0.10062
1524.69324    1.01120    0.09452
1525.04492    0.90089    0.06798
1525.39563    1.00446    0.06941
1525.74744    0.99095    0.06795
1526.09839    0.91574    0.06024
1526.45032    0.94809    0.06281
1526.80151    1.04276    0.05913
1527.15271    0.94572    0.04612
1527.50488    1.00522    0.04234
1527.85632    0.92661    0.04069
1528.20862    0.97463    0.03991
1528.56018    1.03252    0.03798
1528.91260    0.89186    0.03680
1529.26428    0.95398    0.03937
1529.61609    1.00300    0.04234
1529.96887    1.00666    0.05158
1530.32092    0.97240    0.06708
1530.67383    0.99210    0.05573
1531.02588    1.09359    0.04525
1531.37891    1.08932    0.04084
1531.73120    1.00265    0.04217
1532.08362    1.00563    0.04158
1532.43689    0.97968    0.03706
1532.78943    0.97094    0.03685
1533.14294    1.03866    0.03581
1533.49561    0.96214    0.03453
1533.84924    1.01118    0.03442
1534.20215    1.01181    0.03309
1534.55493    0.98881    0.03322
1534.90894    0.99556    0.03438
1535.26196    1.00695    0.03644
1535.61609    0.97281    0.03521
1535.96924    0.98183    0.03111
1536.32349    0.98826    0.03039
1536.67688    1.00656    0.03300
1537.03040    1.04396    0.03798
1537.38477    1.04181    0.03501
1537.73853    0.95124    0.03106
1538.09314    1.04544    0.02928
1538.44690    1.00238    0.02847
1538.80164    0.97957    0.02831
1539.15576    0.99576    0.02821
1539.50977    0.96892    0.02759
1539.86475    1.05002    0.02842
1540.21899    0.99317    0.02759
1540.57422    1.00719    0.02800
1540.92859    1.03255    0.02852
1541.28394    1.02703    0.02889
1541.63855    1.02669    0.02996
1541.99316    1.01945    0.02989
1542.34875    1.02557    0.02945
1542.70349    0.99007    0.02949
1543.05933    0.95923    0.02966
1543.41431    0.97628    0.02848
1543.77014    1.02784    0.02850
1544.12537    1.04571    0.02903
1544.48047    0.96127    0.03047
1544.83667    1.02351    0.03108
1545.19214    1.01388    0.02846
1545.54846    0.96217    0.02687
1545.90393    1.03685    0.02699
1546.26050    1.04320    0.02792
1546.61621    1.05715    0.03802
1546.97290    1.07830    0.04987
1547.32861    1.01141    0.05517
1547.68469    0.95506    0.05275
1548.04150    1.03653    0.05610
1548.39771    1.06911    0.04762
1548.75476    0.92002    0.03426
1549.11108    0.85807    0.03058
1549.46826    0.94201    0.03303
1549.82471    1.03419    0.03624
1550.18127    1.02120    0.03360
1550.53870    1.00538    0.02943
1550.89539    1.00683    0.02866
1551.25305    0.93010    0.03098
1551.60999    0.94405    0.03133
1551.96777    1.02218    0.03194
1552.32471    1.00624    0.03064
1552.68188    0.98582    0.03077
1553.03979    1.07263    0.03155
1553.39709    1.07589    0.02920
1553.75537    1.03144    0.02903
1554.11292    1.03033    0.03439
1554.47119    1.06975    0.05659
1554.82874    1.04079    0.10136
1555.18640    0.95234    0.06900
1555.54517    0.98444    0.03878
1555.90295    0.99310    0.03139
1556.26172    0.97790    0.03640
1556.61975    1.02863    0.04705
1556.97876    1.00736    0.04567
1557.33691    1.01721    0.03574
1557.69519    0.97848    0.03159
1558.05444    1.01807    0.03177
1558.41272    1.05825    0.03149
1558.77222    0.99780    0.03315
1559.13074    1.08488    0.04004
1559.49023    1.03798    0.04232
1559.84900    1.01199    0.03646
1560.20789    0.99629    0.03430
1560.56763    0.99250    0.04035
1560.92664    1.01160    0.04423
1561.28662    0.96872    0.03874
1561.64575    1.03039    0.03396
1562.00586    0.98209    0.03266
1562.36523    0.93991    0.03336
1562.72473    0.98998    0.03684
1563.08496    1.03838    0.04843
1563.44458    0.99069    0.07027
1563.80518    1.05662    0.06761
1564.16479    0.92703    0.04465
1564.52551    0.90695    0.03303
1564.88550    0.98994    0.03274
1565.24548    0.94428    0.03337
1565.60645    0.99139    0.03448
1565.96667    0.95206    0.04089
1566.32776    0.93612    0.05226
1566.68799    0.97263    0.05183
1567.04932    0.99475    0.03955
1567.40979    0.96370    0.03639
1567.77039    0.97286    0.03565
1568.13196    1.01312    0.03741
1568.49268    1.01933    0.05386
1568.85437    1.01720    0.08234
1569.21521    0.96831    0.08218
1569.57715    0.88520    0.05769
1569.93823    0.97233    0.03839
1570.29932    0.99413    0.03700
1570.66150    1.00197    0.03677
1571.02283    0.97741    0.03584
1571.38501    0.97725    0.03605
1571.74658    1.02824    0.03659
1572.10901    0.96052    0.03634
1572.47070    0.98795    0.04176
1572.83240    0.99147    0.05322
1573.19507    0.96509    0.05761
1573.55701    0.95496    0.04479
1573.91992    0.98078    0.03796
1574.28198    1.01194    0.04175
1574.64490    0.99588    0.05073
1575.00720    1.04175    0.07538
1575.37036    1.08552    0.10042
1575.73279    0.97600    0.09743
1576.09534    0.83240    0.05987
1576.45874    1.10279    0.06049
1576.82141    0.99836    0.07056
1577.18506    0.89441    0.07020
1577.54785    0.95967    0.04462
1577.91162    1.05945    0.04541
1578.27466    1.02868    0.05728
1578.63770    0.96310    0.07086
1579.00171    1.07199    0.07584
1579.36499    1.06309    0.06073
1579.72925    0.98563    0.04333
1580.09265    0.98840    0.04657
1580.45703    1.06396    0.05804
1580.82056    1.02781    0.07453
1581.18420    1.00139    0.06855
1581.54883    0.97684    0.05119
1581.91260    0.96906    0.04285
1582.27747    1.03188    0.05388
1582.64148    1.10424    0.07282
1583.00647    0.96425    0.07901
1583.37061    0.96140    0.05149
1583.73486    1.01909    0.04228
1584.09998    1.02260    0.04033
1584.46448    0.97287    0.03936
1584.82983    0.94037    0.03843
1585.19446    0.94465    0.03867
1585.55994    0.96211    0.04007
1585.92468    1.00161    0.04113
1586.28955    1.03014    0.04095
1586.65540    1.11879    0.04511
1587.02039    1.25934    0.07748
1587.38635    1.15456    0.14744
1587.75159    1.03799    0.12536
1588.11768    0.98288    0.08876
1588.48291    1.00991    0.06313
1588.84839    1.05864    0.09247
1589.21484    1.02962    0.10278
1589.58044    0.93188    0.05629
1589.94690    0.97401    0.04267
1590.31274    1.00384    0.04278
1590.67944    1.02808    0.05601
1591.04541    1.02667    0.07660
1591.41138    0.98183    0.06389
1591.77832    1.01854    0.04544
1592.14453    0.95938    0.03893
1592.51172    1.03039    0.03895
1592.87805    1.05282    0.04007
1593.24536    1.01364    0.04014
1593.61182    1.04627    0.04256
1593.97839    1.01295    0.04611
1594.34607    1.05778    0.05836
1594.71289    1.09074    0.06724
1595.08057    1.09050    0.05915
1595.44751    1.04974    0.04391
1595.81543    0.99372    0.03951
1596.18250    1.02535    0.03903
1596.54968    1.03771    0.03973
1596.91785    1.05102    0.04292
1597.28528    1.14884    0.06862
1597.65356    1.18224    0.13578
1598.02112    1.00996    0.13003
1598.38965    0.95041    0.07277
1598.75732    1.06679    0.04666
1599.12512    1.04050    0.04176
1599.49390    0.97399    0.04102
1599.86194    0.98821    0.04404
1600.23083    1.07844    0.05623
1600.59888    1.20393    0.09555
1600.96802    1.06909    0.08414
1601.33630    1.03091    0.06113
1601.70471    1.05269    0.04871
1602.07397    1.02241    0.04853
1602.44263    1.01251    0.04245
1602.81213    1.15939    0.05189
1603.18079    1.05107    0.10385
1603.55054    1.00509    0.23867
1603.91943    1.08799    0.12881
1604.28931    1.10482    0.05661
1604.65833    0.97520    0.04208
1605.02747    1.01182    0.04131
1605.39771    1.01720    0.04036
1605.76685    1.00582    0.03985
1606.13721    0.97745    0.03926
1606.50671    0.99548    0.03906
1606.87720    0.99908    0.03883
1607.24683    0.70716    0.04378
1607.61658    0.85143    0.07048
1607.98730    1.07182    0.07515
1608.35718    1.11317    0.04882
1608.72803    1.04889    0.04476
1609.09814    1.05790    0.04499
1609.46924    1.09765    0.06218
1609.83948    1.04117    0.11799
1610.20984    1.05309    0.10899
1610.58118    1.03189    0.08566
1610.95166    1.02750    0.05327
1611.32312    1.09566    0.04409
1611.69385    0.91525    0.04052
1612.06555    0.89824    0.03880
1612.43628    0.91131    0.03837
1612.80725    0.98769    0.03902
1613.17920    1.07467    0.04055
1613.55029    1.03648    0.04145
1613.92236    0.96792    0.04118
1614.29358    1.07274    0.04280
1614.66589    1.07876    0.04776
1615.03735    1.04751    0.05982
1615.40894    1.01419    0.06123
1615.78137    0.91999    0.04900
1616.15308    0.87808    0.03900
1616.52576    1.01596    0.04132
1616.89771    1.02008    0.06310
1617.27051    1.09934    0.08497
1617.64258    1.15573    0.07017
1618.01465    0.98601    0.04767
1618.38782    1.06439    0.04107
1618.76013    0.98440    0.03945
1619.13342    1.00801    0.03897
1619.50586    1.03433    0.04033
1619.87927    1.02315    0.04131
1620.25195    1.05706    0.04340
1620.62476    1.03151    0.04296
1620.99841    1.03569    0.04011
1621.37134    1.01511    0.04058
1621.74524    1.02544    0.04176
1622.11829    1.04468    0.04274
1622.49243    1.01263    0.04020
1622.86560    1.01945    0.03971
1623.23901    0.98924    0.04326
1623.61328    1.00040    0.04822
1623.98669    1.00314    0.04840
1624.36133    1.00712    0.04124
1624.73499    1.05119    0.04203
1625.10962    1.02588    0.05035
1625.48340    1.00014    0.05710
1625.85742    1.01034    0.05170
1626.23242    1.02914    0.04206
1626.60645    1.01722    0.04006
1626.98157    0.98514    0.04016
1627.35583    1.01307    0.04127
1627.73108    1.04748    0.04074
1628.10559    1.02606    0.03959
1628.48010    1.03316    0.03955
1628.85571    1.05788    0.04016
1629.23035    1.03937    0.04016
1629.60608    1.06759    0.04002
1629.98083    0.97977    0.03972
1630.35681    1.03313    0.04045
1630.73181    1.02509    0.04086
1631.10779    0.99084    0.04040
1631.48315    1.10487    0.04216
1631.85840    1.02472    0.04198
1632.23474    0.97862    0.04188
1632.61023    1.00236    0.04570
1632.98669    0.96634    0.04553
1633.36243    0.93981    0.04241
1633.73901    1.04106    0.04184
1634.11487    1.04044    0.04702
1634.49084    1.07642    0.04879
1634.86768    0.97751    0.04340
1635.24377    0.96107    0.04028
1635.62085    1.03078    0.04108
1635.99707    0.98801    0.04048
1636.37439    0.98770    0.04052
1636.75085    1.08834    0.04132
1637.12744    1.03506    0.04170
1637.50488    0.99653    0.04401
1637.88159    1.03676    0.04630
1638.25928    1.02847    0.04500
1638.63611    1.02491    0.04523
1639.01404    1.04943    0.04175
1639.39111    1.06489    0.04175
1639.76819    1.01433    0.04067
1640.14636    0.95749    0.04062
1640.52368    0.98759    0.04267
1640.90198    1.02117    0.04391
1641.27954    1.04507    0.04416
1641.65796    1.01918    0.04345
1642.03564    1.00457    0.04378
1642.41333    1.01320    0.04528
1642.79211    1.01434    0.04573
1643.17004    1.05134    0.04583
1643.54883    1.04936    0.04655
1643.92712    1.13005    0.04839
1644.30615    1.08688    0.05236
1644.68433    0.98731    0.04459
1645.06274    1.04818    0.04384
1645.44202    0.97839    0.04266
1645.82068    0.87691    0.03957
1646.20020    0.88906    0.04302
1646.57886    0.95817    0.04035
1646.95850    0.98835    0.04032
1647.33752    0.97386    0.04050
1647.71631    1.00134    0.04088
1648.09631    0.99966    0.04130
1648.47559    0.99137    0.04106
1648.85559    0.99437    0.04038
1649.23499    0.98185    0.04046
1649.61536    0.94283    0.03967
1649.99475    0.94606    0.04121
