1410.01270    0.99377    0.10773
1410.33716    1.20711    0.11464
1410.66235    1.27691    0.11662
1410.98682    1.03137    0.10936
1411.31213    1.13843    0.11024
1411.63672    1.03843    0.11069
1411.96240    0.96319    0.10896
1412.28723    1.27448    0.11245
1412.61206    1.30588    0.11845
1412.93787    1.08429    0.11547
1413.26294    1.04993    0.11163
1413.58875    1.04353    0.11271
1413.91406    0.92779    0.11276
1414.23999    1.00317    0.11179
1414.56531    1.14759    0.11125
1414.89087    0.99824    0.11009
1415.21692    0.86671    0.10789
1415.54260    0.99680    0.10858
1415.86914    1.11007    0.10919
1416.19470    1.14809    0.10849
1416.52136    1.16303    0.10655
1416.84717    0.84208    0.10406
1417.17322    0.97539    0.10378
1417.49988    0.94826    0.10392
1417.82605    0.95983    0.10529
1418.15295    1.32927    0.11068
1418.47913    1.22013    0.11245
1418.80627    0.87062    0.10867
1419.13281    0.97601    0.10891
1419.45996    1.14054    0.10853
1419.78662    1.06575    0.10764
1420.11316    0.93658    0.10717
1420.44067    0.94055    0.10689
1420.76733    1.24652    0.10705
1421.09497    0.95850    0.10715
1421.42200    0.94542    0.10487
1421.74976    1.00921    0.10435
1422.07678    0.96944    0.10245
1422.40393    0.84198    0.10358
1422.73181    0.80433    0.10381
1423.05920    0.97987    0.10451
1423.38733    1.17909    0.10587
1423.71484    0.93267    0.10381
1424.04309    0.94193    0.10194
1424.37073    1.00566    0.10089
1424.69836    1.03677    0.10614
1425.02698    0.86706    0.10619
1425.35486    1.23715    0.10986
1425.68347    1.10043    0.10522
1426.01147    0.93685    0.10190
1426.34021    1.06044    0.10201
1426.66833    0.85574    0.10129
1426.99646    0.94727    0.10194
1427.32568    1.02764    0.10153
1427.65393    0.67784    0.09936
1427.98328    0.83391    0.10002
1428.31177    1.03592    0.10281
1428.64099    0.98400    0.10380
1428.96985    0.84835    0.10189
1429.29846    0.83707    0.10118
1429.62805    0.90162    0.09892
1429.95691    0.79263    0.09902
1430.28674    0.59545    0.09559
1430.61560    0.80277    0.09633
1430.94568    0.92000    0.09817
1431.27478    0.87402    0.09991
1431.60400    1.11454    0.10250
1431.93420    0.81627    0.10108
1432.26367    0.91378    0.10123
1432.59399    1.02964    0.10160
1432.92346    1.08934    0.10189
1433.25391    0.99730    0.10025
1433.58362    0.94192    0.10074
1433.91345    1.02988    0.10022
1434.24414    0.99299    0.09820
1434.57410    0.98852    0.09687
1434.90479    1.10568    0.09601
1435.23499    0.74492    0.09501
1435.56592    0.94753    0.09839
1435.89600    1.11174    0.10127
1436.22656    0.79817    0.10112
1436.55762    0.89774    0.10119
1436.88806    1.12834    0.10085
1437.21948    1.08580    0.09905
1437.55017    0.99786    0.09820
1437.88159    0.91039    0.09980
1438.21240    0.75765    0.09934
1438.54321    0.93924    0.10111
1438.87500    0.92469    0.10001
1439.20593    1.02510    0.09809
1439.53784    1.07128    0.09798
1439.86902    0.78188    0.09568
1440.20093    0.78865    0.09542
1440.53247    0.74088    0.09365
1440.86377    0.86571    0.09694
1441.19604    0.95121    0.09885
1441.52759    0.80604    0.10025
1441.85986    1.12764    0.10219
1442.19165    0.96227    0.10072
1442.52429    0.80340    0.10024
1442.85608    1.02959    0.10265
1443.18799    0.89475    0.10307
1443.52075    0.86324    0.10557
1443.85291    0.79145    0.10143
1444.18591    0.99168    0.09943
1444.51794    0.93518    0.09618
1444.85107    0.76636    0.09672
1445.18359    0.82093    0.09977
1445.51685    0.76892    0.09999
1445.84924    0.87744    0.10182
1446.18188    0.81596    0.09848
1446.51550    0.99087    0.09638
1446.84827    1.10048    0.09737
1447.18188    0.75536    0.09563
1447.51477    0.79801    0.09479
1447.84863    1.00999    0.09631
1448.18176    0.88980    0.09690
1448.51477    0.85348    0.09647
1448.84875    0.93402    0.09654
1449.18225    0.90504    0.09688
1449.51636    0.96937    0.09612
1449.84973    0.67547    0.09216
1450.18408    0.83852    0.09191
1450.51782    0.79492    0.09267
1450.85144    0.88814    0.09329
1451.18604    0.80791    0.09368
1451.51978    0.48597    0.09403
1451.85461    0.54298    0.09587
1452.18848    0.67815    0.09717
1452.52344    0.68802    0.09536
1452.85754    0.61955    0.09286
1453.19177    0.45467    0.09119
1453.52686    0.57777    0.09167
1453.86133    0.57940    0.09286
1454.19641    0.63309    0.09472
1454.53101    0.73045    0.09449
1454.86646    0.54048    0.09362
1455.20105    0.69515    0.09285
1455.53589    0.74879    0.09162
1455.87158    0.70962    0.09554
1456.20654    0.72878    0.09451
1456.54236    0.75830    0.08818
1456.87744    0.69402    0.09036
1457.21338    0.51584    0.09178
1457.54858    0.43667    0.09515
1457.88391    0.71224    0.09628
1458.21997    0.62588    0.09374
1458.55554    0.66240    0.09076
1458.89185    0.67826    0.08771
1459.22742    0.78969    0.08604
1459.56396    0.65093    0.08397
1459.89978    0.51787    0.08384
1460.23547    0.72040    0.08646
1460.57227    0.90700    0.08835
1460.90833    0.89180    0.08874
1461.24512    0.78343    0.08800
1461.58142    0.49586    0.08662
1461.91833    0.80812    0.09138
1462.25476    0.95207    0.09251
1462.59106    0.86675    0.08779
1462.92847    0.79882    0.08666
1463.26489    0.70989    0.09128
1463.60229    0.62445    0.09221
1463.93909    0.83443    0.09547
1464.27661    0.95062    0.09968
1464.61340    0.76239    0.09530
1464.95044    0.66525    0.09363
1465.28821    0.65566    0.09114
1465.62524    0.76733    0.09090
1465.96326    0.71585    0.09158
1466.30042    0.79869    0.09495
1466.63855    0.89159    0.09665
1466.97595    0.98724    0.09519
1467.31360    0.82777    0.09056
1467.65186    0.78758    0.08925
1467.98962    0.74702    0.08859
1468.32800    0.72551    0.08959
1468.66577    0.72820    0.09424
1469.00452    0.70010    0.09515
1469.34241    0.88271    0.09191
1469.68042    0.85403    0.09132
1470.01941    0.87949    0.09130
1470.35742    0.83703    0.09175
1470.69653    0.95422    0.09176
1471.03491    0.79372    0.09156
1471.37415    0.76085    0.09062
1471.71265    0.96137    0.09128
1472.05200    0.87133    0.08943
1472.39062    0.69712    0.08717
1472.72937    0.78538    0.08560
1473.06897    0.82862    0.08631
1473.40784    0.80433    0.08636
1473.74756    1.04830    0.08893
1474.08667    0.75366    0.09097
1474.42651    0.73406    0.09074
1474.76575    0.69387    0.08974
1475.10510    0.78301    0.09002
1475.44507    0.88550    0.09053
1475.78455    0.91648    0.09013
1476.12488    0.81017    0.08863
1476.46448    0.79523    0.08823
1476.80493    0.89895    0.08958
1477.14465    0.90611    0.08951
1477.48450    0.92826    0.08927
1477.82532    0.98310    0.09080
1478.16516    0.82023    0.09101
1478.50610    0.94857    0.09426
1478.84619    1.02368    0.10549
1479.18726    0.93314    0.12325
1479.52747    0.90620    0.13385
1479.86792    0.92137    0.12666
1480.20911    0.96985    0.10799
1480.54968    0.97176    0.09585
1480.89111    1.05878    0.09270
1481.23169    1.08752    0.09315
1481.57324    0.83759    0.09268
1481.91406    0.84299    0.09223
1482.25500    0.82553    0.09037
1482.59692    0.71605    0.08813
1482.93799    0.77945    0.08832
1483.27991    0.93955    0.09036
1483.62109    0.98412    0.09131
1483.96313    1.09345    0.09198
1484.30457    0.91274    0.08894
1484.64612    0.59059    0.08440
1484.98828    0.57325    0.08451
1485.33008    0.69550    0.08666
1485.67249    0.58072    0.08797
1486.01440    0.48139    0.08854
1486.35693    0.75578    0.09040
1486.69897    0.87635    0.09062
1487.04089    0.86422    0.08832
1487.38391    0.92243    0.08634
1487.72595    0.96336    0.08412
1488.06909    1.03990    0.08516
1488.41138    0.92861    0.08469
1488.75464    0.92591    0.08448
1489.09705    0.78249    0.08540
1489.43958    0.86958    0.08498
1489.78320    1.06948    0.08522
1490.12585    0.80990    0.08373
1490.46948    1.05746    0.08524
1490.81226    0.98326    0.08534
1491.15625    0.70434    0.08574
1491.49927    1.13702    0.08886
1491.84229    0.91453    0.08795
1492.18640    0.90244    0.08659
1492.52954    1.04837    0.08577
1492.87378    1.05271    0.08660
1493.21716    1.02660    0.08535
1493.56152    0.94372    0.08540
1493.90515    0.97911    0.08627
1494.24878    1.01916    0.08539
1494.59338    0.84342    0.08351
1494.93726    1.03662    0.08456
1495.28198    1.05181    0.08586
1495.62585    0.97620    0.08986
1495.97070    0.98161    0.09110
1496.31494    1.09317    0.08779
1496.65918    0.88142    0.08615
1497.00439    1.03708    0.08518
1497.34875    0.90980    0.08540
1497.69397    0.95587    0.08634
1498.03845    0.99447    0.08567
1498.38391    1.07045    0.08601
1498.72864    1.28611    0.08619
1499.07434    0.90608    0.08429
1499.41919    1.05157    0.08519
1499.76404    1.00741    0.08606
1500.10999    1.04117    0.08800
1500.45496    0.97216    0.08943
1500.80103    1.16176    0.08893
1501.14624    1.13305    0.08776
1501.49243    1.07665    0.08545
1501.83777    0.97433    0.08647
1502.18335    1.01759    0.08624
1502.52966    1.00656    0.08446
1502.87537    0.94930    0.08408
1503.22192    0.98017    0.08350
1503.56787    0.85671    0.08377
1503.91455    0.81809    0.08463
1504.26038    0.72596    0.08446
1504.60645    0.93291    0.08493
1504.95349    1.02924    0.08394
1505.29968    1.05189    0.08122
1505.64685    1.00426    0.07971
1505.99329    0.96413    0.08190
1506.34045    0.99336    0.08461
1506.68701    0.93659    0.08585
1507.03369    0.95123    0.08546
1507.38098    0.95136    0.08193
1507.72791    0.92320    0.08012
1508.07556    1.03734    0.08143
1508.42249    0.91193    0.08110
1508.77026    0.92979    0.08263
1509.11731    1.10099    0.08335
1509.46460    0.84982    0.08090
1509.81274    0.88764    0.08070
1510.15991    0.99758    0.08170
1510.50830    0.93602    0.08085
1510.85571    1.01799    0.08157
1511.20422    0.97110    0.08162
1511.55176    0.91162    0.08154
1511.89954    0.90419    0.07849
1512.24805    1.03419    0.07884
1512.59595    1.16820    0.07849
1512.94482    0.94165    0.07800
1513.29285    1.03396    0.07832
1513.64185    0.96196    0.07867
1513.99011    1.14228    0.08056
1514.33838    1.23293    0.08035
1514.68762    0.89651    0.07888
1515.03601    1.15017    0.08039
1515.38525    1.23478    0.08108
1515.73401    1.01507    0.07928
1516.08350    0.91302    0.07689
1516.43225    1.05945    0.07648
1516.78101    1.10114    0.07578
1517.13086    0.98788    0.07549
1517.47998    0.97303    0.07501
1517.82983    0.92558    0.07665
1518.17896    1.02226    0.07785
1518.52917    1.01070    0.07921
1518.87854    1.11186    0.07984
1519.22791    1.12199    0.07988
1519.57825    1.08875    0.07888
1519.92773    1.01433    0.07752
1520.27820    0.89831    0.07392
1520.62805    0.98707    0.07345
1520.97864    1.04764    0.07261
1521.32861    1.12461    0.07381
1521.67847    1.11144    0.07387
1522.02942    1.00431    0.07416
1522.37964    1.18233    0.07453
1522.73071    1.21569    0.07448
1523.08105    1.05118    0.07236
1523.43213    0.92013    0.07169
1523.78271    0.87096    0.07096
1524.13318    0.92465    0.07293
1524.48450    1.09904    0.07380
1524.83545    1.08580    0.07166
1525.18689    1.13682    0.07212
1525.53772    1.17811    0.07203
1525.88953    1.09614    0.07159
1526.24060    1.01827    0.07059
1526.59265    1.08583    0.06975
1526.94373    1.20733    0.07097
1527.29517    1.14357    0.07134
1527.64734    0.95475    0.07065
1527.99866    1.13121    0.07097
1528.35095    1.04372    0.06934
1528.70264    1.11447    0.06854
1529.05518    1.14463    0.06798
1529.40686    0.96118    0.06731
1529.75867    0.96888    0.06727
1530.11145    1.15104    0.06844
1530.46350    0.95860    0.06678
1530.81653    0.93660    0.06707
1531.16870    1.13209    0.06762
1531.52161    1.14002    0.06705
1531.87402    1.07175    0.06455
1532.22632    1.04628    0.06316
1532.57959    0.96233    0.06287
1532.93225    0.99833    0.06287
1533.28577    1.17195    0.06352
1533.63843    1.03163    0.06170
1533.99219    0.96945    0.06063
1534.34497    1.11228    0.06068
1534.69800    1.03510    0.06047
1535.05200    1.00101    0.05926
1535.40515    0.90715    0.05857
1535.75916    0.91855    0.05833
1536.11243    0.98950    0.05866
1536.46655    0.94857    0.05750
1536.82007    0.83675    0.05647
1537.17358    0.74712    0.05564
1537.52808    0.70068    0.05466
1537.88171    0.75177    0.05497
1538.23645    0.84915    0.05558
1538.59045    1.05386    0.05589
1538.94507    0.96170    0.05523
1539.29919    0.87408    0.05417
1539.65320    0.97045    0.05403
1540.00830    0.80531    0.05345
1540.36255    1.00797    0.05345
1540.71777    0.95155    0.05322
1541.07214    1.00051    0.05330
1541.42761    1.13430    0.05445
1541.78210    1.06777    0.05463
1542.13696    1.04425    0.05501
1542.49243    1.09882    0.05481
1542.84729    1.01394    0.05369
1543.20312    1.11854    0.05389
1543.55811    1.12590    0.05362
1543.91406    1.16530    0.05360
1544.26917    1.08802    0.05443
1544.62451    0.89953    0.05392
1544.98071    1.13158    0.05292
1545.33618    1.09953    0.05309
1545.69250    1.03901    0.05285
1546.04810    1.14406    0.05366
1546.40454    1.20306    0.05449
1546.76025    1.16661    0.05420
1547.11621    1.15786    0.05497
1547.47290    1.10300    0.05404
1547.82886    0.85478    0.05149
1548.18579    0.54628    0.04877
1548.54199    0.35182    0.04720
1548.89905    0.15534    0.04612
1549.25537    0.52994    0.04980
1549.61169    0.86481    0.05316
1549.96924    1.10599    0.05521
1550.32568    1.02997    0.05551
1550.68311    0.78110    0.05365
1551.03992    0.34525    0.05121
1551.39758    0.21842    0.04909
1551.75439    0.34858    0.05060
1552.11243    0.74210    0.05404
1552.46936    1.06624    0.05792
1552.82654    1.10955    0.05919
1553.18469    1.10611    0.06082
1553.54199    1.04870    0.05996
1553.90002    1.09817    0.05961
1554.25757    1.07666    0.06305
1554.61597    1.07456    0.06280
1554.97363    1.08635    0.05964
1555.33142    1.03106    0.05983
1555.69006    1.03755    0.06059
1556.04785    0.91285    0.06084
1556.40674    0.90577    0.06113
1556.76489    1.03729    0.06174
1557.12378    1.10617    0.06176
1557.48193    1.02343    0.06172
1557.84021    0.97833    0.06235
1558.19958    0.99480    0.06351
1558.55798    1.01569    0.06405
1558.91748    1.06786    0.06436
1559.27612    1.03903    0.06348
1559.63562    1.01529    0.06339
1559.99438    0.93948    0.06388
1560.35327    1.05729    0.06502
1560.71313    1.00836    0.06537
1561.07202    0.93664    0.06485
1561.43201    0.87752    0.06414
1561.79138    1.00473    0.06477
1562.15149    0.89548    0.06847
1562.51074    0.96614    0.06953
1562.87024    0.89285    0.07058
1563.23071    0.92913    0.06984
1563.59033    0.99271    0.06643
1563.95093    0.98453    0.06656
1564.31067    0.91796    0.06612
1564.67139    0.80043    0.06562
1565.03125    0.95220    0.06674
1565.39148    0.89752    0.06632
1565.75232    0.98912    0.06685
1566.11255    0.96204    0.06680
1566.47363    0.96392    0.06727
1566.83411    0.94859    0.06797
1567.19531    0.97655    0.06876
1567.55579    0.96195    0.06927
1567.91638    1.01695    0.06826
1568.27808    1.02381    0.06933
1568.63879    0.98190    0.06990
1569.00061    0.89555    0.07125
1569.36145    1.09539    0.07062
1569.72339    1.11999    0.07313
1570.08447    0.95308    0.07196
1570.44580    1.04234    0.06983
1570.80786    0.96795    0.06931
1571.16919    0.99150    0.07042
1571.53149    1.06405    0.07095
1571.89307    1.00286    0.07105
1572.25549    0.99613    0.07183
1572.61731    1.00436    0.07165
1572.97888    0.93460    0.07072
1573.34167    0.90191    0.07128
1573.70361    1.02603    0.07356
1574.06653    0.87953    0.07424
1574.42871    0.89502    0.07302
1574.79175    0.89889    0.07235
1575.15405    1.01838    0.07155
1575.51636    1.07762    0.07069
1575.87964    1.02334    0.07063
1576.24219    1.05054    0.07185
1576.60571    1.03506    0.07367
1576.96838    1.03729    0.07270
1577.33203    0.81450    0.06859
1577.69482    1.07974    0.07273
1578.05774    1.00730    0.07320
1578.42175    0.90726    0.07207
1578.78479    0.98753    0.07183
1579.14893    0.85659    0.07108
1579.51221    0.99789    0.07184
1579.87646    1.12664    0.07226
1580.23987    0.95724    0.07161
1580.60437    0.98485    0.07237
1580.96790    1.06180    0.07294
1581.33154    0.90309    0.07327
1581.69629    0.78979    0.07349
1582.06006    0.86778    0.07295
1582.42480    0.92473    0.07399
1582.78894    0.85625    0.07382
1583.15381    0.79526    0.07262
1583.51819    0.90515    0.07332
1583.88245    1.02209    0.07223
1584.24768    0.94238    0.07176
1584.61206    1.04871    0.07270
1584.97754    0.93438    0.07338
1585.34216    0.95455    0.07443
1585.70776    0.76319    0.07437
1586.07251    1.12256    0.07572
1586.43738    0.97380    0.07463
1586.80322    0.90113    0.07345
1587.16821    0.97950    0.07514
1587.53418    1.06401    0.07708
1587.89941    0.94394    0.07555
1588.26575    1.01066    0.07444
1588.63098    1.02448    0.07411
1588.99646    0.86176    0.07323
1589.36279    0.97194    0.07470
1589.72864    0.89393    0.07590
1590.09521    1.05583    0.07850
1590.46094    1.13701    0.07766
1590.82764    1.25434    0.08305
1591.19360    1.15484    0.08089
1591.55969    0.78597    0.07177
1591.92664    1.10997    0.07422
1592.29285    0.92256    0.07447
1592.66016    0.91726    0.07477
1593.02661    1.01374    0.07445
1593.39380    0.88594    0.07364
1593.76038    0.94717    0.07263
1594.12695    1.02168    0.07308
1594.49451    1.08463    0.07284
1594.86145    1.12538    0.07117
1595.22925    0.95953    0.07072
1595.59619    0.92272    0.07137
1595.96411    1.06353    0.07363
1596.33130    0.94080    0.07276
1596.69861    0.88990    0.07138
1597.06665    0.92263    0.07699
1597.43408    0.95326    0.08070
1597.80249    0.93283    0.07584
1598.17004    1.09792    0.07251
1598.53857    0.99727    0.07329
1598.90637    1.02888    0.07361
1599.27417    1.00172    0.07295
1599.64307    0.87918    0.07173
1600.01099    1.08473    0.07314
1600.37988    0.98684    0.07613
1600.74805    1.01575    0.08034
1601.11719    0.98638    0.07659
1601.48560    0.93119    0.07266
1601.85400    0.96278    0.07364
1602.22339    1.02068    0.07363
1602.59192    1.01016    0.07255
1602.96155    1.02579    0.07203
1603.33032    1.10574    0.07261
1603.70007    0.94845    0.07224
1604.06897    0.97578    0.07182
1604.43787    0.96736    0.07079
1604.80786    1.00513    0.07137
1605.17712    0.92913    0.07179
1605.54724    0.96913    0.07257
1605.91663    0.99179    0.07385
1606.28687    0.98102    0.07327
1606.65637    0.90997    0.07262
1607.02600    0.98747    0.07175
1607.39661    0.93947    0.07128
1607.76648    0.97383    0.07205
1608.13721    0.91327    0.07267
1608.50708    0.89148    0.07400
1608.87805    0.96299    0.07483
1609.24805    1.00415    0.07429
1609.61926    1.06195    0.07333
1609.98950    1.04763    0.07343
1610.35999    0.94107    0.07334
1610.73120    0.98063    0.07363
1611.10168    0.95661    0.07360
1611.47327    0.90883    0.07413
1611.84399    1.00884    0.07402
1612.21570    0.80483    0.07085
1612.58667    1.01736    0.07162
1612.95752    0.95076    0.07268
1613.32947    1.00126    0.07331
1613.70068    0.94008    0.07387
1614.07275    1.04117    0.07327
1614.44409    1.06774    0.07256
1614.81628    1.02425    0.07168
1615.18787    1.10552    0.07180
1615.55945    0.98767    0.07168
1615.93201    0.93492    0.07197
1616.30371    0.90970    0.07243
1616.67639    0.92410    0.07300
1617.04834    1.05779    0.07351
1617.42126    1.01444    0.07317
1617.79333    0.96521    0.07233
1618.16553    1.10591    0.07377
1618.53857    1.04311    0.07438
1618.91089    1.05760    0.07525
1619.28430    0.99029    0.07325
1619.65686    1.07100    0.07272
1620.03027    0.88750    0.07131
1620.40295    1.09058    0.07298
1620.77576    0.99458    0.07405
1621.14941    1.09138    0.07411
1621.52246    0.98766    0.07276
1621.89636    0.85480    0.07178
1622.26941    1.02288    0.07329
1622.64355    1.03442    0.07462
1623.01685    1.10202    0.07463
1623.39026    1.07467    0.07365
1623.76465    0.91169    0.07109
1624.13818    1.02715    0.07140
1624.51270    1.04903    0.07221
1624.88635    0.94040    0.07499
1625.26111    0.91900    0.07427
1625.63501    0.94237    0.07201
1626.00891    1.03741    0.07151
1626.38391    0.96053    0.07173
1626.75793    1.08918    0.07355
1627.13318    1.10849    0.07345
1627.50757    1.14214    0.07207
1627.88269    0.78849    0.07060
1628.25732    1.17888    0.07192
1628.63184    0.96109    0.07029
1629.00732    1.06103    0.07135
1629.38220    1.00101    0.07126
1629.75793    0.99864    0.07076
1630.13281    1.01771    0.07113
1630.50867    1.02593    0.07163
1630.88391    1.10594    0.07233
1631.25891    0.98193    0.07155
1631.63513    0.97636    0.07063
1632.01050    0.95926    0.06946
1632.38684    0.88051    0.06970
1632.76245    0.94207    0.07099
1633.13892    0.94903    0.07069
1633.51465    0.81689    0.06963
1633.89038    1.04622    0.07112
1634.26721    1.17760    0.07541
1634.64307    0.78201    0.07407
1635.02014    0.93046    0.07664
1635.39612    0.94451    0.07669
1635.77332    1.08464    0.07711
1636.14966    1.31954    0.07989
1636.52600    1.15020    0.07591
1636.90344    0.87993    0.07373
1637.27991    0.98680    0.07335
1637.65747    1.07744    0.07259
1638.03418    0.89864    0.07180
1638.41199    0.78908    0.07201
1638.78894    1.07046    0.07357
1639.16675    1.02144    0.07302
1639.54395    1.00267    0.07258
1639.92102    1.00629    0.07235
1640.29919    1.01331    0.07220
1640.67651    1.04832    0.07209
1641.05493    1.00958    0.07232
1641.43237    0.76726    0.07194
1641.81091    0.75878    0.07201
1642.18860    0.95359    0.07284
1642.56653    0.98629    0.07296
1642.94519    1.00126    0.07247
1643.32324    1.00258    0.07210
1643.70203    1.00298    0.07267
1644.08020    1.08361    0.07199
1644.45935    0.89268    0.07180
1644.83765    0.97776    0.07349
1645.21606    1.11188    0.07482
1645.59546    0.90325    0.07398
1645.97400    1.02222    0.07386
1646.35352    0.88110    0.07240
1646.73230    0.87031    0.07436
1647.11206    0.89006    0.07568
1647.49084    0.96878    0.07578
1647.86987    1.04293    0.07435
1648.24988    0.87703    0.07071
1648.62915    0.92620    0.07260
1649.00928    0.83113    0.07357
1649.38867    1.06171    0.07392
1649.76892    0.94062    0.07261
