1410.03406    1.27427    0.07944
1410.35840    1.48730    0.08199
1410.68372    1.52659    0.08348
1411.00818    1.41231    0.08282
1411.33350    1.41812    0.08133
1411.65833    1.38453    0.08038
1411.98303    1.29462    0.07877
1412.30859    1.24283    0.08038
1412.63342    1.26000    0.08189
1412.95923    1.23898    0.07906
1413.28430    1.20046    0.07740
1413.61023    1.31060    0.08008
1413.93542    1.28528    0.08191
1414.26062    1.21392    0.08437
1414.58679    1.23655    0.09506
1414.91211    1.30525    0.10855
1415.23853    1.30863    0.10633
1415.56409    1.25758    0.09455
1415.89050    1.29356    0.08702
1416.21631    1.20272    0.07982
1416.54199    1.29283    0.07982
1416.86865    1.31199    0.08024
1417.19470    1.13128    0.07920
1417.52136    1.19631    0.08062
1417.84753    1.20395    0.07746
1418.17444    1.22914    0.07753
1418.50061    1.14799    0.07637
1418.82776    1.08758    0.07623
1419.15417    1.13450    0.07470
1419.48071    1.10471    0.07513
1419.80811    1.06046    0.07544
1420.13464    1.09183    0.07602
1420.46204    1.18607    0.08006
1420.78894    1.17271    0.08190
1421.11646    1.08282    0.07815
1421.44348    1.18989    0.07931
1421.77051    1.17643    0.07718
1422.09827    1.00117    0.07414
1422.42554    1.00274    0.07415
1422.75342    1.05522    0.07635
1423.08081    1.01858    0.07496
1423.40894    1.09214    0.07423
1423.73633    1.03090    0.07404
1424.06384    0.95079    0.07254
1424.39233    0.96780    0.07322
1424.72009    1.02343    0.07397
1425.04858    0.98791    0.07386
1425.37634    0.88240    0.07139
1425.70496    1.02291    0.07394
1426.03296    0.99235    0.07552
1426.36108    0.98064    0.07433
1426.69006    0.96505    0.07365
1427.01819    0.90739    0.07398
1427.34729    0.98334    0.07373
1427.67566    0.95903    0.07333
1428.00476    0.93321    0.07263
1428.33337    0.93584    0.07276
1428.66199    0.87998    0.07377
1428.99146    0.81526    0.07426
1429.32019    0.91063    0.07191
1429.64978    0.81524    0.07140
1429.97864    0.87923    0.07481
1430.30847    0.95747    0.07507
1430.63745    0.98440    0.07815
1430.96655    0.94113    0.07316
1431.29651    0.79891    0.07139
1431.62585    0.92308    0.07461
1431.95581    0.89000    0.07304
1432.28528    0.90930    0.07159
1432.61560    0.97467    0.07334
1432.94519    0.93677    0.07205
1433.27478    0.84240    0.07034
1433.60535    0.81709    0.07074
1433.93518    0.88087    0.07060
1434.26587    0.88928    0.06960
1434.59570    0.92182    0.07724
1434.92651    0.92406    0.07770
1435.25671    0.68439    0.06971
1435.58691    0.90684    0.07412
1435.91797    0.90421    0.07513
1436.24829    0.88292    0.07503
1436.57947    0.89802    0.07845
1436.90991    0.84735    0.07457
1437.24133    0.82529    0.07289
1437.57178    0.92724    0.07242
1437.90259    0.84337    0.07276
1438.23425    0.89886    0.07191
1438.56494    0.93797    0.07337
1438.89685    0.83804    0.07248
1439.22778    0.94300    0.07214
1439.55969    0.84305    0.07210
1439.89087    0.97089    0.07220
1440.22205    0.97309    0.07151
1440.55420    0.88224    0.07073
1440.88562    0.90106    0.07196
1441.21790    0.87889    0.07379
1441.54944    0.73636    0.07483
1441.88171    0.92916    0.07411
1442.21362    0.98050    0.07488
1442.54529    0.82602    0.07160
1442.87793    0.78016    0.07110
1443.20996    0.92097    0.07203
1443.54260    0.84785    0.07098
1443.87488    0.88681    0.07447
1444.20776    0.62457    0.10572
1444.53992    0.65069    0.20692
1444.87305    0.89647    0.33508
1445.20544    0.12622    0.57123
1445.53796    0.74742    0.67049
1445.87134    0.93344    0.24738
1446.20386    0.88878    0.09926
1446.53735    0.75995    0.07036
1446.87012    0.59667    0.06789
1447.20374    0.79085    0.06829
1447.53674    0.76443    0.06907
1447.86975    0.72469    0.06918
1448.20361    0.71251    0.07259
1448.53687    0.72221    0.07068
1448.87085    0.72306    0.07020
1449.20410    0.67945    0.06790
1449.53833    0.74459    0.06713
1449.87183    0.67074    0.06725
1450.20532    0.80877    0.07103
1450.53979    0.86993    0.07073
1450.87341    0.67701    0.06762
1451.20789    0.80436    0.06889
1451.54175    0.82935    0.07001
1451.87646    0.82087    0.06968
1452.21057    0.89404    0.07691
1452.54468    0.92784    0.07720
1452.87952    0.82126    0.07165
1453.21375    0.75743    0.06863
1453.54883    0.89358    0.07018
1453.88330    0.91814    0.06981
1454.21851    0.98154    0.07182
1454.55322    0.97764    0.07073
1454.88782    0.83356    0.06912
1455.22327    0.85559    0.06968
1455.55798    0.94529    0.07263
1455.89355    0.90459    0.07295
1456.22852    0.85059    0.07052
1456.56445    0.89326    0.07326
1456.89941    0.95406    0.07742
1457.23462    0.87709    0.07659
1457.57068    0.92121    0.07547
1457.90601    0.79911    0.07023
1458.24207    0.75604    0.06916
1458.57764    0.84851    0.06959
1458.91394    0.87633    0.07106
1459.24963    0.74220    0.06952
1459.58533    0.81539    0.06914
1459.92175    0.93798    0.07097
1460.25769    0.92804    0.07158
1460.59448    0.85427    0.07045
1460.93042    0.85912    0.07111
1461.26733    0.90004    0.07445
1461.60352    0.80275    0.07232
1461.93982    0.86478    0.07262
1462.27686    0.86236    0.07165
1462.61328    0.76534    0.07152
1462.95056    0.73511    0.07180
1463.28699    0.81224    0.07059
1463.62451    0.87684    0.07227
1463.96118    0.81849    0.07166
1464.29810    0.79055    0.07024
1464.63562    0.86402    0.07244
1464.97253    0.94574    0.07357
1465.31042    0.91186    0.07051
1465.64758    0.90129    0.07074
1465.98547    0.97929    0.07162
1466.32275    0.97428    0.07338
1466.66016    0.99290    0.07347
1466.99829    1.09285    0.07371
1467.33569    1.01537    0.07387
1467.67419    1.04342    0.07388
1468.01184    0.97944    0.07428
1468.35034    1.02431    0.07492
1468.68811    1.00056    0.07542
1469.02600    0.84444    0.07627
1469.36475    1.02077    0.07996
1469.70276    1.08107    0.08453
1470.04163    1.08499    0.08169
1470.37976    0.94946    0.07880
1470.71887    0.95634    0.07642
1471.05725    1.14959    0.08047
1471.39648    0.99297    0.08077
1471.73486    1.07635    0.08185
1472.07349    0.95107    0.07891
1472.41296    0.90838    0.08097
1472.75171    0.90693    0.08306
1473.09119    0.80000    0.08489
1473.43018    0.85504    0.08663
1473.76990    0.96749    0.09065
1474.10901    0.90411    0.09159
1474.44812    0.90964    0.09817
1474.78821    0.87411    0.08502
1475.12744    0.70414    0.08005
1475.46765    0.72839    0.07706
1475.80701    0.59603    0.07287
1476.14734    0.63414    0.07296
1476.48682    0.66038    0.07533
1476.82654    0.66138    0.07429
1477.16699    0.74246    0.07553
1477.50696    0.78811    0.07422
1477.84766    0.67025    0.07257
1478.18762    0.69329    0.07069
1478.52844    0.71145    0.06876
1478.86865    0.68603    0.07105
1479.20874    0.71375    0.07139
1479.54993    0.80602    0.07255
1479.89026    0.90407    0.07574
1480.23157    0.81419    0.07594
1480.57214    0.73089    0.07399
1480.91357    0.70898    0.07326
1481.25415    0.76234    0.07433
1481.59485    0.93523    0.07473
1481.93652    0.61732    0.07022
1482.27747    0.67438    0.07186
1482.61926    0.68966    0.07013
1482.96033    0.58729    0.06977
1483.30225    0.58388    0.06938
1483.64355    0.52708    0.06887
1483.98486    0.53062    0.06820
1484.32703    0.61978    0.07077
1484.66846    0.56957    0.07016
1485.01099    0.45921    0.06796
1485.35254    0.50184    0.06677
1485.69507    0.59021    0.06693
1486.03687    0.35845    0.06581
1486.37866    0.46384    0.06869
1486.72144    0.43980    0.06369
1487.06348    0.28565    0.06483
1487.40637    0.32694    0.06530
1487.74866    0.39731    0.06561
1488.09167    0.32244    0.06362
1488.43396    0.32190    0.06283
1488.77649    0.34187    0.06419
1489.11963    0.35143    0.06483
1489.46216    0.34870    0.06359
1489.80579    0.27340    0.06300
1490.14844    0.22663    0.06092
1490.49207    0.21673    0.05982
1490.83496    0.35663    0.06356
1491.17798    0.45691    0.06606
1491.52185    0.34463    0.06711
1491.86487    0.26354    0.06439
1492.20898    0.25383    0.06254
1492.55212    0.20552    0.06465
1492.89636    0.28653    0.06347
1493.23987    0.29822    0.06235
1493.58337    0.12874    0.06074
1493.92773    0.22793    0.06357
1494.27148    0.31910    0.06818
1494.61609    0.25821    0.07000
1494.95984    0.25617    0.07690
1495.30457    0.25321    0.07269
1495.64856    0.17183    0.06638
1495.99268    0.24310    0.06345
1496.33765    0.17657    0.06274
1496.68188    0.14538    0.06046
1497.02698    0.28600    0.06398
1497.37146    0.37020    0.06552
1497.71667    0.24318    0.06130
1498.06128    0.23083    0.06117
1498.40674    0.27395    0.06167
1498.75146    0.28807    0.06287
1499.09619    0.30869    0.06396
1499.44189    0.26888    0.06766
1499.78687    0.19092    0.06694
1500.13269    0.30469    0.07251
1500.47778    0.30918    0.07960
1500.82373    0.37679    0.07207
1501.16907    0.41521    0.06905
1501.51440    0.39476    0.06865
1501.86060    0.37749    0.06475
1502.20605    0.37837    0.06506
1502.55261    0.41560    0.06699
1502.89819    0.34177    0.06625
1503.24475    0.39488    0.06726
1503.59058    0.49057    0.06935
1503.93652    0.42809    0.06758
1504.28320    0.35970    0.06560
1504.62939    0.29153    0.06576
1504.97620    0.33658    0.06359
1505.32251    0.41328    0.06508
1505.66956    0.45765    0.06785
1506.01599    0.46931    0.06770
1506.36243    0.45511    0.06876
1506.70984    0.42792    0.06667
1507.05640    0.44014    0.06765
1507.40393    0.51123    0.07099
1507.75073    0.49606    0.06904
1508.09839    0.39324    0.06731
1508.44531    0.56937    0.07118
1508.79236    0.88814    0.07374
1509.14038    0.78757    0.07059
1509.48743    0.89182    0.07325
1509.83557    1.01780    0.07482
1510.18286    0.82212    0.07196
1510.53113    1.00658    0.07388
1510.87854    1.07034    0.07647
1511.22620    1.07376    0.07702
1511.57471    1.05563    0.07353
1511.92236    1.03072    0.07459
1512.27112    1.00302    0.07392
1512.61902    0.93840    0.07171
1512.96777    0.81788    0.07027
1513.31580    0.88239    0.06901
1513.66394    1.04358    0.07293
1514.01306    1.13694    0.07347
1514.36133    1.04147    0.07175
1514.71045    0.80085    0.06898
1515.05896    0.90019    0.07048
1515.40845    0.74439    0.06722
1515.75696    0.74874    0.06588
1516.10571    0.97330    0.06942
1516.45520    1.10033    0.07131
1516.80408    1.12427    0.07121
1517.15393    1.11816    0.07032
1517.50293    1.16456    0.07020
1517.85278    1.20859    0.07060
1518.20215    1.20266    0.07036
1518.55127    1.15265    0.06904
1518.90149    1.11188    0.06935
1519.25098    1.17414    0.06791
1519.60120    1.16581    0.07433
1519.95081    1.13553    0.07893
1520.30127    1.10112    0.07580
1520.65100    1.04581    0.07329
1521.00085    1.02617    0.06704
1521.35168    1.01249    0.06451
1521.70166    0.90776    0.06209
1522.05249    0.86201    0.06119
1522.40259    0.91347    0.06057
1522.75366    0.94888    0.06007
1523.10413    0.92225    0.05805
1523.45435    1.07189    0.05820
1523.80566    1.01106    0.05729
1524.15637    1.01563    0.05724
1524.50769    1.08808    0.05679
1524.85840    1.03579    0.05711
1525.21008    0.99071    0.06269
1525.56104    0.97361    0.08374
1525.91272    0.94181    0.12023
1526.26367    1.02947    0.12738
1526.61487    1.05766    0.09974
1526.96692    0.90964    0.08370
1527.31824    0.96238    0.07891
1527.67041    0.97864    0.10438
1528.02185    0.99404    0.09374
1528.37415    0.94970    0.06434
1528.72583    0.96849    0.05278
1529.07751    1.08754    0.04970
1529.43005    1.01544    0.04897
1529.78186    1.07223    0.04979
1530.13464    0.98766    0.04831
1530.48669    0.89435    0.04806
1530.83960    0.89234    0.04621
1531.19177    0.94264    0.04440
1531.54407    1.00227    0.04504
1531.89709    1.00143    0.04471
1532.24963    0.98233    0.04570
1532.60291    0.98250    0.04770
1532.95544    0.98508    0.04896
1533.30908    0.96545    0.04438
1533.66174    0.96426    0.04244
1534.01453    1.04241    0.04261
1534.36829    1.03198    0.04315
1534.72131    1.00824    0.04336
1535.07520    1.06312    0.04465
1535.42834    1.10321    0.04361
1535.78247    0.94609    0.04099
1536.13574    1.03867    0.04099
1536.48901    1.02544    0.04047
1536.84338    0.97872    0.04215
1537.19702    0.95055    0.04348
1537.55139    0.91845    0.04235
1537.90515    0.98145    0.04093
1538.25977    1.07344    0.04010
1538.61365    1.09455    0.03987
1538.96765    1.04700    0.03916
1539.32251    1.01414    0.03819
1539.67651    1.03827    0.03758
1540.03162    1.03988    0.03794
1540.38599    1.07732    0.03872
1540.74121    1.10545    0.03945
1541.09558    1.05210    0.03876
1541.45007    1.00403    0.03635
1541.80554    1.02229    0.03726
1542.16028    0.95149    0.03731
1542.51587    0.99327    0.03917
1542.87073    0.90847    0.03876
1543.22644    0.89193    0.03599
1543.58154    0.95225    0.03532
1543.93665    0.95695    0.03523
1544.29260    1.00905    0.03596
1544.64795    1.01644    0.03581
1545.00403    0.99611    0.03562
1545.35950    0.93332    0.03685
1545.71594    0.93827    0.03721
1546.07153    1.01834    0.03572
1546.42712    0.90167    0.03517
1546.78369    1.01503    0.03739
1547.13953    1.11003    0.03820
1547.49634    1.09544    0.03752
1547.85242    1.08101    0.03731
1548.20923    1.11134    0.03872
1548.56555    1.01028    0.03866
1548.92175    1.04291    0.03931
1549.27881    1.05330    0.03891
1549.63538    1.04322    0.03935
1549.99255    1.04243    0.03980
1550.34924    1.05062    0.04002
1550.70667    1.07056    0.04065
1551.06348    1.00774    0.04076
1551.42029    1.04489    0.04152
1551.77808    1.05288    0.04215
1552.13501    1.01665    0.04243
1552.49292    1.02260    0.04531
1552.84998    0.98901    0.04563
1553.20813    1.08739    0.04790
1553.56555    1.00459    0.04826
1553.92383    0.95226    0.04703
1554.28113    0.97811    0.04844
1554.63879    0.94306    0.05032
1554.99731    0.96625    0.04921
1555.35498    0.92050    0.05018
1555.71362    0.91083    0.05093
1556.07153    0.88675    0.05097
1556.43030    0.89823    0.05059
1556.78845    0.97556    0.05147
1557.14661    0.88846    0.05229
1557.50562    0.89081    0.05339
1557.86401    0.99088    0.05479
1558.22327    0.96294    0.05438
1558.58167    0.85950    0.05379
1558.94104    0.88429    0.05508
1559.29968    0.94698    0.05717
1559.65845    1.07947    0.05890
1560.01807    0.89670    0.05782
1560.37695    0.87573    0.05934
1560.73669    1.01476    0.06121
1561.09583    0.97340    0.06091
1561.45569    1.06565    0.06377
1561.81506    1.03991    0.06523
1562.17432    1.02860    0.06379
1562.53455    1.05682    0.06517
1562.89392    1.06253    0.06784
1563.25439    1.04093    0.06680
1563.61401    1.10025    0.06666
1563.97449    1.10910    0.06712
1564.33435    1.16501    0.06678
1564.69421    1.17883    0.06819
1565.05505    1.06385    0.06760
1565.41504    0.95936    0.06837
1565.77612    1.14518    0.06823
1566.13623    1.07320    0.06788
1566.49744    0.98785    0.06642
1566.85779    1.01085    0.06782
1567.21814    1.09957    0.06931
1567.57959    1.12598    0.06816
1567.94031    1.01539    0.06690
1568.30188    1.11302    0.06749
1568.66260    1.05044    0.06631
1569.02429    1.06666    0.06774
1569.38525    1.06298    0.06718
1569.74634    0.88962    0.06627
1570.10828    1.10979    0.06698
1570.46948    1.05453    0.06854
1570.83167    1.06516    0.06989
1571.19299    0.98022    0.06884
1571.55530    0.93689    0.06896
1571.91687    1.08650    0.06965
1572.27844    0.87289    0.06623
1572.64099    0.93774    0.06678
1573.00281    1.09870    0.06823
1573.36560    1.09279    0.06782
1573.72754    0.97080    0.06671
1574.09045    0.95014    0.06628
1574.45251    1.02883    0.06759
1574.81470    1.03191    0.06773
1575.17786    0.99120    0.06768
1575.54028    1.09720    0.06771
1575.90356    1.14128    0.06992
1576.26599    0.96978    0.06799
1576.62964    1.12618    0.07043
1576.99231    1.01426    0.06786
1577.35510    0.94203    0.06771
1577.71875    1.10670    0.06805
1578.08179    1.19733    0.07018
1578.44568    0.98694    0.06699
1578.80872    1.01313    0.06854
1579.17285    0.91976    0.07025
1579.53613    1.04098    0.07076
1579.90039    1.12529    0.07080
1580.26379    1.01909    0.06795
1580.62732    0.89504    0.06720
1580.99182    0.91281    0.06682
1581.35547    0.97599    0.06789
1581.72021    0.91576    0.06812
1582.08398    0.95374    0.06807
1582.44885    1.03476    0.06709
1582.81299    0.96725    0.06775
1583.17700    0.97588    0.06904
1583.54211    0.82996    0.06729
1583.90637    0.87464    0.06823
1584.27161    0.96546    0.06983
1584.63611    0.94477    0.06834
1585.00159    0.90162    0.06631
1585.36609    1.01173    0.06739
1585.73083    1.11944    0.06795
1586.09656    1.03983    0.06809
1586.46143    1.01864    0.06527
1586.82727    1.02302    0.06466
1587.19238    0.89528    0.06339
1587.55835    0.95452    0.06447
1587.92346    1.00681    0.06497
1588.28882    0.95480    0.06400
1588.65503    0.88525    0.06347
1589.02051    0.91816    0.06275
1589.38708    1.00490    0.06364
1589.75256    0.90609    0.06388
1590.11926    0.99132    0.06647
1590.48511    0.96756    0.06801
1590.85095    0.92821    0.06685
1591.21777    0.94727    0.06524
1591.58386    0.93661    0.06566
1591.95081    0.89203    0.06899
1592.31714    0.95394    0.06776
1592.68420    0.97540    0.06453
1593.05066    0.94206    0.06271
1593.41711    0.92793    0.06380
1593.78455    0.95843    0.06440
1594.15125    0.93830    0.06419
1594.51892    0.92478    0.06474
1594.88562    0.88517    0.06370
1595.25342    0.95086    0.06477
1595.62048    1.01050    0.06427
1595.98743    0.90880    0.06456
1596.35559    0.95395    0.06680
1596.72278    1.06283    0.06779
1597.09094    0.98095    0.06531
1597.45837    0.96537    0.06361
1597.82666    1.00890    0.06289
1598.19421    0.91083    0.06455
1598.56201    0.91749    0.06914
1598.93066    0.92727    0.07184
1599.29834    0.99591    0.07040
1599.66724    1.00619    0.06763
1600.03528    0.98710    0.06908
1600.40417    1.04293    0.07026
1600.77234    1.02853    0.06746
1601.14062    1.01004    0.06300
1601.50977    1.00218    0.06163
1601.87830    0.97157    0.06115
1602.24768    0.91326    0.06102
1602.61621    0.91148    0.06252
1602.98584    1.06935    0.06348
1603.35461    1.06084    0.06212
1603.72339    1.04801    0.06472
1604.09326    1.03600    0.06466
1604.46228    0.99369    0.06326
1604.83228    0.95884    0.06118
1605.20142    0.98129    0.06208
1605.57153    0.99824    0.06094
1605.94092    0.99996    0.06025
1606.31042    0.98370    0.06150
1606.68079    0.96456    0.06383
1607.05029    0.96620    0.06606
1607.42102    0.98810    0.06599
1607.79077    1.02286    0.06426
1608.16150    1.05341    0.06387
1608.53149    1.04925    0.06149
1608.90234    1.04504    0.06284
1609.27246    1.05180    0.06375
1609.64270    0.95038    0.06412
1610.01392    0.97263    0.06316
1610.38428    0.95995    0.06171
1610.75562    0.96969    0.05963
1611.12622    0.99302    0.06067
1611.49768    0.97345    0.06251
1611.86841    1.05305    0.06624
1612.23926    1.00382    0.06691
1612.61096    0.98897    0.06448
1612.98206    1.01283    0.06176
1613.35400    0.98588    0.06107
1613.72510    0.91412    0.06249
1614.09717    0.98309    0.06171
1614.46863    1.08866    0.06115
1614.83997    0.91167    0.06362
1615.21228    0.97295    0.07214
1615.58398    1.14231    0.08053
1615.95654    0.94447    0.07957
1616.32812    1.07270    0.07643
1616.70093    1.08203    0.06946
1617.07288    0.98535    0.06648
1617.44482    0.92115    0.06543
1617.81787    0.96743    0.06733
1618.19006    1.03943    0.06537
1618.56323    0.94036    0.05986
1618.93555    1.00904    0.06036
1619.30884    0.91367    0.05857
1619.68140    0.93355    0.05887
1620.05396    1.06341    0.05999
1620.42749    0.99437    0.06042
1620.80029    0.97543    0.06243
1621.17407    1.09086    0.08518
1621.54700    1.11244    0.09550
1621.92102    1.04158    0.08775
1622.29407    1.04754    0.07803
1622.66724    1.15387    0.06806
1623.04138    1.01753    0.06894
1623.41479    0.89408    0.06923
1623.78918    1.04230    0.06533
1624.16272    1.16418    0.06424
1624.53735    1.10004    0.06220
1624.91101    1.02274    0.06047
1625.28479    1.05316    0.06131
1625.65967    1.12270    0.06261
1626.03357    1.07886    0.06331
1626.40857    1.06438    0.06365
1626.78271    1.07603    0.06390
1627.15784    0.99762    0.06256
1627.53210    1.02371    0.06215
1627.90662    1.11385    0.06181
1628.28186    1.06645    0.06039
1628.65649    1.03545    0.06407
1629.03210    1.08722    0.07207
1629.40686    1.10471    0.07409
1629.78259    1.08764    0.06693
1630.15759    1.03371    0.06540
1630.53247    0.99425    0.06547
1630.90845    1.06930    0.06221
1631.28369    1.20280    0.07092
1631.65991    1.06536    0.09748
1632.03528    0.43520    0.15339
1632.41162    0.76934    0.27236
1632.78723    1.11989    0.24609
1633.16272    1.21423    0.14838
1633.53931    1.07947    0.10103
1633.91516    0.85400    0.08096
1634.29187    1.06754    0.07788
1634.66785    0.91087    0.07149
1635.04492    1.01652    0.06612
1635.42102    1.11162    0.06270
1635.79724    1.03723    0.05980
1636.17444    1.05402    0.05922
1636.55078    1.05167    0.05901
1636.92822    1.10243    0.05883
1637.30481    0.97323    0.05822
1637.68237    1.03211    0.06240
1638.05908    1.18361    0.06447
1638.43677    1.00509    0.06092
1638.81372    0.96208    0.05798
1639.19080    0.99576    0.06001
1639.56873    1.00539    0.06149
1639.94592    1.12693    0.07211
1640.32410    1.18655    0.08010
1640.70142    0.97371    0.06724
1641.07983    1.03239    0.05868
1641.45728    1.05708    0.05841
1641.83496    1.13234    0.05771
1642.21350    1.09913    0.05715
1642.59131    0.99694    0.05481
1642.97009    1.05245    0.05483
1643.34802    1.11975    0.05685
1643.72705    1.04348    0.05702
1644.10510    1.02154    0.05534
1644.48340    0.93100    0.05612
1644.86267    0.88148    0.06061
1645.24097    1.02748    0.06211
1645.62036    0.85956    0.05654
1645.99902    0.98720    0.05670
1646.37854    0.97463    0.05822
1646.75720    0.92565    0.06631
1647.13611    0.98396    0.07130
1647.51587    1.01344    0.06613
1647.89490    0.89787    0.05970
1648.27490    0.71940    0.07088
1648.65417    0.84037    0.11297
1649.03430    1.08740    0.13152
1649.41370    1.16896    0.10825
1649.79309    1.02313    0.07048
