1410.31982    1.10314    0.04998
1410.64429    1.09823    0.05019
1410.96960    1.10451    0.04986
1411.29419    1.08311    0.04919
1411.61877    1.05444    0.04927
1411.94434    1.04634    0.04953
1412.26917    1.13137    0.05141
1412.59473    1.11057    0.05104
1412.91980    0.97206    0.04833
1413.24561    1.13121    0.05135
1413.57068    1.03352    0.05108
1413.89587    1.10996    0.05065
1414.22192    1.14676    0.05106
1414.54724    1.05277    0.04989
1414.87354    1.01593    0.04997
1415.19897    1.13593    0.05009
1415.52527    1.04804    0.05016
1415.85095    0.99608    0.04895
1416.17664    1.02467    0.05000
1416.50330    1.08660    0.05104
1416.82910    1.10900    0.05084
1417.15576    1.04651    0.05004
1417.48181    1.08147    0.04993
1417.80872    1.00637    0.04968
1418.13489    0.98175    0.04807
1418.46106    1.05422    0.05142
1418.78821    1.12011    0.05314
1419.11450    1.11481    0.06365
1419.44189    0.99250    0.07199
1419.76831    0.95625    0.06383
1420.09583    1.01071    0.05616
1420.42249    1.04942    0.05206
1420.74927    1.03698    0.05117
1421.07678    1.06258    0.05068
1421.40381    1.00742    0.04964
1421.73157    1.03517    0.05058
1422.05859    1.03932    0.04945
1422.38647    1.01156    0.04972
1422.71375    1.00657    0.04968
1423.04175    0.99159    0.05006
1423.36914    1.10608    0.05060
1423.69666    1.02230    0.04934
1424.02502    1.01861    0.05063
1424.35254    1.04855    0.04986
1424.68091    0.96568    0.05018
1425.00879    1.04196    0.05095
1425.33728    1.09985    0.05136
1425.66528    1.04639    0.05149
1425.99329    1.00030    0.04966
1426.32202    1.03494    0.05112
1426.65027    1.10130    0.05070
1426.97913    1.09513    0.05045
1427.30750    1.03381    0.05041
1427.63660    0.99490    0.04956
1427.96497    1.01534    0.04984
1428.29346    1.02004    0.04933
1428.62280    0.95023    0.04835
1428.95154    0.90757    0.04829
1429.28101    0.95617    0.04963
1429.60974    0.93120    0.04799
1429.93945    0.84261    0.04881
1430.26843    0.81333    0.04718
1430.59741    0.87303    0.04798
1430.92737    0.86571    0.04762
1431.25659    0.86369    0.04784
1431.58655    0.83103    0.04738
1431.91589    0.92649    0.04870
1432.24609    1.00862    0.05022
1432.57556    0.93281    0.04903
1432.90515    0.97273    0.04997
1433.23560    1.02425    0.05119
1433.56531    0.95638    0.05023
1433.89587    0.99389    0.04986
1434.22571    1.04539    0.05106
1434.55652    0.92953    0.04991
1434.88647    0.86559    0.04980
1435.21655    0.90794    0.04870
1435.54761    0.92721    0.04898
1435.87781    0.97222    0.04947
1436.20886    0.92897    0.04905
1436.53931    0.78584    0.04735
1436.87048    0.89054    0.04824
1437.20117    0.93970    0.04844
1437.53174    0.85152    0.04712
1437.86328    0.85416    0.04792
1438.19397    0.89430    0.04872
1438.52563    0.85578    0.04844
1438.85657    0.93501    0.04862
1439.18835    0.94918    0.04874
1439.51953    0.95217    0.04954
1439.85071    0.93907    0.04889
1440.18274    0.97245    0.05065
1440.51392    1.04448    0.05228
1440.84619    0.94261    0.05195
1441.17761    0.78129    0.04987
1441.51001    0.84515    0.04981
1441.84155    0.87857    0.04885
1442.17334    0.80821    0.04871
1442.50586    0.81497    0.04792
1442.83765    0.92189    0.04941
1443.17041    0.74106    0.04720
1443.50232    0.74862    0.04690
1443.83521    0.89524    0.04878
1444.16748    0.95440    0.04882
1444.49963    0.86100    0.04868
1444.83276    0.80834    0.04815
1445.16504    0.91892    0.04843
1445.49841    0.86524    0.04850
1445.83093    0.83713    0.04919
1446.16418    0.85425    0.05173
1446.49707    0.78474    0.05174
1446.82971    0.73263    0.04691
1447.16345    0.76459    0.04736
1447.49634    0.77775    0.05273
1447.83008    0.72994    0.05285
1448.16321    0.80788    0.05180
1448.49719    1.01962    0.05741
1448.83032    1.03363    0.11063
1449.16443    1.55977    0.49797
1449.49780    1.46842        inf
1449.83130    1.37705        inf
1450.16565    1.28567        inf
1450.49915    1.19427    0.23658
1450.83362    0.88107    0.06436
1451.16748    0.83532    0.05201
1451.50208    0.76850    0.04835
1451.83594    0.79150    0.04755
1452.17004    0.77882    0.04791
1452.50488    0.63421    0.04778
1452.83911    0.72519    0.04922
1453.17407    0.60259    0.04644
1453.50830    0.66260    0.04567
1453.84351    0.73041    0.04572
1454.17798    0.71038    0.04684
1454.51245    0.71696    0.04682
1454.84790    0.76655    0.04771
1455.18262    0.75461    0.04832
1455.51807    0.75702    0.04707
1455.85291    0.70739    0.04642
1456.18860    0.70103    0.04530
1456.52368    0.77195    0.04875
1456.85876    0.65420    0.05166
1457.19470    0.74446    0.05016
1457.52991    0.75689    0.04761
1457.86597    0.72773    0.04629
1458.20142    0.73086    0.04653
1458.53772    0.76327    0.04746
1458.87329    0.80815    0.04696
1459.20886    0.76592    0.04758
1459.54529    0.82674    0.04836
1459.88110    0.78846    0.04721
1460.21765    0.69126    0.04730
1460.55359    0.71736    0.04620
1460.89050    0.74710    0.04707
1461.22644    0.80657    0.04793
1461.56274    0.80117    0.04982
1461.89966    0.74104    0.04918
1462.23608    0.72294    0.04882
1462.57312    0.78654    0.04745
1462.90967    0.80106    0.04760
1463.24707    0.74117    0.04749
1463.58362    0.70632    0.04670
1463.92041    0.70945    0.04749
1464.25781    0.73941    0.04710
1464.59473    0.77798    0.04816
1464.93250    0.77018    0.04660
1465.26941    0.67042    0.04657
1465.60730    0.72580    0.04746
1465.94458    0.72590    0.04674
1466.28186    0.66812    0.04685
1466.62000    0.72320    0.04736
1466.95728    0.78610    0.04914
1467.29553    0.74020    0.04972
1467.63306    0.71343    0.04880
1467.97156    0.68305    0.04727
1468.30920    0.66629    0.04807
1468.64709    0.68945    0.05181
1468.98572    0.67293    0.05107
1469.32361    0.73123    0.04763
1469.66248    0.67993    0.04619
1470.00061    0.71774    0.04731
1470.33948    0.76078    0.04650
1470.67773    0.63922    0.04721
1471.01611    0.63273    0.04636
1471.35535    0.60485    0.04548
1471.69385    0.78453    0.04842
1472.03320    0.73242    0.04779
1472.37183    0.61839    0.04748
1472.71143    0.81282    0.05006
1473.05017    0.79574    0.05083
1473.38904    0.75503    0.05022
1473.72888    0.77165    0.05134
1474.06787    0.70790    0.05195
1474.40771    0.71280    0.05172
1474.74695    0.85770    0.05215
1475.08691    0.69864    0.05052
1475.42639    0.84487    0.05191
1475.76660    0.81459    0.05172
1476.10596    0.80988    0.05171
1476.44568    0.85438    0.05420
1476.78613    0.76078    0.05477
1477.12585    0.72045    0.05592
1477.46643    0.84340    0.05985
1477.80627    0.81371    0.06037
1478.14709    0.71851    0.05910
1478.48718    0.78783    0.06112
1478.82727    0.96840    0.06258
1479.16833    0.86216    0.06109
1479.50867    0.97678    0.06380
1479.84985    0.93146    0.05821
1480.19019    0.92291    0.05681
1480.53149    0.95533    0.05625
1480.87207    0.90276    0.05628
1481.21277    1.01064    0.05704
1481.55432    0.91935    0.05593
1481.89526    0.81839    0.05465
1482.23694    0.91232    0.05245
1482.57800    0.99381    0.05384
1482.91980    0.84140    0.05122
1483.26099    0.83176    0.05212
1483.60217    1.01021    0.05318
1483.94434    0.97025    0.05359
1484.28564    0.90477    0.05219
1484.62793    0.94366    0.05463
1484.96948    0.96079    0.05515
1485.31189    0.88958    0.05329
1485.65356    0.95170    0.05335
1485.99524    0.91017    0.05382
1486.33801    0.92278    0.05401
1486.67993    1.03425    0.05517
1487.02271    1.09498    0.05499
1487.36487    1.05201    0.05539
1487.70776    0.89138    0.05642
1488.05005    0.79763    0.05639
1488.39246    0.89519    0.05230
1488.73560    0.99845    0.05513
1489.07800    0.91689    0.05627
1489.42151    0.91809    0.05761
1489.76404    1.03260    0.05476
1490.10767    1.00689    0.05352
1490.45056    0.96153    0.05315
1490.79333    0.99200    0.05362
1491.13708    1.01193    0.05347
1491.48010    0.93483    0.05312
1491.82410    0.97248    0.05294
1492.16724    0.91335    0.05297
1492.51135    0.84793    0.05170
1492.85474    0.91178    0.05221
1493.19824    1.05663    0.05369
1493.54236    1.05368    0.05357
1493.88599    0.94835    0.05247
1494.23059    0.98460    0.05246
1494.57434    0.98380    0.05359
1494.91895    1.00558    0.05352
1495.26282    1.15263    0.05449
1495.60681    1.03954    0.05429
1495.95166    1.05494    0.05408
1496.29578    1.10302    0.05472
1496.64087    1.06625    0.05477
1496.98511    0.95812    0.05393
1497.33032    0.93013    0.05335
1497.67480    1.08936    0.05466
1498.01941    0.94411    0.05355
1498.36475    0.85289    0.05314
1498.70947    0.88860    0.05404
1499.05518    0.91451    0.05474
1499.40002    0.85928    0.05691
1499.74573    0.86116    0.05885
1500.09070    0.89061    0.05605
1500.43579    0.92777    0.05583
1500.78186    0.99874    0.05385
1501.12708    1.00850    0.05404
1501.47314    0.91249    0.05250
1501.81873    0.96097    0.05344
1502.16492    1.00001    0.05329
1502.51050    0.97310    0.05337
1502.85706    1.01090    0.05307
1503.20276    1.07717    0.05463
1503.54858    1.01767    0.05310
1503.89526    0.91549    0.05248
1504.24133    1.04167    0.05538
1504.58813    1.07957    0.05640
1504.93433    1.05058    0.06020
1505.28137    1.02412    0.05902
1505.62756    1.00597    0.05714
1505.97400    1.03794    0.05640
1506.32117    0.97870    0.05437
1506.66772    0.95757    0.05320
1507.01526    1.00391    0.05305
1507.36182    1.06597    0.05404
1507.70947    1.08326    0.05363
1508.05627    1.05253    0.05346
1508.40332    1.05869    0.05354
1508.75110    1.05030    0.05341
1509.09814    1.03988    0.05384
1509.44604    1.03322    0.05387
1509.79333    1.02994    0.05481
1510.14148    1.07587    0.05375
1510.48889    1.12644    0.05390
1510.83643    1.06690    0.05293
1511.18481    1.01567    0.05333
1511.53247    1.06885    0.05264
1511.88098    1.14434    0.05349
1512.22876    1.07680    0.05332
1512.57764    1.12319    0.05347
1512.92554    1.09570    0.05259
1513.27356    1.00073    0.05162
1513.62256    0.93360    0.05032
1513.97070    0.94087    0.04997
1514.31982    0.98148    0.05086
1514.66821    1.01605    0.05036
1515.01746    0.98399    0.05101
1515.36597    1.00931    0.05098
1515.71460    1.03026    0.05043
1516.06421    0.93346    0.04977
1516.41284    0.95983    0.05037
1516.76270    1.08426    0.05037
1517.11157    1.03030    0.05097
1517.46143    1.01317    0.04983
1517.81042    1.07799    0.04979
1518.15955    1.07666    0.05030
1518.50977    1.10905    0.05144
1518.85913    0.98536    0.04951
1519.20923    0.94189    0.04833
1519.55884    0.97154    0.04857
1519.90930    0.98387    0.04827
1520.25879    0.97400    0.04803
1520.60864    1.00870    0.04806
1520.95923    0.94139    0.04824
1521.30908    1.05068    0.04899
1521.65991    1.04515    0.04801
1522.01001    0.98285    0.04881
1522.36096    1.10173    0.04783
1522.71118    0.98357    0.04706
1523.06140    1.01085    0.04720
1523.41272    1.01097    0.04665
1523.76318    1.01154    0.04732
1524.11450    1.03896    0.04729
1524.46521    1.00813    0.05075
1524.81665    0.89862    0.05328
1525.16748    1.00306    0.05403
1525.51831    1.01651    0.05075
1525.87012    1.00633    0.04859
1526.22119    1.03186    0.04760
1526.57300    1.03567    0.04747
1526.92419    1.05043    0.04722
1527.27637    0.92261    0.04613
1527.62781    1.00520    0.04492
1527.97913    1.04103    0.04515
1528.33142    0.99734    0.04363
1528.68311    1.05685    0.04440
1529.03564    0.97351    0.04335
1529.38733    1.08443    0.04476
1529.73999    1.07950    0.04710
1530.09204    1.17028    0.05781
1530.44470    1.05019    0.07706
1530.79675    0.52358    0.17713
1531.14905    0.89869    0.19924
1531.50208    1.34147    0.08899
1531.85449    1.25477    0.07617
1532.20764    0.91780    0.09450
1532.56018    0.73286    0.22111
1532.91357    0.85894    0.08751
1533.26624    1.15812    0.05372
1533.61902    0.99432    0.04268
1533.97253    0.95350    0.04126
1534.32544    1.03462    0.04144
1534.67932    1.03237    0.04230
1535.03223    0.93009    0.04155
1535.38623    0.90013    0.04185
1535.73950    1.00624    0.04154
1536.09290    1.01533    0.04055
1536.44702    1.01790    0.04081
1536.80042    1.04720    0.04144
1537.15479    1.03371    0.04262
1537.50842    1.06437    0.04716
1537.86304    0.98333    0.04674
1538.21680    0.99903    0.04275
1538.57068    1.03468    0.03942
1538.92542    1.02728    0.03990
1539.27954    1.02702    0.03934
1539.63440    1.01123    0.04079
1539.98865    0.94765    0.04081
1540.34375    0.95157    0.03951
1540.69812    1.01459    0.03856
1541.05249    1.04468    0.03863
1541.40796    1.01518    0.03830
1541.76257    1.03731    0.04084
1542.11804    0.86691    0.04522
1542.47278    0.87320    0.04382
1542.82849    0.95634    0.03733
1543.18347    0.98283    0.03736
1543.53845    0.99705    0.03734
1543.89429    1.00916    0.03770
1544.24951    0.97150    0.03682
1544.60559    0.99130    0.03630
1544.96106    1.00937    0.03762
1545.31726    0.97879    0.03790
1545.67261    0.95499    0.03800
1546.02832    1.00199    0.03733
1546.38489    1.04149    0.03732
1546.74060    1.04889    0.03799
1547.09729    1.05599    0.03969
1547.45312    1.03162    0.04172
1547.80994    0.97672    0.04042
1548.16614    1.07107    0.03831
1548.52222    1.01588    0.03798
1548.87927    1.13330    0.03955
1549.23572    1.09593    0.03909
1549.59277    0.95136    0.03922
1549.94934    1.08007    0.04096
1550.30676    1.05794    0.04006
1550.66345    1.07016    0.04054
1551.02014    1.09949    0.04088
1551.37781    1.02776    0.04150
1551.73462    0.94386    0.04317
1552.09241    1.00534    0.04425
1552.44958    0.99530    0.04255
1552.80750    0.99375    0.04234
1553.16479    0.90825    0.04326
1553.52209    0.92941    0.04627
1553.88025    1.01764    0.04591
1554.23779    0.93384    0.04498
1554.59619    0.88445    0.04477
1554.95386    1.00233    0.04626
1555.31238    0.98503    0.04491
1555.67017    0.94882    0.04580
1556.02808    0.97854    0.04559
1556.38696    0.96219    0.04668
1556.74500    0.91645    0.04620
1557.10388    0.85191    0.04608
1557.46204    0.89070    0.04668
1557.82129    0.96513    0.04738
1558.17969    0.98582    0.04859
1558.53906    0.96466    0.04864
1558.89746    0.96177    0.04983
1559.25610    0.85275    0.04989
1559.61572    0.94844    0.04934
1559.97449    0.99720    0.05035
1560.33423    0.94097    0.05112
1560.69312    1.00814    0.05323
1561.05298    0.99636    0.05221
1561.41223    1.00237    0.04982
1561.77136    0.84984    0.04893
1562.13147    0.81877    0.04925
1562.49084    0.90507    0.05039
1562.85120    0.83140    0.05020
1563.21069    0.86532    0.05010
1563.57117    0.88078    0.04981
1563.93079    0.93362    0.05154
1564.29065    0.95951    0.05056
1564.65137    0.97723    0.05268
1565.01135    1.03642    0.05219
1565.37219    0.95121    0.05237
1565.73242    0.97801    0.05277
1566.09338    1.07335    0.05405
1566.45374    1.11622    0.05493
1566.81409    1.10302    0.05597
1567.17542    1.09438    0.05604
1567.53589    1.02747    0.05515
1567.89734    1.02087    0.05435
1568.25806    0.93067    0.05482
1568.61963    0.96598    0.05526
1568.98047    1.14450    0.05632
1569.34143    1.14812    0.05498
1569.70325    0.90857    0.05384
1570.06445    1.02935    0.05446
1570.42651    1.06395    0.05531
1570.78772    1.01079    0.05427
1571.15002    1.02118    0.05465
1571.51147    1.05399    0.05537
1571.87292    0.97166    0.05482
1572.23547    0.95921    0.05427
1572.59717    0.97054    0.05476
1572.95972    1.04077    0.05640
1573.32166    1.12145    0.05738
1573.68433    1.08357    0.05824
1574.04651    1.00225    0.05707
1574.40857    1.06305    0.05793
1574.77161    0.89867    0.05594
1575.13379    0.91159    0.05607
1575.49707    1.11816    0.05705
1575.85962    1.05698    0.05703
1576.22290    1.04534    0.05733
1576.58557    0.98642    0.05529
1576.94824    1.07010    0.05721
1577.31177    1.09600    0.05844
1577.67468    1.03099    0.05704
1578.03857    1.04450    0.05719
1578.40161    0.92866    0.05534
1578.76562    0.96105    0.05547
1579.12866    0.99726    0.05583
1579.49194    1.03693    0.05655
1579.85620    1.12793    0.05778
1580.21973    1.19340    0.05753
1580.58411    1.06062    0.05642
1580.94763    0.98460    0.05580
1581.31226    1.00251    0.05606
1581.67603    1.11397    0.05657
1582.03992    1.16938    0.05722
1582.40466    1.02413    0.05567
1582.76868    0.95208    0.05566
1583.13379    1.00614    0.05671
1583.49792    1.06962    0.05638
1583.86304    1.01655    0.05597
1584.22742    0.94425    0.05610
1584.59277    1.01671    0.05668
1584.95728    1.02310    0.05644
1585.32190    1.08305    0.05875
1585.68750    1.04448    0.05794
1586.05225    0.93531    0.05543
1586.41797    0.90413    0.05514
1586.78296    0.98424    0.05643
1587.14880    0.94010    0.05682
1587.51404    1.02886    0.05690
1587.87915    1.08449    0.05751
1588.24536    0.98890    0.05640
1588.61072    0.85030    0.05543
1588.97705    0.86192    0.05544
1589.34253    0.94182    0.05663
1589.70911    0.92229    0.05560
1590.07483    0.98169    0.05603
1590.44055    0.94263    0.05483
1590.80737    0.81151    0.05401
1591.17334    0.86784    0.05359
1591.54016    1.00380    0.05494
1591.90637    0.95186    0.05474
1592.27344    1.00473    0.05526
1592.63977    0.95931    0.05462
1593.00623    0.87967    0.05418
1593.37354    1.04587    0.05590
1593.73999    0.92176    0.05441
1594.10754    0.96920    0.05431
1594.47424    0.90548    0.05417
1594.84192    0.98095    0.05492
1595.20886    1.12027    0.05685
1595.57581    0.94015    0.05702
1595.94373    0.98714    0.05727
1596.31091    1.05762    0.05614
1596.67908    1.02303    0.05745
1597.04639    1.00924    0.05770
1597.41455    1.02340    0.05741
1597.78210    0.95661    0.05623
1598.14966    0.99345    0.05651
1598.51819    1.04756    0.05648
1598.88599    1.02075    0.05590
1599.25464    1.00685    0.05625
1599.62244    1.03211    0.05718
1599.99146    0.98731    0.05635
1600.35950    0.89073    0.05473
1600.72766    0.95007    0.05494
1601.09680    1.00842    0.05861
1601.46509    1.05277    0.05965
1601.83435    1.05990    0.05829
1602.20300    0.96369    0.05585
1602.57227    0.90708    0.05466
1602.94104    0.94697    0.05565
1603.30981    0.91314    0.05517
1603.67957    0.93986    0.05884
1604.04834    1.09231    0.06136
1604.41833    1.19063    0.06261
1604.78748    1.12314    0.05964
1605.15747    1.02047    0.05852
1605.52673    0.87905    0.05769
1605.89612    0.97183    0.05686
1606.26636    1.12586    0.05771
1606.63599    0.94550    0.05609
1607.00647    1.07613    0.05517
1607.37598    1.11473    0.05601
1607.74683    1.04458    0.05647
1608.11658    1.07225    0.05498
1608.48657    1.10387    0.05501
1608.85742    0.95022    0.05419
1609.22754    1.09476    0.05474
1609.59863    0.97108    0.05402
1609.96887    1.01584    0.05432
1610.34021    1.01633    0.05374
1610.71069    0.98279    0.05354
1611.08130    1.20288    0.05538
1611.45276    0.98470    0.05458
1611.82336    0.95692    0.05507
1612.19507    0.93593    0.05732
1612.56604    0.99831    0.05702
1612.93787    1.09786    0.05644
1613.30884    1.01637    0.05478
1613.68091    1.04043    0.05453
1614.05212    0.98127    0.05361
1614.42346    1.04336    0.05390
1614.79578    1.04365    0.05498
1615.16724    0.95976    0.05468
1615.53967    1.04785    0.05433
1615.91138    1.12001    0.05602
1616.28394    1.04468    0.05302
1616.65576    0.87683    0.05378
1617.02771    0.88704    0.05608
1617.40051    0.98847    0.05717
1617.77271    0.88955    0.05400
1618.14575    1.02169    0.05292
1618.51794    1.03574    0.05312
1618.89111    1.01737    0.05371
1619.26367    0.96072    0.05261
1619.63611    0.91397    0.05345
1620.00952    0.99949    0.05723
1620.38232    1.06475    0.06858
1620.75598    0.99056    0.07741
1621.12878    0.87569    0.06729
1621.50269    0.91997    0.06191
1621.87573    1.05583    0.05990
1622.24866    1.00762    0.06061
1622.62292    0.90985    0.05732
1622.99609    1.01798    0.05687
1623.37048    1.06172    0.05537
1623.74390    1.04033    0.05509
1624.11829    1.03055    0.05462
1624.49194    1.01055    0.05377
1624.86560    1.00832    0.05278
1625.24023    0.98511    0.05205
1625.61414    0.97073    0.05314
1625.98914    1.04993    0.05706
1626.36316    1.04708    0.06622
1626.73816    0.83733    0.06731
1627.11230    1.12247    0.06250
1627.48657    1.05601    0.05636
1627.86194    1.03599    0.05526
1628.23645    0.99430    0.05691
1628.61194    0.89740    0.05781
1628.98657    0.98045    0.05729
1629.36230    0.94889    0.05568
1629.73706    0.91153    0.05428
1630.11206    0.97883    0.05254
1630.48792    0.94295    0.05212
1630.86304    0.84681    0.05282
1631.23901    0.97303    0.05580
1631.61438    0.97669    0.05727
1631.99060    0.89497    0.05699
1632.36597    0.93476    0.05589
1632.74158    1.00145    0.05496
1633.11804    0.99987    0.06179
1633.49365    1.01221    0.06187
1633.87036    1.04506    0.06542
1634.24634    0.87586    0.07041
1634.62317    0.99356    0.06867
1634.99927    1.11310    0.05752
1635.37524    0.98780    0.05377
1635.75232    0.90389    0.05216
1636.12866    0.95253    0.05302
1636.50598    1.00327    0.05646
1636.88245    1.13133    0.06959
1637.25989    0.84180    0.11305
1637.63660    0.50974    0.14451
1638.01331    1.06782    0.12102
1638.39111    1.15761    0.07708
1638.76807    1.03788    0.06237
1639.14587    1.06644    0.07052
1639.52295    1.08392    0.06826
1639.90100    0.98405    0.06297
1640.27820    0.96684    0.05512
1640.65564    1.03670    0.05269
1641.03394    1.02856    0.05270
1641.41138    0.96104    0.05085
1641.79004    0.96823    0.05007
1642.16772    1.00852    0.05095
1642.54639    0.94529    0.05542
1642.92419    1.03363    0.05999
1643.30298    0.98721    0.05726
1643.68115    0.93609    0.05371
1644.05920    0.91103    0.05191
1644.43835    0.91970    0.05431
1644.81665    0.94970    0.06279
1645.19592    0.77298    0.06510
1645.57446    0.90032    0.06225
1645.95386    0.96775    0.05531
1646.33252    0.87416    0.05006
1646.71130    0.82368    0.04894
1647.09094    0.93284    0.05001
1647.46985    0.88702    0.04989
1647.84985    0.99207    0.05128
1648.22888    0.96151    0.05020
1648.60901    0.90967    0.05019
1648.98816    0.94682    0.05048
1649.36755    0.93708    0.05115
1649.74792    0.98879    0.05399
