1410.00488    1.05109    0.17412
1410.32922    1.25779    0.17248
1410.65442    1.01685    0.16704
1410.97888    0.96074    0.16734
1411.30444    0.70944    0.16181
1411.62903    0.83325    0.16498
1411.95459    0.99664    0.16249
1412.27942    0.74714    0.15729
1412.60498    0.39422    0.15367
1412.93005    0.51296    0.15832
1413.25500    0.82425    0.16402
1413.58081    0.66047    0.16189
1413.90613    0.78988    0.16102
1414.23218    1.37210    0.19975
1414.55750    1.21369    0.19587
1414.88367    1.47425    0.19710
1415.20911    1.30855    0.18436
1415.53479    0.88996    0.17475
1415.86121    0.79859    0.16971
1416.18677    0.93681    0.16721
1416.51355    0.99926    0.16261
1416.83936    0.57828    0.15606
1417.16602    0.77911    0.15613
1417.49194    1.04481    0.15993
1417.81812    0.71588    0.15942
1418.14514    1.04361    0.17155
1418.47131    1.42018    0.17796
1418.79846    1.05585    0.16920
1419.12488    1.03436    0.16627
1419.45203    1.17708    0.17034
1419.77869    1.06323    0.17385
1420.10522    1.01654    0.17367
1420.43274    0.83637    0.17455
1420.75952    1.06082    0.17461
1421.08704    0.92410    0.17113
1421.41406    0.56345    0.16301
1421.74170    0.91963    0.20852
1422.06885    0.82725    0.20995
1422.39612    1.20407    0.21865
1422.72388    0.86738    0.16579
1423.05127    0.70414    0.16179
1423.37939    1.25807    0.17066
1423.70691    1.06860    0.17120
1424.03516    1.00769    0.16947
1424.36279    0.64332    0.16162
1424.69055    0.68369    0.15922
1425.01904    0.96094    0.15966
1425.34692    0.67242    0.15844
1425.67554    0.89399    0.16265
1426.00354    0.99689    0.16653
1426.33228    0.97443    0.16477
1426.66040    0.96079    0.16071
1426.98865    0.90719    0.15716
1427.31763    0.71764    0.15220
1427.64600    0.77407    0.15425
1427.97534    0.91185    0.15753
1428.30371    0.93376    0.16160
1428.63306    1.09666    0.16693
1428.96179    1.20997    0.17181
1429.29065    1.03377    0.17239
1429.62012    1.15066    0.17476
1429.94897    1.23727    0.17765
1430.27869    1.20908    0.17417
1430.60767    1.00554    0.16637
1430.93774    1.12520    0.16301
1431.26697    1.06347    0.16343
1431.59607    0.88509    0.16525
1431.92627    0.98769    0.16978
1432.25562    1.19053    0.17456
1432.58582    0.99558    0.17385
1432.91553    0.79302    0.17384
1433.24597    1.02310    0.17212
1433.57556    0.88110    0.16714
1433.90552    1.00923    0.16714
1434.23596    1.07827    0.16708
1434.56604    1.03764    0.16561
1434.89685    0.91423    0.16153
1435.22693    0.67081    0.16201
1435.55798    1.11825    0.16828
1435.88818    1.18174    0.20179
1436.21851    1.01299    0.20255
1436.54956    1.15529    0.20862
1436.88013    1.18711    0.16562
1437.21143    1.30182    0.16802
1437.54199    1.32021    0.16595
1437.87354    0.88211    0.16964
1438.20447    1.11803    0.16008
1438.53601    0.98091    0.15653
1438.86707    1.26886    0.15850
1439.19800    1.01206    0.15420
1439.52991    0.88221    0.15288
1439.86096    0.86399    0.15258
1440.19299    1.06950    0.15296
1440.52441    1.25689    0.15211
1440.85657    0.92474    0.14865
1441.18799    0.95427    0.15004
1441.51953    0.84294    0.15252
1441.85193    0.76820    0.15442
1442.18359    0.76430    0.15756
1442.51611    1.26149    0.16475
1442.84802    0.92876    0.15838
1443.18079    0.86120    0.15710
1443.51282    1.12755    0.16224
1443.84485    0.94539    0.16060
1444.17786    0.58881    0.15522
1444.51013    0.84372    0.15244
1444.84314    1.24876    0.15176
1445.17554    1.09350    0.14778
1445.50879    1.21876    0.14845
1445.84131    1.16341    0.14720
1446.17383    1.00051    0.14348
1446.50745    0.74962    0.14733
1446.84009    0.88698    0.15430
1447.17383    1.00109    0.15432
1447.50671    0.95270    0.15264
1447.84045    0.78475    0.14990
1448.17371    0.93093    0.15152
1448.50671    1.10686    0.15298
1448.84082    0.76818    0.14900
1449.17407    0.78588    0.15056
1449.50830    0.97473    0.15182
1449.84167    0.97253    0.15025
1450.17603    0.75132    0.14901
1450.50964    1.24603    0.15927
1450.84326    0.93586    0.15512
1451.17786    0.94497    0.15316
1451.51172    1.15908    0.15127
1451.84656    1.20275    0.14930
1452.18042    0.99156    0.14619
1452.51526    0.74148    0.14408
1452.84949    0.84694    0.14434
1453.18372    1.06365    0.14802
1453.51880    1.26734    0.15218
1453.85327    1.23242    0.15436
1454.18848    0.87641    0.15237
1454.52307    0.56478    0.15015
1454.85840    1.10943    0.15868
1455.19299    0.87543    0.15875
1455.52783    0.60965    0.15651
1455.86340    1.01637    0.15924
1456.19836    1.31103    0.16254
1456.53430    0.97067    0.15736
1456.86938    0.70783    0.15392
1457.20520    1.08456    0.15697
1457.54053    1.17100    0.15202
1457.87573    1.04162    0.14566
1458.21191    1.18771    0.14418
1458.54736    1.09549    0.14332
1458.88379    0.85602    0.14154
1459.21936    0.77140    0.14327
1459.55579    1.03993    0.14889
1459.89172    0.99046    0.14894
1460.22742    0.80411    0.14538
1460.56421    0.89944    0.14534
1460.90027    0.82048    0.15260
1461.23694    0.67202    0.16002
1461.57324    1.12472    0.16381
1461.91028    0.97399    0.15366
1462.24658    1.00064    0.14302
1462.58301    0.72602    0.14342
1462.92017    0.52721    0.14150
1463.25684    1.05389    0.15220
1463.59424    0.97510    0.15621
1463.93079    0.80741    0.15614
1464.26843    0.66405    0.15261
1464.60535    0.55238    0.14970
1464.94312    0.73972    0.14890
1465.28003    0.83717    0.14495
1465.61707    0.74857    0.13710
1465.95520    0.46873    0.12957
1466.29236    0.59382    0.13503
1466.63049    0.47528    0.13693
1466.96790    0.76245    0.14397
1467.30615    0.67399    0.14574
1467.64380    0.55682    0.14485
1467.98132    0.47195    0.14314
1468.31982    0.59795    0.14221
1468.65771    0.79830    0.14409
1468.99634    0.69899    0.14262
1469.33423    0.48423    0.13899
1469.67297    0.67464    0.13803
1470.01123    0.91694    0.13972
1470.34937    0.68080    0.13713
1470.68848    0.67409    0.13890
1471.02673    0.59768    0.13712
1471.36597    0.52901    0.13634
1471.70435    0.62458    0.13597
1472.04382    0.78902    0.13898
1472.38245    0.71179    0.13895
1472.72119    0.48385    0.13612
1473.06079    0.40752    0.13617
1473.39966    0.47514    0.13763
1473.73938    0.48976    0.13984
1474.07837    0.57879    0.14559
1474.41833    0.72775    0.15633
1474.75745    0.31102    0.15661
1475.09668    0.50181    0.15650
1475.43701    0.26839    0.13998
1475.77649    0.33626    0.12980
1476.11670    0.55614    0.13323
1476.45630    0.64304    0.13992
1476.79675    0.71589    0.14536
1477.13647    0.63350    0.14454
1477.47632    0.70988    0.14441
1477.81689    1.00443    0.14807
1478.15698    0.74946    0.14419
1478.49780    0.55450    0.13858
1478.83789    0.91375    0.13835
1479.17908    0.57272    0.13349
1479.51929    0.66823    0.13517
1479.85962    0.34837    0.12890
1480.20081    0.55841    0.13379
1480.54150    0.73815    0.13859
1480.88269    0.50205    0.13953
1481.22351    0.42466    0.13953
1481.56494    0.67363    0.13913
1481.90588    0.63234    0.13890
1482.24670    0.37794    0.13754
1482.58862    0.59773    0.14466
1482.92957    0.64474    0.14561
1483.27161    0.40771    0.14388
1483.61279    0.70059    0.14837
1483.95496    0.54657    0.14626
1484.29626    0.80864    0.14840
1484.63782    0.46313    0.14126
1484.98010    0.55423    0.13907
1485.32178    0.85256    0.14020
1485.66418    0.79214    0.14090
1486.00598    0.63499    0.14058
1486.34863    0.66340    0.14092
1486.69055    0.66606    0.14231
1487.03271    0.55683    0.14186
1487.37549    0.66195    0.14229
1487.71777    1.05407    0.14607
1488.06079    1.12795    0.14797
1488.40308    1.28255    0.17368
1488.74634    1.36168    0.17371
1489.08887    1.30016    0.17216
1489.43140    1.29447    0.16942
1489.77490    0.91787    0.16321
1490.11755    0.71825    0.16485
1490.46118    1.01253    0.17357
1490.80408    1.17715    0.17716
1491.14795    0.98184    0.17081
1491.49084    0.97876    0.13796
1491.83484    1.08670    0.14022
1492.17798    1.05610    0.14365
1492.52124    1.15503    0.14690
1492.86548    1.01497    0.15518
1493.20886    1.01641    0.15771
1493.55322    0.98653    0.14889
1493.89685    0.94987    0.14463
1494.24133    1.29727    0.14703
1494.58508    0.97000    0.14737
1494.92896    0.92902    0.15411
1495.27356    1.00555    0.15876
1495.61755    0.75118    0.15402
1495.96252    1.00997    0.15113
1496.30664    1.02474    0.14583
1496.65161    1.22592    0.14880
1496.99597    0.90013    0.14234
1497.34045    0.92079    0.14317
1497.68567    1.07680    0.14226
1498.03015    0.94640    0.13981
1498.37573    1.13384    0.14707
1498.72034    1.16725    0.16461
1499.06592    0.94028    0.20052
1499.41077    0.90630    0.23837
1499.75574    1.25199    0.23502
1500.10156    1.35702    0.19656
1500.44666    1.01228    0.16092
1500.79272    0.92843    0.14625
1501.13782    0.99322    0.14182
1501.48401    1.09390    0.14055
1501.82947    1.26924    0.14242
1502.17493    1.11166    0.14340
1502.52148    0.85861    0.13725
1502.86707    1.05170    0.13825
1503.21362    0.83073    0.13957
1503.55945    0.77893    0.14136
1503.90601    0.90238    0.14390
1504.25208    1.08223    0.14652
1504.59814    1.07041    0.14526
1504.94507    0.91845    0.14170
1505.29138    1.04170    0.14370
1505.63831    1.22557    0.14522
1505.98486    1.22290    0.14339
1506.33203    0.91830    0.13772
1506.67871    0.93308    0.14202
1507.02515    0.90846    0.14314
1507.37280    1.01393    0.13879
1507.71948    0.97677    0.13463
1508.06714    1.21764    0.13836
1508.41406    1.18798    0.13859
1508.76196    1.13301    0.13616
1509.10901    1.16616    0.13798
1509.45605    1.12164    0.13895
1509.80432    1.07128    0.14038
1510.15161    1.01901    0.14153
1510.49976    0.88769    0.14396
1510.84729    0.85632    0.14596
1511.19580    0.84064    0.14484
1511.54346    1.16759    0.14359
1511.89111    1.28529    0.14252
1512.23975    0.94677    0.13506
1512.58765    0.71258    0.13105
1512.93640    0.76720    0.13702
1513.28442    0.99127    0.14396
1513.63342    0.94160    0.14412
1513.98169    0.90715    0.14065
1514.32996    1.03929    0.14317
1514.67920    1.02639    0.14678
1515.02771    0.93846    0.14667
1515.37695    1.03581    0.14735
1515.72546    1.19451    0.14847
1516.07507    1.16793    0.15028
1516.42383    0.70994    0.14581
1516.77271    1.20511    0.15033
1517.12256    1.27846    0.14950
1517.47156    0.95585    0.14182
1517.82141    0.85017    0.14726
1518.17053    1.07714    0.15317
1518.52063    1.20303    0.15310
1518.87000    1.15009    0.15145
1519.22034    1.08598    0.15058
1519.56982    0.88376    0.14551
1519.91931    0.74633    0.13937
1520.26990    0.97533    0.13660
1520.61951    1.00654    0.13522
1520.97021    1.26016    0.13967
1521.32007    1.08277    0.13562
1521.67090    1.12779    0.13285
1522.02087    1.01092    0.13003
1522.37109    1.18004    0.13460
1522.72217    1.00099    0.13490
1523.07251    1.12127    0.13433
1523.42371    0.98203    0.16489
1523.77417    0.84940    0.16138
1524.12561    1.02948    0.15944
1524.47607    1.25538    0.13289
1524.82678    1.16264    0.13479
1525.17847    0.81722    0.13094
1525.52930    0.92314    0.13226
1525.88123    1.12931    0.13384
1526.23218    0.95237    0.12593
1526.58411    0.81482    0.12697
1526.93530    0.80640    0.13167
1527.28662    0.95379    0.13710
1527.63867    1.06436    0.14026
1527.99023    1.18519    0.13908
1528.34253    1.24772    0.13634
1528.69409    1.19228    0.14027
1529.04663    1.00068    0.13251
1529.39832    0.94835    0.12650
1529.75012    1.05655    0.12723
1530.10303    0.90243    0.12449
1530.45496    0.73903    0.12291
1530.80798    1.08275    0.12686
1531.16003    1.06508    0.12983
1531.51318    1.02360    0.12853
1531.86536    0.98758    0.12501
1532.21790    1.24942    0.12815
1532.57117    1.28141    0.12735
1532.92371    1.37441    0.12739
1533.27722    1.19228    0.12478
1533.62988    1.13380    0.12997
1533.98364    1.16135    0.12991
1534.33655    1.05121    0.12539
1534.68958    0.82745    0.12245
1535.04346    0.74923    0.12016
1535.39648    0.83842    0.12043
1535.75049    0.82571    0.11984
1536.10388    0.89711    0.11960
1536.45813    0.73095    0.11502
1536.81152    0.50328    0.11217
1537.16504    0.46715    0.11456
1537.51953    0.56588    0.11539
1537.87329    0.95163    0.12237
1538.22778    0.92662    0.12657
1538.58167    0.90815    0.12904
1538.93665    0.78003    0.12703
1539.29065    0.91127    0.12550
1539.64465    0.98273    0.12425
1539.99976    0.88972    0.12369
1540.35400    1.04940    0.12491
1540.70923    1.03822    0.12503
1541.06372    0.64634    0.12119
1541.41895    0.94519    0.12469
1541.77368    1.21695    0.12676
1542.12817    0.87882    0.12047
1542.48401    0.89649    0.12209
1542.83887    0.90662    0.12535
1543.19458    0.88280    0.12665
1543.54968    0.55827    0.12291
1543.90552    0.65309    0.12194
1544.26074    0.80551    0.12135
1544.61597    0.91454    0.12044
1544.97205    1.03028    0.12319
1545.32764    1.09600    0.12804
1545.68384    1.12342    0.12862
1546.03943    1.03955    0.12845
1546.39600    0.84799    0.12540
1546.75171    0.87878    0.12514
1547.10840    1.07215    0.12531
1547.46436    1.05161    0.12243
1547.82031    0.99972    0.12115
1548.17725    0.99665    0.12090
1548.53333    1.11930    0.12339
1548.89038    0.86981    0.12129
1549.24683    0.99241    0.12490
1549.60400    1.16997    0.12555
1549.96045    1.01914    0.12124
1550.31702    0.91262    0.11924
1550.67456    0.95621    0.11976
1551.03125    0.90931    0.11889
1551.38904    0.88502    0.12018
1551.74597    0.95947    0.12416
1552.10364    1.05862    0.13114
1552.46082    1.19721    0.13348
1552.81787    1.03344    0.12645
1553.17590    1.21725    0.12500
1553.53333    0.78055    0.11701
1553.89160    0.97377    0.11930
1554.24902    1.13438    0.11960
1554.60742    0.87213    0.11720
1554.96497    0.62952    0.11836
1555.32275    0.99479    0.12558
1555.68140    0.99840    0.12745
1556.03931    0.87867    0.12382
1556.39807    0.89317    0.12140
1556.75623    1.11065    0.12378
1557.11511    1.25621    0.12710
1557.47339    0.99986    0.12604
1557.83154    0.64696    0.12240
1558.19080    0.46720    0.11704
1558.54932    0.52248    0.11250
1558.90869    0.12085    0.10526
1559.26746    0.17933    0.10913
1559.62683    0.15728    0.11828
1559.98584    0.28768    0.12657
1560.34448    0.47830    0.12637
1560.70447    0.37355    0.12206
1561.06335    0.37994    0.11679
1561.42346    0.16387    0.11285
1561.78259   -0.02083    0.11275
1562.14282   -0.09869    0.11264
1562.50208    0.14264    0.11519
1562.86169    0.45856    0.12084
1563.22192    0.68858    0.12448
1563.58154    1.03374    0.12644
1563.94214    1.05671    0.12898
1564.30188    0.79319    0.12716
1564.66260    0.91910    0.12777
1565.02258    1.03252    0.12721
1565.38269    0.80051    0.12229
1565.74353    1.02813    0.12847
1566.10388    0.79489    0.12687
1566.46497    0.77813    0.12786
1566.82532    1.17557    0.13112
1567.18665    1.01627    0.12548
1567.54712    0.93931    0.12240
1567.90784    0.91775    0.12292
1568.26929    1.05012    0.12432
1568.63000    0.96636    0.12191
1568.99182    0.97503    0.12011
1569.35278    1.00485    0.12111
1569.71472    0.70775    0.11788
1570.07581    0.97178    0.12171
1570.43689    1.07353    0.12394
1570.79919    0.79839    0.12183
1571.16040    0.80912    0.12517
1571.52271    0.89804    0.12215
1571.88428    1.09530    0.12443
1572.24683    0.87846    0.12130
1572.60840    1.04936    0.12061
1572.97119    1.05019    0.12218
1573.33289    0.85863    0.12283
1573.69482    0.77334    0.12501
1574.05786    0.95717    0.13374
1574.41992    1.02860    0.13711
1574.78284    0.79140    0.13066
1575.14514    0.81565    0.12623
1575.50842    0.90438    0.12668
1575.87085    0.74078    0.12628
1576.23352    1.01983    0.12953
1576.59692    1.17584    0.13032
1576.95959    0.61780    0.12275
1577.32312    0.83577    0.12393
1577.68616    0.84048    0.12229
1578.04993    1.36273    0.13027
1578.41284    0.91694    0.12636
1578.77600    0.92726    0.12599
1579.14014    1.00129    0.12646
1579.50342    0.88034    0.12312
1579.86768    1.05603    0.12556
1580.23108    1.18467    0.14823
1580.59546    0.93691    0.15447
1580.95911    1.00100    0.13005
1581.32288    0.84205    0.12755
1581.68750    0.67301    0.12264
1582.05127    1.04148    0.12273
1582.41602    1.11912    0.12465
1582.78015    0.91630    0.12107
1583.14514    1.24411    0.12340
1583.50928    1.20132    0.12252
1583.87354    0.79088    0.11738
1584.23889    0.65809    0.11494
1584.60327    1.04151    0.11913
1584.96875    1.15394    0.12440
1585.33337    1.09683    0.12652
1585.69885    0.96207    0.12486
1586.06372    0.80799    0.12152
1586.42859    0.87530    0.11957
1586.79443    0.77398    0.11683
1587.15942    0.96858    0.11967
1587.52539    0.80929    0.12402
1587.89075    0.73280    0.12511
1588.25684    0.91178    0.12529
1588.62207    0.72155    0.14278
1588.98755    0.51005    0.13486
1589.35413    0.68807    0.11610
1589.71973    0.73356    0.11622
1590.08630    1.01299    0.12193
1590.45203    1.09276    0.12449
1590.81885    0.72436    0.12039
1591.18481    0.73841    0.11707
1591.55090    0.96510    0.12066
1591.91785    1.50304    0.13120
1592.28406    0.80363    0.12405
1592.65112    0.84864    0.12747
1593.01770    0.90679    0.12979
1593.38501    0.68867    0.12617
1593.75159    1.00063    0.12394
1594.11804    1.13159    0.14044
1594.48572    0.96303    0.13682
1594.85254    1.12221    0.11947
1595.22034    1.16909    0.11898
1595.58740    0.91124    0.11789
1595.95532    0.98783    0.11889
1596.32251    1.05245    0.11769
1596.68958    0.80982    0.11498
1597.05774    0.93823    0.12387
1597.42529    0.92656    0.13069
1597.79358    0.92204    0.12631
1598.16125    0.74393    0.11525
1598.52979    0.89161    0.11498
1598.89734    0.72022    0.11213
1599.26526    0.91086    0.11351
1599.63403    1.00338    0.11816
1600.00208    1.13075    0.12175
1600.37097    1.08976    0.12498
1600.73914    0.96543    0.12572
1601.10840    1.09801    0.12551
1601.47668    0.93204    0.11970
1601.84595    1.00405    0.11946
1602.21448    1.06486    0.12221
1602.58301    0.84881    0.12369
1602.95264    0.80623    0.12371
1603.32129    0.71166    0.12091
1603.69092    0.97321    0.12165
1604.05994    1.10485    0.12443
1604.42981    0.75326    0.11902
1604.79895    1.07653    0.13075
1605.16809    0.72095    0.15961
1605.53833    1.06571    0.13157
1605.90759    0.98656    0.12534
1606.27795    1.09670    0.13115
1606.64746    0.86595    0.13478
1607.01794    0.92787    0.13304
1607.38770    1.25485    0.13003
1607.75745    0.94017    0.12495
1608.12817    0.95610    0.12412
1608.49817    1.04346    0.12588
1608.86902    0.96596    0.12597
1609.23914    0.91614    0.12533
1609.61035    0.98194    0.12490
1609.98047    1.07764    0.12531
1610.35083    1.16407    0.12663
1610.72217    1.24313    0.12796
1611.09290    1.11085    0.12679
1611.46436    0.98811    0.12483
1611.83508    1.11305    0.12786
1612.20679    0.90399    0.13750
1612.57764    1.05504    0.14063
1612.94861    0.90495    0.13165
1613.32043    0.78231    0.12127
1613.69165    0.88736    0.11646
1614.06384    0.86911    0.11428
1614.43518    0.70768    0.11354
1614.80737    0.99880    0.11741
1615.17883    0.92921    0.11660
1615.55042    0.88147    0.11934
1615.92285    1.18315    0.12596
1616.29480    1.15797    0.12534
1616.66748    0.91365    0.12300
1617.03931    0.93017    0.12162
1617.41211    1.00617    0.11928
1617.78430    1.02112    0.11970
1618.15649    0.97616    0.12296
1618.52954    0.82241    0.12153
1618.90186    0.80359    0.11780
1619.27527    0.87436    0.11580
1619.64783    0.86482    0.11653
1620.02136    0.84417    0.11951
1620.39404    1.08492    0.12838
1620.76672    1.11794    0.12972
1621.14062    0.96145    0.12322
1621.51343    0.95939    0.11702
1621.88733    0.92661    0.11680
1622.26050    0.84022    0.11459
1622.63452    0.81000    0.11461
1623.00793    1.02471    0.11993
1623.38123    0.94771    0.12927
1623.75562    1.13944    0.14153
1624.12915    1.11221    0.14270
1624.50366    0.93643    0.13248
1624.87732    0.90459    0.12377
1625.25208    0.99697    0.11813
1625.62598    0.93996    0.11552
1625.99976    0.79293    0.11303
1626.37488    0.91861    0.11669
1626.74902    1.06723    0.12248
1627.12415    0.88631    0.12262
1627.49841    0.83978    0.12038
1627.87366    1.21194    0.12115
1628.24817    1.16918    0.12171
1628.62280    0.88383    0.12258
1628.99829    1.07065    0.12165
1629.37317    1.07011    0.11750
1629.74890    1.24335    0.12247
1630.12378    1.17441    0.12216
1630.49963    1.24678    0.12388
1630.87463    0.87047    0.12522
1631.25085    1.11366    0.12762
1631.62610    1.01199    0.12376
1632.00146    0.98086    0.12286
1632.37769    1.06016    0.12422
1632.75330    1.04007    0.12487
1633.12976    0.95112    0.12404
1633.50549    0.86012    0.11958
1633.88220    1.01383    0.11613
1634.25806    1.06630    0.11673
1634.63403    1.07773    0.11920
1635.01086    1.17382    0.12247
1635.38708    0.98877    0.11873
1635.76416    0.91656    0.11737
1636.14050    0.88189    0.11548
1636.51782    0.78493    0.11437
1636.89429    0.97661    0.11786
1637.27087    0.77958    0.11928
1637.64844    1.11682    0.12805
1638.02515    1.13781    0.12938
1638.40283    1.23618    0.13043
1638.77979    0.95167    0.12392
1639.15771    0.83648    0.11945
1639.53479    0.88425    0.11539
1639.91199    1.07904    0.11479
1640.29004    0.82562    0.11228
1640.66736    0.89504    0.11481
1641.04578    0.86847    0.11579
1641.42334    1.09047    0.11742
1641.80176    0.86810    0.11294
1642.17957    0.96813    0.11384
1642.55725    1.20542    0.11597
1642.93591    0.96299    0.11608
1643.31409    1.00708    0.11695
1643.69299    1.15652    0.12164
1644.07104    1.03381    0.12367
1644.45020    1.01956    0.12186
1644.82849    0.87620    0.11639
1645.20691    0.85065    0.11447
1645.58630    0.93625    0.11597
1645.96484    0.93239    0.11323
1646.34448    1.17127    0.11629
1646.72314    0.67029    0.11208
1647.10291    0.99529    0.11889
1647.48181    0.94061    0.12030
1647.86072    0.96205    0.11851
1648.24084    1.12214    0.11740
1648.61987    1.27720    0.11715
1649.00012    1.08192    0.11592
1649.37952    0.94974    0.11546
1649.75977    1.14840    0.12028
