1410.22571    1.24499    0.05120
1410.55005    1.16496    0.05233
1410.87537    1.18692    0.05268
1411.19995    1.15600    0.05069
1411.52539    1.19945    0.04990
1411.85010    1.15308    0.05006
1412.17566    1.04689    0.05028
1412.50061    0.97034    0.05031
1412.82544    1.09501    0.05043
1413.15125    1.08549    0.04899
1413.47632    1.11478    0.04885
1413.80237    1.05231    0.04895
1414.12756    1.07155    0.05009
1414.45361    1.18061    0.05120
1414.77905    1.15796    0.04982
1415.10449    1.09685    0.04894
1415.43091    1.05272    0.04825
1415.75647    1.09944    0.04963
1416.08289    1.06140    0.05106
1416.40869    1.11436    0.05231
1416.73523    1.12435    0.05219
1417.06116    1.11805    0.05143
1417.38794    1.06567    0.05020
1417.71399    1.10489    0.04975
1418.04016    1.12461    0.04972
1418.36719    1.12681    0.04887
1418.69348    1.16528    0.04914
1419.02063    1.05758    0.04801
1419.34705    1.02118    0.04803
1419.67432    0.95077    0.04755
1420.00098    0.91747    0.04753
1420.32764    0.83455    0.04752
1420.65515    0.91265    0.04744
1420.98206    1.09024    0.04904
1421.30969    1.06200    0.04873
1421.63672    1.10342    0.05003
1421.96448    1.11913    0.05007
1422.29150    1.08461    0.04960
1422.61877    1.02904    0.04923
1422.94678    1.02098    0.04904
1423.27417    1.05944    0.05013
1423.60242    1.00268    0.05050
1423.92993    1.05530    0.04956
1424.25818    1.04152    0.04832
1424.58582    0.93309    0.04688
1424.91357    1.02597    0.04791
1425.24219    1.03728    0.04915
1425.57007    0.97803    0.04967
1425.89880    1.07846    0.05071
1426.22681    1.01909    0.05072
1426.55579    1.07396    0.05095
1426.88391    0.93860    0.04943
1427.21216    0.97947    0.04932
1427.54126    1.04215    0.04941
1427.86975    1.08934    0.04930
1428.19897    1.02433    0.04824
1428.52747    1.02067    0.04887
1428.85681    1.00275    0.04859
1429.18567    0.94010    0.04803
1429.51428    1.02424    0.04916
1429.84412    1.00946    0.04955
1430.17285    1.05379    0.04864
1430.50281    0.96910    0.04649
1430.83191    0.98065    0.04656
1431.16174    0.83870    0.04616
1431.49109    0.65730    0.04417
1431.82031    0.33690    0.04027
1432.15051    0.45286    0.04182
1432.47998    0.70464    0.04255
1432.81030    0.84771    0.04494
1433.13989    1.02297    0.04790
1433.47046    0.97710    0.04993
1433.80017    0.69205    0.04824
1434.13000    0.52237    0.04447
1434.46069    0.54890    0.04332
1434.79065    0.72544    0.04592
1435.12158    1.05198    0.05061
1435.45178    1.01786    0.05483
1435.78271    0.92248    0.05199
1436.11304    0.94939    0.04992
1436.44348    0.98329    0.04878
1436.77466    0.88356    0.04813
1437.10510    0.95601    0.05001
1437.43652    0.87346    0.05008
1437.76721    0.78160    0.04981
1438.09875    0.73015    0.04989
1438.42957    0.83377    0.04962
1438.76050    0.92715    0.04852
1439.09229    0.91062    0.04696
1439.42334    0.90469    0.04694
1439.75525    0.89331    0.04630
1440.08655    0.85768    0.04531
1440.41858    0.84823    0.04549
1440.75000    0.92666    0.04684
1441.08142    0.94388    0.04775
1441.41370    0.93779    0.04778
1441.74536    0.96512    0.04835
1442.07776    1.00924    0.04856
1442.40955    0.95048    0.04729
1442.74219    0.92420    0.04725
1443.07397    0.95576    0.04809
1443.40686    0.90682    0.04815
1443.73877    0.98326    0.04858
1444.07092    1.00306    0.04826
1444.40393    0.97351    0.04837
1444.73633    0.98314    0.04771
1445.06946    0.89743    0.04631
1445.40186    1.05338    0.04845
1445.73523    0.87672    0.04652
1446.06775    0.97724    0.04825
1446.40039    0.96989    0.04838
1446.73401    0.88779    0.04831
1447.06677    0.93434    0.04901
1447.40039    0.89690    0.04775
1447.73340    0.91514    0.04747
1448.06726    0.91359    0.04674
1448.40039    0.89792    0.04673
1448.73364    1.00244    0.04728
1449.06775    0.85122    0.04659
1449.40100    0.94003    0.04740
1449.73535    0.95731    0.04784
1450.06873    0.95012    0.04743
1450.40320    0.96308    0.04701
1450.73682    0.95836    0.04637
1451.07056    0.95415    0.04527
1451.40527    0.95527    0.04537
1451.73901    0.98516    0.04595
1452.07385    1.03008    0.04720
1452.40796    0.95717    0.04805
1452.74280    1.10041    0.04897
1453.07703    0.98845    0.04906
1453.41138    0.93289    0.04815
1453.74646    0.97723    0.04803
1454.08093    0.90750    0.04781
1454.41614    0.98278    0.04774
1454.75073    0.97397    0.04713
1455.08618    0.93487    0.04636
1455.42090    1.03151    0.04741
1455.75574    0.98050    0.04670
1456.09143    0.98027    0.04684
1456.42639    1.02910    0.04776
1456.76233    0.91354    0.04650
1457.09741    1.01566    0.04712
1457.43347    0.94730    0.04710
1457.76868    0.84142    0.04736
1458.10400    0.99400    0.04888
1458.44031    1.01048    0.04788
1458.77588    0.93060    0.04620
1459.11218    1.00311    0.04593
1459.44788    0.94862    0.04492
1459.78442    1.02139    0.04637
1460.12024    0.93999    0.04668
1460.45618    1.01589    0.04821
1460.79297    1.03998    0.04916
1461.12903    1.01486    0.04973
1461.46594    0.93300    0.05020
1461.80212    1.00549    0.04983
1462.13916    1.05006    0.04928
1462.47559    0.98573    0.04715
1462.81201    0.99086    0.04727
1463.14929    1.03268    0.04823
1463.48584    0.92340    0.04772
1463.82336    0.97225    0.04763
1464.16016    1.00474    0.04706
1464.49780    1.07438    0.04851
1464.83472    1.04020    0.04880
1465.17163    0.99544    0.05102
1465.50952    1.06887    0.06790
1465.84656    0.97230    0.09554
1466.18469    0.70314    0.09414
1466.52197    0.90725    0.07085
1466.86023    1.03438    0.05697
1467.19763    0.96773    0.05086
1467.53516    0.98724    0.04877
1467.87354    1.01821    0.04970
1468.21130    1.08515    0.05962
1468.54980    0.99064    0.05875
1468.88770    1.02499    0.05402
1469.22632    1.01677    0.05018
1469.56433    0.90209    0.04937
1469.90320    1.00678    0.04928
1470.24133    0.94534    0.04749
1470.57959    0.95474    0.04781
1470.91882    1.00671    0.04889
1471.25720    0.96099    0.04946
1471.59631    0.94425    0.04998
1471.93494    0.99169    0.05097
1472.27429    0.99731    0.05054
1472.61304    0.97416    0.04978
1472.95190    0.99672    0.04861
1473.29138    0.91387    0.04697
1473.63049    0.91517    0.04695
1473.97021    0.90306    0.04779
1474.30933    0.92194    0.04781
1474.64929    0.90529    0.04825
1474.98853    0.85386    0.04777
1475.32776    0.88572    0.04871
1475.66797    0.81184    0.04826
1476.00757    0.87943    0.04942
1476.34790    0.92845    0.05002
1476.68750    0.96793    0.05248
1477.02795    0.93350    0.05119
1477.36780    0.82033    0.05132
1477.70764    0.95048    0.04850
1478.04846    0.90692    0.04776
1478.38843    0.89288    0.04738
1478.72937    0.89849    0.04817
1479.06958    0.88417    0.04942
1479.41052    0.83889    0.04869
1479.75098    0.88836    0.04806
1480.09143    0.86105    0.04745
1480.43274    0.74389    0.04653
1480.77332    0.77123    0.04642
1481.11475    0.70838    0.04517
1481.45544    0.79420    0.04684
1481.79712    0.83449    0.04827
1482.13794    0.81603    0.04972
1482.47888    0.84289    0.04732
1482.82080    0.71645    0.04457
1483.16199    0.78657    0.04501
1483.50391    0.77412    0.04778
1483.84509    0.76822    0.04851
1484.18738    0.77999    0.04703
1484.52881    0.87314    0.04634
1484.87024    0.80097    0.04470
1485.21277    0.60103    0.04175
1485.55432    0.75606    0.04430
1485.89697    0.81565    0.04622
1486.23877    0.75992    0.04581
1486.58142    0.77627    0.04645
1486.92346    0.77011    0.04659
1487.26562    0.70334    0.04633
1487.60852    0.71995    0.04653
1487.95068    0.72855    0.04714
1488.29382    0.63148    0.04583
1488.63635    0.62045    0.04569
1488.97949    0.57683    0.04559
1489.32202    0.57124    0.04577
1489.66467    0.62820    0.04455
1490.00818    0.56150    0.04230
1490.35095    0.50520    0.04122
1490.69470    0.44535    0.04186
1491.03748    0.45517    0.04215
1491.38147    0.39907    0.03966
1491.72449    0.38325    0.03938
1492.06763    0.40681    0.04169
1492.41174    0.36026    0.04688
1492.75500    0.43367    0.04565
1493.09924    0.38436    0.04158
1493.44275    0.41933    0.04228
1493.78711    0.41603    0.04296
1494.13086    0.39766    0.04178
1494.47449    0.38265    0.04134
1494.81921    0.38340    0.04129
1495.16309    0.35695    0.04046
1495.50769    0.35083    0.04029
1495.85193    0.36825    0.04129
1496.19678    0.33115    0.04411
1496.54102    0.44079    0.07456
1496.88599   -0.41738    0.20181
1497.23047   -0.50973    0.28496
1497.57483    1.04603    0.27012
1497.92017    0.86251    0.15631
1498.26477    0.69688    0.08431
1498.61023    0.62724    0.05497
1498.95508    0.38580    0.04113
1499.30066    0.40724    0.03868
1499.64563    0.48314    0.03981
1499.99060    0.47528    0.04087
1500.33655    0.38976    0.04207
1500.68176    0.39578    0.04249
1501.02771    0.46652    0.04214
1501.37305    0.45109    0.04089
1501.71924    0.50716    0.04115
1502.06470    0.46922    0.04204
1502.41016    0.48978    0.04309
1502.75671    0.47160    0.04199
1503.10242    0.49862    0.04091
1503.44897    0.55019    0.04151
1503.79480    0.54183    0.04327
1504.14160    0.50614    0.04298
1504.48767    0.54292    0.04280
1504.83386    0.51903    0.04250
1505.18079    0.53293    0.04219
1505.52698    0.48644    0.04112
1505.87415    0.49190    0.04202
1506.22070    0.57757    0.04294
1506.56799    0.53714    0.04260
1506.91467    0.47401    0.04155
1507.26123    0.52524    0.04076
1507.60889    0.62323    0.04125
1507.95557    0.58172    0.04188
1508.30334    0.59606    0.04222
1508.65039    0.63269    0.04185
1508.99829    0.63083    0.04191
1509.34534    0.64240    0.04313
1509.69263    0.72159    0.04460
1510.04077    0.78147    0.04508
1510.38818    0.72239    0.04403
1510.73633    0.72627    0.04425
1511.08398    0.80188    0.04658
1511.43237    0.79267    0.04649
1511.78015    0.75770    0.04494
1512.12793    0.80567    0.04507
1512.47656    0.93196    0.04495
1512.82446    0.88941    0.04485
1513.17334    0.91115    0.04553
1513.52148    0.93485    0.04690
1513.87048    0.93803    0.04925
1514.21875    0.93011    0.04911
1514.56714    0.90969    0.04551
1514.91638    0.90959    0.04442
1515.26489    0.94804    0.04643
1515.61426    0.96975    0.04759
1515.96289    0.97434    0.04620
1516.31250    0.96418    0.04453
1516.66125    0.91190    0.04341
1517.01025    0.98026    0.04403
1517.36011    1.00061    0.04477
1517.70911    0.97254    0.04470
1518.05920    1.04816    0.04517
1518.40845    1.07783    0.04560
1518.75842    0.99464    0.04518
1519.10791    0.96807    0.04560
1519.45740    1.01320    0.04523
1519.80774    1.04990    0.04565
1520.15735    1.05660    0.04519
1520.50793    1.09241    0.04564
1520.85779    1.05665    0.04643
1521.20850    1.09748    0.04603
1521.55835    1.05212    0.04472
1521.90845    1.09862    0.04519
1522.25940    0.97081    0.04682
1522.60962    1.10816    0.04892
1522.96069    0.98804    0.04658
1523.31104    1.05880    0.04494
1523.66223    1.08475    0.04620
1524.01282    1.11397    0.04723
1524.36426    1.03178    0.04564
1524.71484    1.08651    0.04465
1525.06567    1.09509    0.04657
1525.41736    1.14398    0.05038
1525.76831    1.03346    0.05167
1526.12000    1.04968    0.05118
1526.47119    0.94096    0.05016
1526.82312    0.73438    0.05071
1527.17444    0.48318    0.05198
1527.52576    0.60675    0.04902
1527.87805    0.90633    0.04867
1528.22949    1.12806    0.04907
1528.58191    1.05281    0.04526
1528.93359    1.04850    0.04303
1529.28613    1.10737    0.04388
1529.63782    1.03664    0.04300
1529.98975    1.04439    0.04153
1530.34253    0.97327    0.03950
1530.69470    0.84642    0.03700
1531.04761    0.62717    0.03439
1531.39990    0.67863    0.03507
1531.75293    0.87417    0.03720
1532.10535    1.00468    0.03813
1532.45776    1.07035    0.03774
1532.81128    1.00950    0.03658
1533.16382    1.09446    0.03729
1533.51746    1.05981    0.03761
1533.87024    1.04463    0.03703
1534.22388    1.07206    0.03551
1534.57690    1.06878    0.03491
1534.92981    1.09339    0.03520
1535.28381    1.01620    0.03483
1535.63696    0.99694    0.03390
1535.99109    1.02837    0.03406
1536.34436    1.06434    0.03412
1536.69861    1.01622    0.03343
1537.05225    1.00492    0.03252
1537.40588    0.99169    0.03218
1537.76038    1.11160    0.03320
1538.11401    1.00741    0.03222
1538.46887    0.98078    0.03176
1538.82275    1.02632    0.03237
1539.17761    1.03790    0.03257
1539.53174    1.04051    0.03259
1539.88586    1.02114    0.03182
1540.24084    1.00385    0.03168
1540.59521    1.00381    0.03115
1540.95056    0.97456    0.03055
1541.30505    0.99275    0.03079
1541.66052    0.93020    0.03063
1542.01514    0.96582    0.03095
1542.36987    0.99017    0.03134
1542.72546    0.99897    0.03111
1543.08032    0.93664    0.03092
1543.43628    1.03732    0.03217
1543.79126    1.00791    0.03180
1544.14722    1.01059    0.03172
1544.50256    1.01357    0.03137
1544.85779    1.01770    0.03121
1545.21411    0.96830    0.03059
1545.56946    1.00462    0.03109
1545.92590    0.95738    0.03116
1546.28149    1.00998    0.03200
1546.63806    1.00661    0.03222
1546.99390    1.03982    0.03302
1547.34985    1.05371    0.03477
1547.70667    0.91745    0.03488
1548.06274    1.00026    0.03655
1548.41968    1.05072    0.03894
1548.77588    1.03497    0.04240
1549.13306    0.99331    0.04230
1549.48938    1.01891    0.03932
1549.84583    0.98781    0.03752
1550.20325    1.01143    0.03763
1550.55981    1.02216    0.03733
1550.91736    1.01137    0.03642
1551.27429    0.96085    0.03629
1551.63196    1.03515    0.03766
1551.98889    0.92663    0.03877
1552.34680    0.99912    0.04001
1552.70398    1.09582    0.04075
1553.06104    0.97015    0.03946
1553.41919    1.01333    0.04061
1553.77661    1.08625    0.04448
1554.13489    0.96099    0.04838
1554.49243    0.94699    0.05170
1554.85095    0.94745    0.04894
1555.20862    1.04959    0.04661
1555.56641    1.01255    0.04586
1555.92505    0.95937    0.04481
1556.28296    1.01382    0.04407
1556.64197    1.02745    0.04450
1557.00000    0.97203    0.04474
1557.35901    1.03427    0.04596
1557.71729    1.00958    0.04632
1558.07568    0.94801    0.04646
1558.43494    0.96358    0.04777
1558.79346    1.04345    0.04921
1559.15283    0.92781    0.04916
1559.51160    0.97096    0.05020
1559.87122    1.08177    0.05172
1560.22998    1.00836    0.05419
1560.58899    0.98016    0.05450
1560.94885    1.04695    0.05152
1561.30798    1.05533    0.05182
1561.66797    0.89419    0.05193
1562.02722    0.96456    0.05270
1562.38745    1.05749    0.05365
1562.74683    0.97703    0.05237
1563.10632    0.99902    0.05454
1563.46680    1.03645    0.05568
1563.82642    0.98602    0.05783
1564.18713    1.02504    0.05928
1564.54688    1.01712    0.05680
1564.90771    0.99100    0.05539
1565.26770    1.01333    0.05518
1565.62781    0.90952    0.05446
1565.98889    0.97363    0.05564
1566.34900    0.98076    0.05617
1566.71033    0.98077    0.05589
1567.07080    0.96256    0.05777
1567.43213    0.96928    0.05802
1567.79260    0.97257    0.05881
1568.15332    1.03025    0.06094
1568.51501    1.08520    0.06049
1568.87585    0.94872    0.05757
1569.23755    0.93056    0.05717
1569.59851    1.13263    0.05847
1569.96057    0.93385    0.05740
1570.32166    1.04202    0.05902
1570.68298    1.11979    0.06038
1571.04504    1.02943    0.06018
1571.40649    0.97866    0.05940
1571.76892    0.98752    0.05992
1572.13049    1.04101    0.06106
1572.49292    1.06248    0.06153
1572.85486    1.01319    0.06110
1573.21655    1.03501    0.06095
1573.57947    1.07585    0.06388
1573.94141    0.94538    0.06154
1574.30432    1.01226    0.06256
1574.66650    0.84225    0.06451
1575.02954    0.91830    0.06430
1575.39197    1.04475    0.06285
1575.75427    1.00845    0.05973
1576.11768    0.92870    0.05739
1576.48035    1.00416    0.05780
1576.84375    1.06582    0.05734
1577.20654    1.02706    0.05695
1577.57019    1.04969    0.05653
1577.93323    1.05791    0.05612
1578.29614    1.04690    0.05582
1578.66003    1.02302    0.05429
1579.02332    0.94902    0.05324
1579.38745    0.90574    0.05702
1579.75073    0.89270    0.05845
1580.11511    0.99954    0.06048
1580.47864    1.08983    0.07523
1580.84302    0.96244    0.11322
1581.20667    0.83168    0.15203
1581.57043    0.96220    0.13189
1581.93518    1.14059    0.08608
1582.29907    0.95492    0.08511
1582.66394    1.06104    0.11951
1583.02808    1.01373    0.11830
1583.39307    1.01012    0.07759
1583.75745    1.04579    0.05806
1584.12170    1.00161    0.05505
1584.48694    1.05562    0.05603
1584.85144    0.92997    0.05444
1585.21692    1.03615    0.05460
1585.58154    1.05960    0.05431
1585.94727    0.87485    0.05338
1586.31213    0.94584    0.05324
1586.67712    0.99794    0.05280
1587.04285    0.94287    0.05208
1587.40796    0.94099    0.05412
1587.77405    0.99546    0.05801
1588.13928    0.97839    0.05837
1588.50562    1.03080    0.05531
1588.87097    0.99542    0.05194
1589.23645    0.94517    0.05217
1589.60291    0.92807    0.05284
1589.96863    0.93982    0.05323
1590.33521    0.96049    0.05340
1590.70117    0.96255    0.05320
1591.06799    0.95034    0.05290
1591.43408    0.94277    0.05312
1591.80005    0.95568    0.05434
1592.16711    0.90643    0.05600
1592.53345    0.97623    0.05771
1592.90063    0.93560    0.05659
1593.26709    0.97704    0.05358
1593.63452    0.96493    0.05273
1594.00122    0.99337    0.05374
1594.36792    1.05732    0.05371
1594.73547    0.99987    0.05095
1595.10229    0.91211    0.04955
1595.47021    0.97161    0.05031
1595.83728    1.01337    0.05119
1596.20532    1.02704    0.05150
1596.57239    0.93565    0.05005
1596.93970    0.97561    0.05050
1597.30798    1.08656    0.05204
1597.67542    1.01596    0.05373
1598.04382    0.99081    0.05457
1598.41150    1.02681    0.05251
1598.78003    1.00647    0.05186
1599.14783    0.94188    0.05018
1599.51575    0.96321    0.04863
1599.88452    0.96369    0.04793
1600.25269    0.94215    0.04720
1600.62158    1.03305    0.04801
1600.98987    0.90827    0.04799
1601.35913    1.05763    0.04967
1601.72742    0.96733    0.04897
1602.09583    0.94008    0.04826
1602.46533    1.00071    0.04865
1602.83398    1.04201    0.04972
1603.20361    1.05192    0.05048
1603.57251    0.99978    0.04950
1603.94214    0.91742    0.04829
1604.31128    0.94039    0.04882
1604.68030    1.04005    0.04990
1605.05029    1.01665    0.05160
1605.41956    0.97280    0.05108
1605.78967    0.99947    0.04992
1606.15918    0.92954    0.04816
1606.52954    0.89159    0.04659
1606.89905    0.95431    0.04771
1607.26880    0.95714    0.04959
1607.63940    0.99067    0.05035
1608.00928    0.97777    0.04836
1608.38000    0.95201    0.04932
1608.75000    0.95570    0.04876
1609.12097    0.99182    0.04687
1609.49121    0.97059    0.04633
1609.86243    0.89551    0.04576
1610.23267    0.94130    0.04579
1610.60315    0.92201    0.04492
1610.97461    0.93125    0.04532
1611.34521    0.96056    0.04732
1611.71667    0.99120    0.04972
1612.08752    1.01370    0.05013
1612.45923    0.96000    0.04690
1612.83020    0.88877    0.04463
1613.20117    0.91416    0.04397
1613.57312    0.97008    0.04585
1613.94446    0.97996    0.04685
1614.31665    0.95105    0.04656
1614.68787    0.89333    0.04543
1615.06030    0.91207    0.04472
1615.43176    1.05461    0.04497
1615.80347    1.04571    0.04531
1616.17603    1.00449    0.04514
1616.54785    0.97318    0.04502
1616.92065    0.99047    0.04446
1617.29272    0.98888    0.04367
1617.66553    0.99360    0.04376
1618.03772    0.96838    0.04421
1618.40991    0.94754    0.04548
1618.78320    0.98884    0.04714
1619.15552    1.03664    0.04719
1619.52893    0.99969    0.04622
1619.90149    0.98844    0.04526
1620.27502    1.03540    0.04503
1620.64771    0.94919    0.04428
1621.02051    0.96627    0.04508
1621.39429    1.01666    0.04571
1621.76733    0.92796    0.04485
1622.14136    0.92972    0.04462
1622.51453    0.95319    0.04481
1622.88867    0.96838    0.04446
1623.26208    1.01577    0.04402
1623.63538    1.03525    0.04419
1624.00989    1.04273    0.04391
1624.38342    1.02838    0.04390
1624.75806    0.99608    0.04384
1625.13184    1.12244    0.04542
1625.50647    1.03172    0.04493
1625.88049    1.00219    0.04378
1626.25452    1.01617    0.04336
1626.62952    1.00451    0.04387
1627.00366    1.05364    0.04461
1627.37891    1.00837    0.04411
1627.75330    0.97969    0.04331
1628.12866    1.02353    0.04298
1628.50330    1.00012    0.04238
1628.87781    0.93882    0.04164
1629.25342    0.98348    0.04230
1629.62817    1.02095    0.04371
1630.00415    0.96676    0.04374
1630.37903    1.00315    0.04378
1630.75500    0.96695    0.04273
1631.13013    0.93754    0.04322
1631.50537    0.94140    0.04259
1631.88159    1.09371    0.04220
1632.25708    1.03925    0.04161
1632.63354    0.99893    0.04154
1633.00891    1.08571    0.04262
1633.38562    1.05885    0.04327
1633.76135    0.98260    0.04218
1634.13721    0.98435    0.04118
1634.51404    1.02115    0.04088
1634.89001    1.06196    0.04232
1635.26709    1.06806    0.04263
1635.64319    1.01104    0.04186
1636.02039    1.03357    0.04125
1636.39673    1.05054    0.04143
1636.77405    0.97862    0.04028
1637.15063    1.06312    0.04183
1637.52722    1.03906    0.04150
1637.90479    0.99258    0.04157
1638.28162    0.98659    0.04083
1638.65942    1.00330    0.04119
1639.03638    1.01053    0.04139
1639.41431    0.99429    0.04178
1639.79150    1.00502    0.04184
1640.16870    1.07102    0.04151
1640.54700    1.11033    0.04124
1640.92444    1.05353    0.04111
1641.30273    1.03614    0.04100
1641.68030    1.06493    0.04054
1642.05896    1.09424    0.04055
1642.43665    1.04268    0.04007
1642.81445    1.04722    0.04002
1643.19336    1.03299    0.03946
1643.57129    1.05259    0.03961
1643.95032    0.99071    0.03985
1644.32861    1.00667    0.03975
1644.70776    1.06696    0.03947
1645.08606    1.05102    0.03804
1645.46460    1.03949    0.03755
1645.84399    0.92741    0.03638
1646.22266    0.94661    0.03815
1646.60229    1.05646    0.03996
1646.98108    1.03367    0.03947
1647.36084    1.06002    0.03994
1647.73987    0.98623    0.03947
1648.11890    1.06500    0.04044
1648.49890    1.06831    0.04181
1648.87817    1.04617    0.04319
1649.25842    1.07095    0.04351
1649.63782    1.00516    0.04156
