1410.20496    0.99639    0.19007
1410.52942    1.03409    0.18976
1410.85461    1.16048    0.19412
1411.17920    1.17435    0.19937
1411.50452    0.96542    0.20537
1411.82922    0.69737    0.21099
1412.15491    0.93860    0.21994
1412.47974    1.64091    0.23500
1412.80469    1.34415    0.22428
1413.13049    1.04898    0.22457
1413.45557    1.00572    0.20511
1413.78149    0.56750    0.20797
1414.10669    1.57602    0.21482
1414.43286    1.02989    0.21322
1414.75818    1.41487    0.21127
1415.08374    1.39991    0.20445
1415.41003    0.79427    0.19145
1415.73560    1.43494    0.19527
1416.06201    0.87804    0.19092
1416.38782    1.28095    0.19345
1416.71448    1.14967    0.19410
1417.04041    0.74231    0.18660
1417.36633    0.61495    0.18231
1417.69324    0.57119    0.18190
1418.01941    0.98809    0.18937
1418.34631    0.79855    0.18395
1418.67261    1.03302    0.18056
1418.99976    1.32097    0.18163
1419.32617    1.08956    0.18129
1419.65271    0.74080    0.17649
1419.98010    0.92961    0.17710
1420.30676    1.02018    0.17563
1420.63428    0.92863    0.17314
1420.96106    1.06388    0.17584
1421.28870    1.24519    0.17923
1421.61572    0.90650    0.17198
1421.94275    0.91989    0.16540
1422.27063    0.96840    0.16686
1422.59778    0.73306    0.15415
1422.92590    0.70423    0.15528
1423.25330    1.15972    0.16091
1423.58142    1.38506    0.16568
1423.90894    0.53563    0.16467
1424.23645    1.12585    0.16457
1424.56494    0.86719    0.16781
1424.89258    0.71079    0.15734
1425.22119    1.18547    0.16329
1425.54919    0.63870    0.15468
1425.87781    1.13604    0.16039
1426.20581    1.28201    0.16596
1426.53394    0.91739    0.16075
1426.86292    0.71095    0.15216
1427.19116    0.91900    0.15130
1427.52026    1.01335    0.15236
1427.84863    0.86849    0.14918
1428.17786    1.15385    0.15584
1428.50647    1.11664    0.16159
1428.83508    1.03982    0.16231
1429.16455    1.13198    0.15942
1429.49341    0.82555    0.14852
1429.82300    0.71013    0.14757
1430.15186    0.85295    0.15069
1430.48169    0.92584    0.14734
1430.81079    0.80808    0.14592
1431.13989    0.77241    0.14976
1431.46997    1.08705    0.15382
1431.79932    1.03992    0.15117
1432.12939    1.00342    0.15040
1432.45898    0.91669    0.14717
1432.78918    0.98209    0.15140
1433.11890    1.13458    0.15374
1433.44849    0.85914    0.15394
1433.77905    0.60345    0.15362
1434.10889    0.79374    0.15755
1434.43970    0.68547    0.17352
1434.76953    0.46473    0.15930
1435.10046    0.74206    0.16246
1435.43054    1.26772    0.15419
1435.76160    0.76234    0.14490
1436.09192    1.13504    0.14844
1436.42224    0.91646    0.14925
1436.75354    0.77149    0.14404
1437.08398    1.33501    0.15463
1437.41541    0.95837    0.14538
1437.74609    0.44831    0.13331
1438.07764    0.59006    0.13906
1438.40845    0.84543    0.14337
1438.73938    1.03635    0.15027
1439.07104    1.12898    0.15512
1439.40222    0.85138    0.15242
1439.73413    0.78384    0.15420
1440.06543    1.14431    0.16572
1440.39734    1.01984    0.17181
1440.72876    0.89628    0.17370
1441.06018    1.14962    0.17647
1441.39258    0.87285    0.17395
1441.72412    1.37791    0.17050
1442.05652    0.86478    0.17002
1442.38831    0.76473    0.16486
1442.72083    1.00204    0.17393
1443.05273    0.78163    0.17787
1443.38477    0.74497    0.17461
1443.71753    0.87024    0.16604
1444.04980    1.27833    0.15711
1444.38269    1.14652    0.15013
1444.71497    0.71238    0.14095
1445.04822    0.66159    0.14331
1445.38062    0.81986    0.14286
1445.71313    0.84662    0.14058
1446.04651    1.05653    0.13956
1446.37915    1.33313    0.14321
1446.71265    1.18870    0.14005
1447.04553    0.80120    0.13361
1447.37915    1.20699    0.13836
1447.71216    1.18605    0.13580
1448.04517    1.05539    0.13343
1448.37915    0.90171    0.12848
1448.71228    0.85221    0.12694
1449.04639    0.96056    0.12816
1449.37976    0.94230    0.12708
1449.71387    0.70730    0.12371
1450.04749    0.59011    0.12589
1450.38110    0.83481    0.12966
1450.71545    0.81058    0.12820
1451.04919    0.44123    0.11761
1451.38391    0.99348    0.12244
1451.71777    0.55129    0.12140
1452.05249    0.77352    0.12195
1452.38647    0.90979    0.13101
1452.72070    0.86411    0.13374
1453.05566    1.12262    0.14514
1453.38989    1.09567    0.14231
1453.72498    0.86192    0.14598
1454.05945    1.18582    0.14917
1454.39478    1.26723    0.14906
1454.72937    1.07583    0.14572
1455.06409    1.12094    0.14382
1455.39954    1.01162    0.13884
1455.73438    0.73881    0.13415
1456.07007    0.97532    0.13404
1456.40503    0.98522    0.13211
1456.74084    0.74722    0.12956
1457.07605    0.83539    0.13342
1457.41113    0.96817    0.13485
1457.74731    0.69499    0.12917
1458.08264    0.79917    0.13062
1458.41882    0.89544    0.12936
1458.75439    0.65853    0.12550
1459.09070    0.45971    0.12127
1459.42639    0.87375    0.12622
1459.76294    0.97998    0.12607
1460.09875    0.98664    0.12562
1460.43469    0.90184    0.12474
1460.77148    0.74171    0.12115
1461.10742    0.73321    0.11761
1461.44446    1.03675    0.12406
1461.78064    0.80030    0.11627
1462.11768    0.82013    0.11677
1462.45410    1.01612    0.11748
1462.79053    0.99818    0.11607
1463.12781    0.80020    0.11389
1463.46436    0.93768    0.11441
1463.80188    0.76776    0.11290
1464.13867    0.83523    0.11526
1464.47632    0.99831    0.11751
1464.81311    0.98728    0.12289
1465.15002    0.93316    0.12546
1465.48804    1.20370    0.12861
1465.82520    0.99202    0.13012
1466.16321    0.94145    0.12943
1466.50049    0.88294    0.13261
1466.83862    0.75521    0.12655
1467.17603    0.79088    0.12509
1467.51355    0.80591    0.12528
1467.85193    0.68534    0.12643
1468.18970    1.13078    0.12977
1468.52820    1.05444    0.12717
1468.86597    0.73676    0.12153
1469.20471    1.15181    0.12788
1469.54272    0.76456    0.12382
1469.88086    1.07408    0.12869
1470.21973    1.22332    0.13049
1470.55798    1.07874    0.13050
1470.89709    0.96984    0.12819
1471.23547    0.97684    0.12514
1471.57471    0.74482    0.12018
1471.91321    0.70634    0.11545
1472.25195    0.65604    0.11838
1472.59143    0.68682    0.11614
1472.93018    0.82727    0.12251
1473.26978    0.91583    0.11934
1473.60864    0.95875    0.11993
1473.94849    1.13228    0.12295
1474.28760    0.92307    0.12233
1474.62671    0.73624    0.12101
1474.96680    0.79901    0.12100
1475.30615    0.79270    0.11869
1475.64624    0.70088    0.11643
1475.98584    0.88448    0.12079
1476.32617    0.90216    0.12273
1476.66577    0.91482    0.12396
1477.00549    0.91265    0.12271
1477.34619    0.78539    0.12187
1477.68591    1.20761    0.13007
1478.02673    1.04261    0.13493
1478.36670    0.83432    0.13069
1478.70764    0.93329    0.13170
1479.04773    1.12520    0.13143
1479.38806    1.06437    0.13258
1479.72925    0.98267    0.13092
1480.06958    0.99411    0.12984
1480.41089    1.08511    0.13098
1480.75146    1.26654    0.13188
1481.09290    1.21750    0.12989
1481.43359    0.77041    0.12163
1481.77441    0.98629    0.13222
1482.11621    1.14640    0.16510
1482.45703    0.99091    0.16424
1482.79895    0.90591    0.16316
1483.14001    0.92216    0.16369
1483.48206    0.80106    0.14785
1483.82336    1.17207    0.13534
1484.16479    0.99282    0.12629
1484.50696    0.83413    0.12237
1484.84851    0.93345    0.12175
1485.19092    0.99381    0.13005
1485.53247    0.76650    0.12538
1485.87512    0.76773    0.12165
1486.21692    1.12867    0.12205
1486.55969    0.91932    0.12028
1486.90161    0.83143    0.11699
1487.24365    1.10036    0.11959
1487.58667    0.85191    0.11272
1487.92883    0.78158    0.11532
1488.27197    1.06596    0.12073
1488.61438    1.04525    0.12089
1488.95752    0.83946    0.12110
1489.30017    0.79893    0.11909
1489.64282    0.95812    0.12011
1489.98621    1.20849    0.12708
1490.32898    0.82214    0.12813
1490.67273    1.11503    0.14868
1491.01562    1.06236    0.13543
1491.35950    0.42330    0.15377
1491.70251    0.83906    0.17914
1492.04565    1.00315    0.16118
1492.38977    0.98515    0.15824
1492.73303    0.97294    0.14508
1493.07727    1.00659    0.13197
1493.42078    0.92897    0.12934
1493.76514    0.67804    0.11984
1494.10889    0.87701    0.11865
1494.45251    1.17533    0.12181
1494.79712    1.09301    0.12334
1495.14099    0.79114    0.11847
1495.48572    0.67430    0.11322
1495.82983    0.90588    0.11255
1496.17480    1.25532    0.11747
1496.51892    1.19369    0.11836
1496.86328    0.88916    0.11747
1497.20837    0.74510    0.11418
1497.55286    0.99769    0.11879
1497.89819    1.37651    0.12179
1498.24280    1.09059    0.12185
1498.58826    1.12369    0.12591
1498.93298    0.76935    0.12827
1499.27783    0.70687    0.12306
1499.62354    1.21530    0.12863
1499.96851    1.04056    0.12423
1500.31445    0.86558    0.12305
1500.65955    1.05858    0.11939
1501.00562    1.00915    0.12037
1501.35095    0.87645    0.11572
1501.69629    0.98307    0.11288
1502.04260    0.99582    0.11031
1502.38818    0.69068    0.10826
1502.73462    0.91709    0.11283
1503.08020    1.04204    0.12254
1503.42688    0.88806    0.11608
1503.77283    0.77381    0.11339
1504.11877    0.84734    0.11237
1504.46558    0.87596    0.11448
1504.81165    1.00035    0.11792
1505.15857    1.11231    0.11947
1505.50488    0.93813    0.11522
1505.85217    0.72035    0.10795
1506.19849    1.03381    0.11054
1506.54504    0.65554    0.10828
1506.89233    0.81417    0.11114
1507.23901    0.97147    0.11164
1507.58667    0.91766    0.11051
1507.93347    0.99350    0.11180
1508.28125    1.20971    0.11219
1508.62817    0.75468    0.10905
1508.97522    1.05187    0.11008
1509.32312    0.96827    0.11435
1509.67041    0.82956    0.10899
1510.01855    1.06031    0.10971
1510.36597    0.59795    0.10267
1510.71423    1.12094    0.10999
1511.06177    0.84830    0.10586
1511.40942    0.71367    0.10202
1511.75781    0.81703    0.10057
1512.10559    0.77530    0.10034
1512.45435    1.05069    0.10068
1512.80237    0.88776    0.09673
1513.15112    0.81184    0.09855
1513.49927    0.92030    0.09902
1513.84827    0.89504    0.09820
1514.19653    0.75488    0.09999
1514.54480    1.01112    0.10277
1514.89404    0.78873    0.10102
1515.24268    0.77239    0.09863
1515.59204    0.94856    0.10329
1515.94067    1.04756    0.10635
1516.29016    0.93589    0.10456
1516.63904    0.79822    0.10028
1516.98804    1.09045    0.10654
1517.33777    1.03024    0.10646
1517.68677    0.71354    0.10113
1518.03687    0.79109    0.10377
1518.38599    1.19669    0.10487
1518.73608    0.81642    0.10027
1519.08545    0.89423    0.09809
1519.43506    0.74384    0.09978
1519.78540    1.05279    0.10890
1520.13501    1.29688    0.11724
1520.48560    0.86176    0.10833
1520.83533    1.01971    0.10482
1521.18591    1.01673    0.10404
1521.53601    0.96801    0.10435
1521.88599    1.09145    0.10708
1522.23694    1.06061    0.10638
1522.58716    0.73159    0.10175
1522.93823    0.85231    0.10166
1523.28857    0.92874    0.10399
1523.63977    0.92410    0.10392
1523.99048    0.85462    0.10343
1524.34106    0.76147    0.10102
1524.69238    0.81318    0.10226
1525.04321    1.11082    0.10398
1525.39490    0.74975    0.10048
1525.74585    0.81665    0.09990
1526.09753    0.84347    0.10043
1526.44873    0.74135    0.09981
1526.79993    0.92242    0.10499
1527.15198    1.08534    0.10378
1527.50330    0.89152    0.09770
1527.85559    0.75628    0.09505
1528.20703    0.74567    0.09564
1528.55933    0.66813    0.09205
1528.91101    0.48469    0.08909
1529.26270    0.48161    0.08498
1529.61536    0.23443    0.08200
1529.96716    0.15947    0.08076
1530.32019    0.15133    0.07647
1530.67212    0.10832    0.07839
1531.02502    0.12620    0.07934
1531.37732    0.21297    0.08243
1531.72974    0.11842    0.07943
1532.08289    0.04570    0.08045
1532.43530    0.09571    0.08411
1532.78857    0.09502    0.08155
1533.14124    0.02179    0.07984
1533.49487    0.28157    0.07922
1533.84766   -0.04179    0.07400
1534.20044   -0.01951    0.07250
1534.55432    0.11345    0.07657
1534.90723    0.11079    0.07323
1535.26111    0.13757    0.07636
1535.61450    0.19390    0.07913
1535.96851    0.16559    0.07666
1536.32178    0.00315    0.07299
1536.67529    0.02590    0.07178
1537.02954    0.10613    0.07062
1537.38318    0.01966    0.06674
1537.73779    0.24416    0.06579
1538.09155    0.18551    0.06357
1538.44629    0.18052    0.06239
1538.80017    0.17805    0.05662
1539.15417    0.11532    0.05152
1539.50891    0.12377    0.04751
1539.86316    0.30650    0.05068
1540.21826    0.45745    0.05465
1540.57251    0.66512    0.05808
1540.92786    0.90825    0.06083
1541.28235    1.06540    0.06118
1541.63770    1.06626    0.05942
1541.99243    1.03900    0.05753
1542.34717    1.03936    0.05624
1542.70288    1.07647    0.05403
1543.05762    1.03350    0.05398
1543.41345    1.02137    0.05193
1543.76868    1.13951    0.05175
1544.12463    0.96805    0.04911
1544.47974    0.97285    0.04845
1544.83508    1.01757    0.04919
1545.19128    1.05053    0.04965
1545.54675    1.07417    0.04920
1545.90320    1.07366    0.04997
1546.25879    1.07456    0.04973
1546.61536    1.05041    0.04934
1546.97119    0.92105    0.04752
1547.32703    0.95465    0.04754
1547.68396    1.05832    0.04785
1548.04004    0.94172    0.04760
1548.39697    1.12687    0.05255
1548.75317    0.99314    0.05344
1549.11023    1.01256    0.04989
1549.46655    1.08576    0.05038
1549.82300    0.97875    0.04866
1550.18042    0.85494    0.04771
1550.53699    1.04441    0.05225
1550.89465    0.91743    0.05090
1551.25146    1.05854    0.05459
1551.60901    1.00473    0.05351
1551.96619    0.80066    0.05367
1552.32312    1.13754    0.05520
1552.68103    0.89746    0.05574
1553.03821    1.05873    0.05758
1553.39636    1.10593    0.06113
1553.75366    1.06262    0.06141
1554.11206    1.07174    0.06083
1554.46948    0.98733    0.06035
1554.82715    0.97799    0.06192
1555.18567    0.98265    0.06173
1555.54346    0.98924    0.06177
1555.90222    1.04965    0.06388
1556.26001    1.07851    0.06498
1556.61890    0.96203    0.06447
1556.97717    1.02521    0.06443
1557.33533    0.97764    0.06524
1557.69434    1.00834    0.06621
1558.05273    1.06548    0.06690
1558.41199    1.07370    0.06752
1558.77051    1.06831    0.06709
1559.13000    0.88202    0.06512
1559.48853    0.97047    0.06873
1559.84741    1.06294    0.07046
1560.20703    0.96244    0.07020
1560.56592    0.86312    0.06910
1560.92590    1.03592    0.07091
1561.28503    1.00802    0.07237
1561.64502    0.96937    0.07368
1562.00427    1.01846    0.07557
1562.36353    0.96632    0.07611
1562.72388    0.89254    0.07372
1563.08337    1.08703    0.07747
1563.44385    0.92815    0.07539
1563.80347    0.97922    0.07655
1564.16406    0.97901    0.07547
1564.52405    0.96554    0.07610
1564.88379    1.00590    0.07633
1565.24463    0.96575    0.07960
1565.60486    1.15512    0.08749
1565.96570    1.10566    0.09293
1566.32605    1.02564    0.08987
1566.68726    1.05431    0.08505
1567.04761    1.00421    0.08414
1567.40820    0.75378    0.08073
1567.76965    1.03521    0.08572
1568.13025    0.96121    0.08557
1568.49194    0.96448    0.08830
1568.85266    0.98816    0.08800
1569.21436    0.88588    0.08571
1569.57544    0.96807    0.08638
1569.93738    1.03413    0.08769
1570.29846    0.96368    0.08778
1570.65967    1.02657    0.08770
1571.02209    1.06335    0.08716
1571.38342    0.99876    0.08878
1571.74585    1.12355    0.09258
1572.10742    1.02984    0.08873
1572.46985    1.07436    0.08903
1572.83167    1.10799    0.09220
1573.19348    1.08419    0.09137
1573.55615    0.98327    0.08795
1573.91833    0.80823    0.08771
1574.28113    1.15004    0.09210
1574.64331    1.03819    0.09335
1575.00635    1.09027    0.09114
1575.36890    1.24320    0.09479
1575.73120    1.11899    0.09232
1576.09460    1.02237    0.09013
1576.45703    1.30586    0.09396
1576.82068    1.26173    0.09945
1577.18335    1.08006    0.10257
1577.54712    1.03962    0.09357
1577.90991    1.03230    0.08990
1578.27295    0.80918    0.08666
1578.63696    1.03019    0.08855
1579.00012    1.07894    0.08975
1579.36414    0.99019    0.09039
1579.72754    0.92460    0.08949
1580.09180    0.99365    0.08977
1580.45520    1.17568    0.09111
1580.81885    0.96063    0.08781
1581.18347    1.00697    0.08718
1581.54724    0.97661    0.08548
1581.91187    1.04661    0.08684
1582.27588    1.28358    0.09202
1582.64075    0.98731    0.08961
1583.00476    0.91350    0.08951
1583.36890    0.87413    0.08754
1583.73401    0.93228    0.08781
1584.09839    1.02343    0.09029
1584.46362    1.07013    0.09051
1584.82812    1.14723    0.09014
1585.19373    0.92912    0.08742
1585.55835    0.79959    0.08766
1585.92297    1.00039    0.08720
1586.28870    1.13330    0.08789
1586.65381    0.97692    0.08486
1587.01953    1.12231    0.08743
1587.38477    1.19093    0.08960
1587.75061    1.12527    0.08849
1588.11609    1.00924    0.08965
1588.48120    1.07631    0.09234
1588.84766    1.18874    0.09231
1589.21313    0.81528    0.08779
1589.57959    1.13386    0.08741
1589.94531    1.03243    0.09052
1590.31189    0.96865    0.09040
1590.67761    1.06954    0.09344
1591.04382    1.01965    0.09546
1591.41064    0.96143    0.09192
1591.77673    0.90238    0.09013
1592.14368    0.93858    0.08776
1592.51001    1.02423    0.08957
1592.87720    1.07383    0.09041
1593.24365    1.03648    0.09186
1593.61023    0.96164    0.08793
1593.97766    1.04400    0.08543
1594.34448    0.94251    0.08492
1594.71204    0.91564    0.08469
1595.07886    1.00085    0.08722
1595.44678    1.02936    0.08749
1595.81372    1.07359    0.08734
1596.18091    0.98786    0.08755
1596.54895    0.88465    0.08639
1596.91614    0.88839    0.08570
1597.28442    1.02823    0.08700
1597.65198    1.11458    0.08643
1598.02039    0.88136    0.08455
1598.38794    1.00177    0.09225
1598.75659    0.97693    0.09613
1599.12427    1.02950    0.09593
1599.49219    1.01290    0.09336
1599.86108    0.74023    0.08553
1600.22913    0.88844    0.08224
1600.59814    0.85254    0.13377
1600.96631    0.86098        inf
1601.33557    0.86942        inf
1601.70398    0.87786        inf
1602.07239    0.88630        inf
1602.44177    0.89475        inf
1602.81042    0.90319        inf
1603.18005    0.91164        inf
1603.54883    0.92010        inf
1603.91858    0.92855        inf
1604.28760    0.93701        inf
1604.65674    0.94547    0.12568
1605.02673    0.80281    0.11158
1605.39600    0.79163    0.08344
1605.76624    0.91471    0.08483
1606.13550    0.91676    0.08874
1606.50598    0.87403    0.10646
1606.87549    1.11943    0.14588
1607.24524    0.96651    0.13689
1607.61572    1.02714    0.11812
1607.98572    0.93461    0.10218
1608.35645    0.84694    0.09245
1608.72632    0.99382    0.08674
1609.09729    1.01763    0.08412
1609.46753    0.95670    0.08343
1609.83777    0.98124    0.08544
1610.20911    0.91014    0.08426
1610.57947    0.89262    0.08338
1610.95081    0.95730    0.08177
1611.32141    0.78006    0.08030
1611.69299    0.91133    0.08180
1612.06372    0.87353    0.07946
1612.43469    0.84687    0.08136
1612.80640    0.87573    0.08068
1613.17749    0.88942    0.08181
1613.54944    0.95650    0.08381
1613.92065    1.00401    0.08519
1614.29272    1.12139    0.08711
1614.66431    0.94079    0.08232
1615.03552    0.84506    0.08139
1615.40820    1.04642    0.08212
1615.77966    0.90466    0.08187
1616.15222    1.12240    0.08291
1616.52405    1.06156    0.08251
1616.89685    0.83686    0.07989
1617.26868    0.82495    0.08184
1617.64075    1.05179    0.08625
1618.01392    1.07118    0.08382
1618.38611    0.94222    0.08013
1618.75928    0.99992    0.08001
1619.13159    0.97491    0.08240
1619.50513    0.94362    0.08129
1619.87769    1.02129    0.08248
1620.25024    0.93142    0.08143
1620.62390    0.99772    0.08228
1620.99670    1.15849    0.08554
1621.37061    0.92312    0.08145
1621.74353    0.72462    0.07849
1622.11755    0.92205    0.07939
1622.49060    0.80584    0.08069
1622.86389    0.90458    0.08341
1623.23816    0.83785    0.08535
1623.61169    0.94816    0.08509
1623.98596    1.13584    0.08780
1624.35950    1.01430    0.08674
1624.73401    0.76309    0.08892
1625.10791    1.11387    0.09474
1625.48169    0.87933    0.08936
1625.85669    0.83798    0.08222
1626.23071    1.05402    0.08680
1626.60559    1.01279    0.09284
1626.97986    0.98188    0.09384
1627.35498    1.11169    0.08911
1627.72925    0.95677    0.08497
1628.10474    0.98033    0.08978
1628.47937    1.07231    0.08937
1628.85388    0.98586    0.08730
1629.22949    1.13385    0.08636
1629.60425    0.84614    0.08575
1629.98010    1.00266    0.08678
1630.35498    1.01215    0.08586
1630.73108    0.85632    0.08436
1631.10608    0.97859    0.08487
1631.48145    1.11544    0.08834
1631.85754    1.06812    0.08794
1632.23303    1.10803    0.08748
1632.60938    1.02838    0.09195
1632.98511    0.98393    0.08361
1633.36157    1.15764    0.08596
1633.73730    1.10857    0.08586
1634.11304    0.95418    0.08522
1634.48999    1.00815    0.08731
1634.86597    1.11531    0.08640
1635.24304    1.08572    0.08428
1635.61926    0.99875    0.08233
1635.99634    1.12555    0.08348
1636.37268    1.14477    0.08691
1636.74927    1.26482    0.08907
1637.12646    1.19432    0.09134
1637.50317    1.05069    0.08486
1637.88086    1.12084    0.08484
1638.25757    1.11009    0.08713
1638.63538    1.00130    0.08526
1639.01221    1.06127    0.08332
1639.38928    1.08627    0.08512
1639.76746    1.02432    0.08985
1640.14453    1.04045    0.08924
1640.52295    1.11536    0.09026
1640.90015    0.91080    0.08783
1641.27869    0.92049    0.08530
1641.65613    0.96984    0.08437
1642.03394    0.89942    0.07948
1642.41248    0.86189    0.07768
1642.79028    1.01037    0.07744
1643.16919    0.90384    0.07716
1643.54712    1.00494    0.07703
1643.92627    0.93957    0.07775
1644.30432    0.78939    0.07623
1644.68274    0.84731    0.07612
1645.06201    0.68183    0.07457
1645.44031    1.01252    0.07682
1645.81970    1.00693    0.08011
1646.19836    0.94653    0.07970
1646.57800    1.01687    0.08068
1646.95679    0.99133    0.07918
1647.33557    0.89072    0.07770
1647.71558    0.92760    0.07671
1648.09460    0.90742    0.07697
1648.47461    0.89812    0.07629
1648.85388    0.90536    0.08133
1649.23413    0.86901    0.07969
1649.61353    0.89470    0.07925
1649.99304    0.87494    0.08012
