1410.02625    1.51047    0.11536
1410.35071    1.51878    0.11704
1410.67590    1.53203    0.11615
1411.00037    1.43830    0.11218
1411.32495    1.51347    0.11263
1411.65039    1.56306    0.11522
1411.97522    1.52708    0.11417
1412.30066    1.47421    0.11359
1412.62561    1.46771    0.11363
1412.95142    1.57831    0.11382
1413.27637    1.37423    0.11159
1413.60229    1.29441    0.10846
1413.92749    1.37369    0.10999
1414.25293    1.40065    0.11077
1414.57898    1.35805    0.10978
1414.90430    1.28526    0.10634
1415.23059    1.20925    0.10546
1415.55615    1.25333    0.10656
1415.88257    1.27025    0.10697
1416.20825    1.14426    0.10343
1416.53406    1.07161    0.10121
1416.86084    1.21029    0.10417
1417.18677    1.13006    0.10475
1417.51355    1.12384    0.10352
1417.83972    1.16495    0.10109
1418.16663    1.11229    0.10134
1418.49280    1.09281    0.10238
1418.81909    1.14065    0.10224
1419.14624    1.13296    0.10194
1419.47278    1.13433    0.10056
1419.80017    1.10543    0.10043
1420.12671    1.11025    0.10229
1420.45422    1.29206    0.10398
1420.78088    1.15483    0.10161
1421.10779    1.11244    0.10155
1421.43555    1.09361    0.10175
1421.76257    1.10115    0.10173
1422.09045    1.18336    0.10441
1422.41760    1.21121    0.10352
1422.74548    1.01736    0.09908
1423.07288    1.06489    0.09812
1423.40015    1.06547    0.09778
1423.72852    1.05958    0.09921
1424.05591    1.15041    0.09970
1424.38440    1.09951    0.10137
1424.71216    0.94285    0.10070
1425.04053    0.83182    0.09810
1425.36853    0.87485    0.09906
1425.69629    0.84519    0.09591
1426.02515    0.75902    0.09659
1426.35315    1.01009    0.09940
1426.68213    0.99658    0.09950
1427.01025    1.03262    0.09777
1427.33936    0.99964    0.09704
1427.66760    0.94537    0.09654
1427.99622    0.94236    0.09578
1428.32532    0.82300    0.09297
1428.65393    0.58729    0.08816
1428.98340    0.69305    0.09089
1429.31213    0.73360    0.09224
1429.64172    0.75277    0.09392
1429.97058    0.91046    0.09505
1430.29968    0.93391    0.09326
1430.62939    0.87436    0.09259
1430.95862    0.89161    0.09895
1431.28857    0.95375    0.09335
1431.61792    0.83686    0.09408
1431.94800    0.72564    0.08815
1432.27734    1.12913    0.09671
1432.60693    1.01478    0.09934
1432.93713    1.00676    0.09758
1433.26685    1.00560    0.09676
1433.59741    0.91599    0.09433
1433.92712    0.86501    0.09695
1434.25781    0.93937    0.09600
1434.58777    0.83878    0.09190
1434.91772    0.92469    0.09233
1435.24878    0.87611    0.09187
1435.57886    0.80743    0.09091
1435.90991    0.85407    0.09115
1436.24023    0.74758    0.09212
1436.57141    1.01726    0.09514
1436.90186    0.93185    0.09394
1437.23328    0.90861    0.09063
1437.56384    0.87757    0.09137
1437.89453    0.75951    0.08883
1438.22620    0.99868    0.09355
1438.55701    0.75183    0.09000
1438.88867    0.88692    0.09434
1439.21973    0.99771    0.09870
1439.55164    0.89879    0.09415
1439.88281    0.83418    0.09083
1440.21411    0.90337    0.09259
1440.54626    0.75568    0.09003
1440.87756    0.80985    0.09135
1441.20984    0.84897    0.09341
1441.54138    0.79406    0.08880
1441.87378    0.82641    0.09273
1442.20544    0.99487    0.09408
1442.53723    0.79684    0.09057
1442.86987    0.76968    0.08977
1443.20190    0.84949    0.09099
1443.53467    0.78751    0.08657
1443.86682    0.68734    0.08833
1444.19971    0.90632    0.08958
1444.53186    0.72310    0.08705
1444.86426    0.75681    0.08635
1445.19751    0.78933    0.08785
1445.52991    0.74532    0.08874
1445.86316    0.74957    0.08754
1446.19592    0.73939    0.08437
1446.52930    0.65604    0.08415
1446.86206    0.76375    0.08687
1447.19495    0.88779    0.09036
1447.52869    0.89791    0.08913
1447.86169    0.83145    0.08659
1448.19556    0.77474    0.08589
1448.52881    0.71628    0.08566
1448.86267    0.47911    0.10333
1449.19604    0.59995    0.10436
1449.52954    0.79406    0.09102
1449.86377    0.63249    0.08313
1450.19727    0.61456    0.08117
1450.53162    0.74443    0.08495
1450.86536    0.54672    0.07839
1451.19995    0.50003    0.07762
1451.53369    0.62708    0.07998
1451.86768    0.63561    0.08416
1452.20251    0.61631    0.08333
1452.53650    0.56571    0.07901
1452.87158    0.55382    0.07955
1453.20569    0.53370    0.07907
1453.54077    0.52608    0.07806
1453.87524    0.55262    0.07749
1454.20972    0.51589    0.07706
1454.54504    0.42269    0.07558
1454.87964    0.54637    0.07848
1455.21509    0.59407    0.08019
1455.54993    0.57696    0.08269
1455.88550    0.63908    0.08310
1456.22058    0.58260    0.08099
1456.55542    0.47962    0.07785
1456.89136    0.44410    0.07596
1457.22644    0.54813    0.07640
1457.56250    0.62484    0.07801
1457.89783    0.55759    0.07795
1458.23413    0.55684    0.07892
1458.56958    0.54272    0.07821
1458.90503    0.56125    0.07837
1459.24146    0.57694    0.07848
1459.57715    0.48112    0.07428
1459.91370    0.37047    0.07280
1460.24963    0.57085    0.07660
1460.58630    0.58509    0.08001
1460.92224    0.57131    0.07693
1461.25830    0.57450    0.07682
1461.59534    0.55645    0.07872
1461.93152    0.53757    0.07730
1462.26868    0.61535    0.07939
1462.60510    0.66251    0.07997
1462.94238    0.63926    0.08020
1463.27893    0.72259    0.08236
1463.61646    0.76000    0.08402
1463.95312    0.56937    0.07999
1464.28979    0.46552    0.07744
1464.62756    0.61602    0.08134
1464.96448    0.73803    0.08641
1465.30225    0.71715    0.08567
1465.63928    0.55875    0.07900
1465.97729    0.49411    0.08264
1466.31458    0.79514    0.08573
1466.65186    0.50674    0.07916
1466.99011    0.54915    0.07935
1467.32751    0.74767    0.08437
1467.66589    0.70713    0.08390
1468.00354    0.52027    0.08508
1468.34204    0.66120    0.08560
1468.67981    0.66180    0.08423
1469.01782    0.64281    0.08633
1469.35645    0.71599    0.08706
1469.69458    0.78851    0.08741
1470.03333    0.70215    0.08636
1470.37158    0.51270    0.07967
1470.71082    0.55545    0.07859
1471.04895    0.62519    0.08072
1471.38733    0.55889    0.07961
1471.72668    0.49244    0.07916
1472.06531    0.54744    0.07828
1472.40479    0.50590    0.07781
1472.74353    0.54764    0.07853
1473.08313    0.63723    0.08166
1473.42200    0.57394    0.07974
1473.76099    0.51000    0.07817
1474.10071    0.65354    0.08034
1474.43982    0.70657    0.08136
1474.77991    0.53128    0.07758
1475.11926    0.61115    0.07719
1475.45935    0.66659    0.07915
1475.79871    0.61232    0.07920
1476.13818    0.61112    0.07854
1476.47864    0.58267    0.07687
1476.81836    0.63905    0.07978
1477.15881    0.63616    0.07625
1477.49866    0.53360    0.07892
1477.83936    0.56506    0.07901
1478.17944    0.73661    0.08233
1478.51941    0.51271    0.07491
1478.86023    0.65577    0.07865
1479.20056    0.71735    0.08333
1479.54163    0.69708    0.08668
1479.88208    0.68575    0.08609
1480.22327    0.68697    0.08081
1480.56384    0.71751    0.08254
1480.90442    0.66933    0.07812
1481.24597    0.73358    0.08372
1481.58667    0.77835    0.08317
1481.92822    0.76080    0.08521
1482.26929    0.73437    0.08285
1482.61096    0.64781    0.07919
1482.95215    0.74691    0.08382
1483.29333    0.78518    0.08389
1483.63538    0.70337    0.08314
1483.97668    0.60662    0.07832
1484.31885    0.59840    0.07865
1484.66028    0.64698    0.08114
1485.00269    0.70031    0.08189
1485.34436    0.58308    0.08188
1485.68591    0.62445    0.08128
1486.02856    0.71911    0.08315
1486.37048    0.61848    0.08195
1486.71313    0.71744    0.08376
1487.05530    0.62565    0.07914
1487.39807    0.75357    0.08468
1487.74023    0.72535    0.07840
1488.08252    0.63169    0.08345
1488.42566    0.76617    0.08236
1488.76819    0.60984    0.08278
1489.11145    0.70738    0.08765
1489.45398    0.82557    0.08903
1489.79749    0.80456    0.08850
1490.14014    0.73694    0.08302
1490.48389    0.75531    0.08232
1490.82666    0.73557    0.08239
1491.16968    0.57301    0.08033
1491.51343    0.76422    0.08039
1491.85657    0.79054    0.08144
1492.20068    0.63450    0.07673
1492.54395    0.67921    0.07861
1492.88818    0.59397    0.07884
1493.23157    0.79176    0.08295
1493.57507    0.75679    0.08139
1493.91943    0.71093    0.08016
1494.26318    0.73465    0.07957
1494.60767    0.73136    0.08117
1494.95154    0.96638    0.08376
1495.29626    0.91813    0.08353
1495.64026    0.97894    0.08449
1495.98438    0.88617    0.07960
1496.32935    0.72088    0.08074
1496.67358    0.79400    0.08014
1497.01868    0.76457    0.07961
1497.36304    0.94193    0.08206
1497.70837    0.93675    0.08277
1498.05286    0.95054    0.08285
1498.39758    0.98940    0.08225
1498.74292    0.88593    0.08078
1499.08777    0.91469    0.08188
1499.43359    0.82411    0.08141
1499.77856    0.93492    0.08159
1500.12427    1.10136    0.08488
1500.46936    1.06586    0.08323
1500.81458    0.90132    0.08080
1501.16064    1.03285    0.08309
1501.50598    0.97384    0.08486
1501.85217    0.96927    0.08350
1502.19763    0.96173    0.08255
1502.54419    1.00307    0.08320
1502.88977    1.18329    0.08799
1503.23547    1.16836    0.08768
1503.58215    1.04723    0.08262
1503.92810    1.08869    0.08243
1504.27490    0.99805    0.07990
1504.62097    0.90496    0.07745
1504.96790    1.12181    0.08111
1505.31421    1.13809    0.08304
1505.66040    1.23812    0.08218
1506.00769    1.08833    0.08017
1506.35400    1.02002    0.07856
1506.70142    1.05905    0.07722
1507.04810    0.95759    0.07660
1507.39551    1.02867    0.07593
1507.74231    0.96699    0.07457
1508.08923    0.97581    0.07445
1508.43689    0.99732    0.07440
1508.78406    1.01464    0.07488
1509.13196    1.08445    0.07585
1509.47913    1.07609    0.07549
1509.82715    1.06921    0.07546
1510.17456    1.12993    0.07637
1510.52185    1.12353    0.07598
1510.87024    1.01704    0.07192
1511.21777    0.97398    0.07101
1511.56628    1.12200    0.07302
1511.91406    1.11621    0.07230
1512.26270    1.00829    0.06960
1512.61060    0.89628    0.06714
1512.95850    0.90261    0.06828
1513.30750    1.00843    0.06816
1513.65552    0.90484    0.06766
1514.00464    0.98390    0.06884
1514.35278    1.01659    0.06896
1514.70215    0.99441    0.06829
1515.05066    1.00706    0.06910
1515.39917    0.99908    0.06772
1515.74854    0.80752    0.06520
1516.09717    1.00518    0.06884
1516.44678    1.01540    0.06824
1516.79565    1.00397    0.06731
1517.14551    1.02879    0.06678
1517.49451    0.91184    0.06588
1517.84436    1.00253    0.06731
1518.19360    1.02885    0.06804
1518.54272    0.91952    0.06503
1518.89294    0.86673    0.06287
1519.24243    0.98653    0.06798
1519.59277    1.13535    0.07002
1519.94238    1.04130    0.06739
1520.29285    1.00052    0.06553
1520.64258    0.95554    0.06565
1520.99243    0.97172    0.06572
1521.34314    1.03357    0.06691
1521.69312    1.01070    0.06529
1522.04395    0.93755    0.06353
1522.39417    0.99776    0.06452
1522.74524    1.15792    0.06686
1523.09546    1.10681    0.06618
1523.44604    0.96860    0.06362
1523.79724    1.08943    0.06552
1524.14783    1.06633    0.06480
1524.49915    1.03169    0.06426
1524.84998    0.94916    0.06155
1525.20154    0.89705    0.06121
1525.55237    0.94341    0.06129
1525.90332    1.05893    0.06384
1526.25525    1.14997    0.06577
1526.60632    1.07250    0.06317
1526.95837    1.09296    0.06436
1527.30969    1.15577    0.06426
1527.66187    1.17087    0.06471
1528.01331    1.15184    0.06479
1528.36487    1.06483    0.06506
1528.71716    1.13290    0.06388
1529.06897    1.12027    0.06282
1529.42163    1.11454    0.06195
1529.77332    1.12496    0.06271
1530.12610    1.05398    0.06033
1530.47815    1.14090    0.06204
1530.83020    1.12911    0.05979
1531.18335    1.16883    0.06326
1531.53552    1.09773    0.05722
1531.88867    0.97179    0.05749
1532.24109    1.00934    0.05698
1532.59436    0.86550    0.05331
1532.94702    0.73700    0.04841
1533.29968    0.79660    0.05062
1533.65332    0.93925    0.05303
1534.00610    1.01947    0.05488
1534.35986    1.04790    0.05539
1534.71277    1.17197    0.05753
1535.06665    1.12371    0.05639
1535.41980    1.08931    0.05382
1535.77307    1.09127    0.05402
1536.12720    1.02491    0.05194
1536.48047    0.86635    0.04836
1536.83484    0.80045    0.04629
1537.18835    0.75779    0.04546
1537.54285    0.92362    0.04738
1537.89661    1.00622    0.04916
1538.25037    0.90270    0.04687
1538.60510    0.88773    0.04614
1538.95898    0.99090    0.04841
1539.31396    1.08838    0.04975
1539.66797    1.04727    0.04907
1540.02307    1.05118    0.04823
1540.37732    1.12026    0.04960
1540.73169    1.05584    0.04857
1541.08704    0.98561    0.04663
1541.44153    1.02926    0.04688
1541.79700    1.04181    0.04690
1542.15161    1.03881    0.04728
1542.50732    1.06300    0.04714
1542.86218    1.07322    0.04730
1543.21716    1.01963    0.04594
1543.57300    0.86373    0.04315
1543.92810    0.85148    0.04295
1544.28406    0.89905    0.04321
1544.63940    0.94422    0.04578
1544.99561    1.06393    0.04772
1545.35095    1.09268    0.04818
1545.70728    1.05212    0.04728
1546.06287    0.97334    0.04558
1546.41858    0.96277    0.04604
1546.77515    1.01555    0.04634
1547.13098    1.01423    0.04714
1547.48779    1.02167    0.04761
1547.84375    1.06118    0.04899
1548.20068    1.07772    0.04957
1548.55676    1.09950    0.05117
1548.91309    1.12891    0.05067
1549.27026    1.11626    0.05214
1549.62671    1.11394    0.05163
1549.98401    1.09704    0.05110
1550.34058    1.02113    0.05101
1550.69800    0.95873    0.04919
1551.05481    0.97008    0.05202
1551.41162    1.00999    0.05162
1551.76929    0.99939    0.05260
1552.12646    0.97941    0.05253
1552.48425    1.00458    0.05351
1552.84143    0.99978    0.05413
1553.19958    0.97510    0.05408
1553.55688    1.01232    0.05527
1553.91418    0.90863    0.05431
1554.27258    0.93213    0.05442
1554.63013    0.99715    0.05762
1554.98865    0.97562    0.05792
1555.34631    0.91673    0.05783
1555.70496    0.96332    0.05911
1556.06287    0.96187    0.05957
1556.42090    0.92513    0.06058
1556.77979    0.92490    0.06090
1557.13782    0.95814    0.06365
1557.49695    1.01823    0.06471
1557.85522    1.07985    0.06629
1558.21448    0.96877    0.06524
1558.57300    0.93124    0.06452
1558.93152    0.86348    0.06333
1559.29102    0.87953    0.06623
1559.64966    1.02516    0.07092
1560.00940    1.05964    0.07161
1560.36816    0.88417    0.06995
1560.72803    1.00225    0.07214
1561.08716    1.01743    0.07363
1561.44629    1.00090    0.07465
1561.80627    1.06728    0.07715
1562.16553    1.02522    0.07555
1562.52588    1.02153    0.07717
1562.88525    1.18351    0.08533
1563.24573    1.12859    0.07848
1563.60522    1.06031    0.08231
1563.96497    1.07665    0.08084
1564.32568    0.90732    0.07832
1564.68555    0.96677    0.07991
1565.04626    1.08822    0.08635
1565.40625    1.14164    0.08603
1565.76733    1.05080    0.08595
1566.12756    0.92147    0.08387
1566.48792    0.96364    0.08315
1566.84912    1.03318    0.08554
1567.20947    1.03681    0.08525
1567.57080    1.00723    0.08444
1567.93152    0.97148    0.08276
1568.29309    0.97236    0.08474
1568.65381    1.05005    0.08500
1569.01477    1.09578    0.08402
1569.37646    1.02949    0.08561
1569.73755    1.12076    0.08598
1570.09961    1.14637    0.08439
1570.46082    0.98149    0.08276
1570.82288    0.97819    0.08163
1571.18420    1.20166    0.08452
1571.54565    1.07249    0.08284
1571.90808    1.06175    0.08167
1572.26965    1.14756    0.08518
1572.63232    1.15413    0.08516
1572.99402    1.15925    0.08372
1573.35681    1.04470    0.08093
1573.71875    1.11195    0.08204
1574.08154    0.91247    0.07732
1574.44373    0.84093    0.07482
1574.80591    0.99551    0.07943
1575.16919    0.78778    0.07324
1575.53149    0.97117    0.07780
1575.89478    1.13114    0.08054
1576.25732    1.06552    0.08039
1576.62073    0.92740    0.07724
1576.98352    0.91248    0.07693
1577.34631    1.01946    0.07929
1577.70996    1.06905    0.07999
1578.07300    0.91753    0.07893
1578.43677    1.01109    0.08023
1578.80005    1.10980    0.08074
1579.16406    1.01046    0.07942
1579.52734    1.01444    0.07918
1579.89062    0.91317    0.07814
1580.25500    0.91558    0.07693
1580.61853    1.07483    0.08034
1580.98303    1.13896    0.08159
1581.34668    1.04457    0.08135
1581.71130    1.05802    0.08103
1582.07532    1.02854    0.07965
1582.43921    0.95056    0.07730
1582.80408    1.01300    0.07817
1583.16833    1.00369    0.07879
1583.53333    0.91689    0.07719
1583.89771    1.08066    0.08021
1584.26294    0.92532    0.07573
1584.62720    1.01401    0.07733
1584.99182    0.96395    0.07640
1585.35742    0.89061    0.07535
1585.72205    0.94054    0.07626
1586.08777    0.81927    0.07349
1586.45264    0.72374    0.07399
1586.81848    0.94455    0.07588
1587.18347    0.99306    0.07799
1587.54871    0.96725    0.07741
1587.91467    1.01358    0.07902
1588.28003    0.91624    0.07655
1588.64624    1.07983    0.07831
1589.01172    0.97407    0.07793
1589.37805    0.99021    0.07982
1589.74377    1.03596    0.07857
1590.10950    1.00314    0.07976
1590.47620    1.13863    0.08037
1590.84204    0.95512    0.07535
1591.20886    0.97925    0.07917
1591.57507    1.02550    0.07600
1591.94189    0.99401    0.07996
1592.30823    0.97273    0.07567
1592.67456    1.00357    0.08001
1593.04175    0.94746    0.07783
1593.40833    0.97852    0.07793
1593.77563    1.00126    0.07857
1594.14221    0.98377    0.07813
1594.51001    0.99800    0.07737
1594.87671    1.05694    0.07811
1595.24365    0.94052    0.07739
1595.61145    0.97435    0.07832
1595.97864    1.03149    0.07773
1596.34656    0.96984    0.07681
1596.71387    0.89380    0.07704
1597.08215    1.02394    0.07908
1597.44946    1.08838    0.08177
1597.81689    1.08977    0.08475
1598.18530    1.07780    0.08559
1598.55298    0.98585    0.08655
1598.92163    0.88207    0.07963
1599.28955    0.98399    0.08035
1599.65820    0.96998    0.08070
1600.02625    1.02462    0.07788
1600.39441    1.08840    0.08151
1600.76343    1.08896    0.07964
1601.13159    1.07574    0.08116
1601.50085    1.12186    0.08186
1601.86938    1.01170    0.08099
1602.23865    1.06467    0.07977
1602.60730    1.10544    0.07983
1602.97681    0.99022    0.07791
1603.34558    0.88010    0.07641
1603.71448    1.04111    0.07909
1604.08423    1.07444    0.07938
1604.45325    0.97861    0.07621
1604.82324    0.95165    0.07672
1605.19250    1.00647    0.07596
1605.56262    1.05329    0.07861
1605.93201    1.07035    0.07792
1606.30139    1.07274    0.07804
1606.67188    1.10372    0.08109
1607.04138    1.01556    0.07626
1607.41199    0.88391    0.07587
1607.78186    0.94394    0.07503
1608.15259    1.19768    0.08127
1608.52246    1.03530    0.07874
1608.89258    1.07047    0.07827
1609.26355    1.11444    0.07989
1609.63379    1.04742    0.08032
1610.00488    1.00947    0.07825
1610.37537    1.08248    0.07814
1610.74670    0.95287    0.07681
1611.11719    1.11726    0.07909
1611.48792    1.12374    0.07798
1611.85950    1.01234    0.07756
1612.23022    1.03868    0.07555
1612.60205    1.04317    0.07795
1612.97302    1.08831    0.08122
1613.34497    1.01865    0.07694
1613.71619    1.09042    0.07950
1614.08740    1.10696    0.08050
1614.45959    0.95277    0.07584
1614.83093    1.02671    0.07678
1615.20337    0.89333    0.07480
1615.57495    1.00597    0.07692
1615.94751    1.12252    0.07916
1616.31921    1.07880    0.07868
1616.69104    0.98599    0.07721
1617.06396    0.98914    0.07636
1617.43591    0.94506    0.07555
1617.80884    1.06546    0.07923
1618.18091    1.05153    0.07654
1618.55420    1.02799    0.08126
1618.92651    1.12776    0.08256
1619.29895    1.02303    0.07854
1619.67224    1.04164    0.07925
1620.04492    0.99830    0.07911
1620.41858    0.96037    0.07893
1620.79138    1.01312    0.07747
1621.16504    1.11031    0.07977
1621.53809    1.10208    0.07904
1621.91101    0.99982    0.07802
1622.28491    1.02333    0.07618
1622.65820    1.01133    0.07717
1623.03247    1.00347    0.07620
1623.40588    1.06231    0.07726
1623.78015    1.00873    0.07516
1624.15369    1.02670    0.07626
1624.52734    1.10209    0.07641
1624.90198    1.00965    0.07746
1625.27576    0.97113    0.07450
1625.65051    1.13425    0.07810
1626.02454    1.07520    0.07734
1626.39954    1.02437    0.07639
1626.77368    1.04085    0.07643
1627.14783    1.12337    0.07841
1627.52307    1.06884    0.07764
1627.89746    0.94568    0.07755
1628.27283    1.18007    0.07826
1628.64746    0.92868    0.07406
1629.02295    0.93935    0.07426
1629.39771    1.14465    0.07684
1629.77258    1.12462    0.07770
1630.14844    0.86028    0.07273
1630.52356    0.92702    0.07618
1630.89954    1.14634    0.08134
1631.27466    1.06284    0.07740
1631.65088    1.00278    0.07736
1632.02625    1.05105    0.07572
1632.40247    1.05633    0.07745
1632.77795    1.04400    0.07568
1633.15369    0.96575    0.07542
1633.53027    1.04723    0.07960
1633.90613    1.03644    0.07960
1634.28284    0.96670    0.08130
1634.65881    0.99173    0.07947
1635.03577    0.95388    0.07611
1635.41187    0.90318    0.07700
1635.78809    0.81706    0.07302
1636.16528    0.87893    0.07372
1636.54175    0.99272    0.07262
1636.91919    0.99969    0.07493
1637.29578    1.03916    0.07640
1637.67322    1.03870    0.07714
1638.04993    0.97823    0.07513
1638.42676    0.92739    0.07399
1638.80457    0.97916    0.07442
1639.18164    1.05741    0.07512
1639.55957    0.93236    0.07407
1639.93677    0.98586    0.07501
1640.31494    0.99620    0.07564
1640.69226    0.97502    0.07587
1641.06982    0.94099    0.07387
1641.44824    0.90460    0.07296
1641.82568    0.97324    0.07535
1642.20435    1.13231    0.07811
1642.58215    1.08922    0.07817
1642.96094    0.95925    0.07235
1643.33887    0.95249    0.07291
1643.71704    1.02503    0.07405
1644.09607    0.88426    0.07207
1644.47412    0.91199    0.07237
1644.85339    0.98849    0.07498
1645.23181    0.93314    0.07442
1645.61121    0.90235    0.07211
1645.98975    1.01461    0.07555
1646.36853    0.96760    0.07704
1646.74817    1.01863    0.07788
1647.12683    0.95970    0.07671
1647.50671    0.99748    0.07451
1647.88574    0.99556    0.07421
1648.26575    0.84862    0.07147
1648.64490    1.02460    0.07405
1649.02429    1.02059    0.07415
1649.40442    0.97083    0.07374
1649.78394    0.98081    0.07372
