1410.12439    1.15897    0.12926
1410.44873    1.06258    0.13060
1410.77405    1.20898    0.13173
1411.09863    1.02462    0.12857
1411.42334    1.18858    0.12549
1411.74878    1.05433    0.12302
1412.07349    1.04652    0.12187
1412.39905    1.15135    0.12566
1412.72412    1.12481    0.12652
1413.04993    1.23891    0.12709
1413.37488    1.02926    0.12396
1413.70081    1.21303    0.12523
1414.02600    1.17421    0.12946
1414.35132    1.02429    0.12773
1414.67749    1.12936    0.12807
1415.00293    0.95536    0.12035
1415.32922    1.06396    0.12299
1415.65479    1.23813    0.12855
1415.98132    1.09394    0.12386
1416.30701    0.97588    0.12217
1416.63281    1.22302    0.12733
1416.95947    1.22567    0.12906
1417.28540    0.87431    0.12865
1417.61230    1.18029    0.13236
1417.93848    1.25853    0.13614
1418.26538    1.09822    0.12896
1418.59155    1.18868    0.12524
1418.91809    1.10603    0.12438
1419.24524    1.34262    0.12705
1419.57166    0.94158    0.12639
1419.89905    1.03225    0.16021
1420.22571    1.14761    0.20446
1420.55322    0.59999    0.20760
1420.88000    0.87390    0.25308
1421.20691    0.90859    0.25263
1421.53455    1.09088    0.19201
1421.86169    0.96965    0.14518
1422.18958    0.77068    0.12994
1422.51660    1.00090    0.12767
1422.84460    1.27129    0.13177
1423.17200    1.24852    0.13161
1423.49939    0.99255    0.12182
1423.82776    0.89538    0.12482
1424.15527    0.99581    0.12308
1424.48364    1.06338    0.12434
1424.81128    1.01907    0.12254
1425.13989    0.97957    0.12350
1425.46765    1.06462    0.12411
1425.79578    1.01765    0.12406
1426.12439    0.85766    0.12591
1426.45251    0.84421    0.12191
1426.78137    1.03740    0.12393
1427.10974    1.13257    0.12757
1427.43872    1.17014    0.12405
1427.76721    0.87653    0.11684
1428.09558    0.76055    0.11420
1428.42505    1.18382    0.12065
1428.75354    1.21810    0.12221
1429.08301    1.07412    0.11494
1429.41174    1.01873    0.11315
1429.74146    0.87670    0.11261
1430.07019    0.69903    0.10744
1430.39917    0.73879    0.10244
1430.72913    0.98723    0.11239
1431.05823    0.98181    0.11765
1431.38818    0.87758    0.11674
1431.71753    0.98251    0.11373
1432.04773    0.90682    0.11192
1432.37720    0.60602    0.10628
1432.70667    1.08177    0.11406
1433.03711    0.91613    0.11329
1433.36670    0.93370    0.11287
1433.69727    0.91923    0.11123
1434.02698    0.87407    0.11438
1434.35779    0.95621    0.11955
1434.68774    0.86118    0.11715
1435.01782    0.96961    0.11455
1435.34863    1.02720    0.11858
1435.67896    1.11635    0.11798
1436.01001    1.09729    0.11808
1436.34021    0.88627    0.11179
1436.67139    0.86960    0.11372
1437.00195    0.81848    0.11136
1437.33252    0.94395    0.11503
1437.66406    0.95598    0.11360
1437.99487    0.89633    0.11624
1438.32642    0.90662    0.11360
1438.65723    0.74776    0.11144
1438.98889    0.81281    0.11442
1439.31995    1.01746    0.12190
1439.65198    0.93732    0.11910
1439.98315    0.80846    0.11419
1440.31445    1.00042    0.11690
1440.64661    1.10803    0.12024
1440.97791    0.96888    0.11614
1441.31030    0.78149    0.11426
1441.64172    0.95272    0.11177
1441.97424    1.09399    0.11492
1442.30591    0.79921    0.10940
1442.63782    0.74274    0.10616
1442.97046    1.02270    0.11685
1443.30237    0.96505    0.11505
1443.63525    0.84912    0.10729
1443.96741    0.87135    0.11178
1444.30029    0.93299    0.11174
1444.63245    0.96518    0.11338
1444.96484    0.87734    0.11390
1445.29810    0.92100    0.11404
1445.63062    0.97279    0.11092
1445.96399    0.90089    0.10762
1446.29663    0.88526    0.10772
1446.63013    1.18536    0.11174
1446.96289    0.85192    0.10970
1447.29590    0.90980    0.10823
1447.62939    1.01879    0.11286
1447.96252    0.96236    0.11161
1448.29651    0.92793    0.10954
1448.62964    0.95076    0.10903
1448.96362    1.13152    0.11276
1449.29700    1.00386    0.11248
1449.63037    0.94040    0.10887
1449.96472    0.87376    0.10758
1450.29822    0.75822    0.10394
1450.63269    1.17585    0.11796
1450.96631    0.88506    0.10559
1451.30103    1.05029    0.10941
1451.63477    1.02683    0.10671
1451.96887    0.93048    0.10878
1452.30359    1.15063    0.11201
1452.63770    0.86841    0.10489
1452.97266    0.93359    0.10329
1453.30688    1.00337    0.10655
1453.64209    0.95998    0.10744
1453.97644    0.95058    0.10611
1454.31104    1.00906    0.10952
1454.64636    0.91441    0.10830
1454.98096    1.03213    0.10526
1455.31641    0.90101    0.10361
1455.65125    0.80902    0.10223
1455.98694    0.82344    0.10383
1456.32178    0.83158    0.10482
1456.65686    0.95620    0.10351
1456.99280    0.74525    0.10057
1457.32800    0.75558    0.10343
1457.66406    0.83798    0.09981
1457.99939    0.89114    0.10382
1458.33569    0.96552    0.10581
1458.67114    0.94444    0.10646
1459.00671    0.83631    0.10570
1459.34314    1.08018    0.11069
1459.67883    1.05152    0.10943
1460.01538    0.76079    0.10085
1460.35144    0.75187    0.10254
1460.68799    0.99270    0.10663
1461.02417    1.01478    0.10765
1461.36011    0.93893    0.10609
1461.69727    0.89902    0.10425
1462.03357    0.88497    0.10309
1462.37061    0.84107    0.10636
1462.70703    0.80594    0.10490
1463.04431    0.84786    0.10394
1463.38098    0.99432    0.10961
1463.71753    0.93273    0.10978
1464.05493    0.83239    0.10678
1464.39197    0.92147    0.10807
1464.72949    0.82539    0.10687
1465.06641    0.86258    0.10357
1465.40430    0.99217    0.11023
1465.74146    0.99089    0.10560
1466.07947    0.95440    0.10874
1466.41675    1.02578    0.11225
1466.75415    0.98073    0.11006
1467.09241    0.92364    0.10602
1467.42981    0.76791    0.09910
1467.76819    0.86588    0.10354
1468.10583    0.96356    0.10670
1468.44434    0.82547    0.10667
1468.78210    1.03284    0.10870
1469.12000    0.77741    0.10550
1469.45886    0.91947    0.10631
1469.79688    0.98082    0.10440
1470.13586    0.94059    0.10371
1470.47412    1.04831    0.10542
1470.81311    0.85161    0.10495
1471.15149    0.88768    0.10396
1471.48987    0.89462    0.10309
1471.82922    0.83804    0.10076
1472.16785    0.89375    0.10228
1472.50732    1.06032    0.10516
1472.84607    1.01713    0.10732
1473.18567    1.11191    0.10855
1473.52454    0.91797    0.10027
1473.86353    0.80478    0.09931
1474.20349    0.79154    0.09955
1474.54272    0.74881    0.09987
1474.88269    1.00628    0.10286
1475.22192    0.95213    0.10239
1475.56213    0.74904    0.09220
1475.90161    0.83121    0.10105
1476.24109    0.95160    0.10185
1476.58154    0.76211    0.09793
1476.92114    0.73758    0.09512
1477.26172    0.90914    0.10152
1477.60168    0.86567    0.10186
1477.94226    0.87502    0.09874
1478.28235    0.89490    0.10258
1478.62231    0.75597    0.10929
1478.96338    0.79085    0.11397
1479.30359    0.89819    0.10127
1479.64478    0.78029    0.09961
1479.98511    0.94490    0.10419
1480.32642    1.06263    0.11020
1480.66687    0.76351    0.10936
1481.00769    0.92320    0.10528
1481.34900    0.82410    0.10291
1481.68982    0.94341    0.10271
1482.03149    0.88248    0.10148
1482.37244    0.75354    0.09848
1482.71436    0.87214    0.09836
1483.05542    0.83959    0.09753
1483.39661    1.11004    0.10146
1483.73865    1.03712    0.10426
1484.08008    0.93998    0.09901
1484.42224    0.94359    0.10014
1484.76379    0.88286    0.09943
1485.10608    0.84156    0.11352
1485.44763    0.71256    0.10991
1485.78955    0.89696    0.10072
1486.13208    0.94888    0.10006
1486.47388    0.86232    0.09900
1486.81677    0.92820    0.09771
1487.15881    0.90273    0.09885
1487.50171    0.71046    0.09596
1487.84399    0.50506    0.08887
1488.18616    0.48479    0.08585
1488.52942    0.58914    0.08976
1488.87183    0.67677    0.09287
1489.21509    0.80246    0.09492
1489.55774    0.82068    0.09752
1489.90125    0.83816    0.09359
1490.24390    0.77929    0.09535
1490.58765    0.79008    0.09423
1490.93054    0.95278    0.10111
1491.27344    0.86500    0.09831
1491.61743    0.65138    0.09486
1491.96057    0.89762    0.09581
1492.30457    1.02197    0.09819
1492.64783    0.94787    0.09883
1492.99207    1.03421    0.10071
1493.33557    1.09896    0.10327
1493.67920    1.06947    0.10572
1494.02356    0.97029    0.10808
1494.36719    0.94537    0.10407
1494.71179    0.99366    0.10027
1495.05566    1.01370    0.09928
1495.40039    1.00830    0.09947
1495.74438    1.03060    0.10171
1496.08850    0.70181    0.09437
1496.43359    0.84461    0.09475
1496.77783    1.11994    0.09988
1497.12305    0.80724    0.09527
1497.46741    0.74144    0.09310
1497.81262    0.89355    0.09470
1498.15723    0.95869    0.09792
1498.50195    0.99707    0.09742
1498.84753    1.10365    0.10141
1499.19226    1.17626    0.10319
1499.53796    1.02386    0.10053
1499.88293    1.04682    0.09877
1500.22876    1.03161    0.10070
1500.57385    1.08427    0.10383
1500.91907    1.15904    0.10657
1501.26526    1.09943    0.10112
1501.61060    0.99014    0.09787
1501.95691    0.90442    0.09508
1502.30249    0.94634    0.09782
1502.64880    1.06039    0.10398
1502.99451    1.14292    0.10482
1503.34033    1.13096    0.09916
1503.68701    1.07418    0.10067
1504.03284    1.15141    0.10106
1504.37964    1.16383    0.10115
1504.72583    1.06548    0.09918
1505.07275    0.87093    0.09793
1505.41895    0.62129    0.08944
1505.76526    0.48226    0.08319
1506.11255    0.75589    0.08880
1506.45898    0.67152    0.08729
1506.80652    0.49751    0.08483
1507.15295    0.48743    0.08301
1507.50061    0.50404    0.08410
1507.84741    0.41348    0.08326
1508.19434    0.56073    0.08678
1508.54211    0.56938    0.08670
1508.88904    0.47590    0.08388
1509.23694    0.40943    0.08530
1509.58423    0.40706    0.08347
1509.93237    0.46318    0.08129
1510.27979    0.59868    0.08424
1510.62708    0.60596    0.08509
1510.97546    0.65771    0.08945
1511.32300    0.74537    0.09200
1511.67163    0.72436    0.09061
1512.01941    0.69009    0.09098
1512.36804    0.70219    0.08883
1512.71594    0.74389    0.08965
1513.06396    0.88341    0.09293
1513.41284    0.97792    0.09489
1513.76099    0.92045    0.09298
1514.11011    0.97555    0.09322
1514.45850    0.98354    0.09508
1514.80762    1.06983    0.09692
1515.15601    1.03414    0.09566
1515.50464    0.90591    0.09276
1515.85413    0.92171    0.09412
1516.20288    1.04420    0.09647
1516.55249    0.84267    0.09376
1516.90137    1.12225    0.09896
1517.25122    1.05724    0.09809
1517.60022    0.73093    0.09100
1517.95020    0.89515    0.09328
1518.29944    1.10532    0.09737
1518.64856    0.79537    0.09292
1518.99890    1.14869    0.10102
1519.34827    0.97035    0.10239
1519.69861    0.54905    0.09080
1520.04822    0.87962    0.09477
1520.39868    0.81885    0.09502
1520.74854    0.61776    0.08841
1521.09839    0.59529    0.08642
1521.44910    0.50870    0.08724
1521.79907    0.38656    0.08364
1522.15002    0.40209    0.08280
1522.50024    0.33846    0.08187
1522.85132    0.29928    0.08123
1523.20166    0.24200    0.08198
1523.55212    0.36315    0.08243
1523.90332    0.55836    0.08419
1524.25403    0.55100    0.08487
1524.60535    0.41474    0.08296
1524.95618    0.42189    0.08419
1525.30786    0.44993    0.08115
1525.65869    0.63110    0.08753
1526.00964    0.83213    0.09194
1526.36157    0.90111    0.09746
1526.71277    1.10004    0.10158
1527.06482    0.98220    0.09608
1527.41614    1.12681    0.09888
1527.76831    1.06974    0.09856
1528.11975    0.91987    0.09705
1528.47131    1.09550    0.09964
1528.82373    1.07872    0.09813
1529.17542    0.86757    0.09457
1529.52808    0.85513    0.09924
1529.88000    0.65210    0.08536
1530.23267    0.55579    0.09183
1530.58484    0.83987    0.09413
1530.93689    0.56832    0.09262
1531.28979    0.84478    0.09632
1531.64221    0.83426    0.09396
1531.99536    0.84767    0.09528
1532.34778    0.90300    0.09457
1532.70105    0.77236    0.09150
1533.05383    0.92271    0.09378
1533.40649    1.25355    0.10042
1533.76001    1.16661    0.10020
1534.11279    1.16659    0.10027
1534.46667    1.39680    0.11678
1534.81970    1.46459    0.12079
1535.17358    1.27319    0.10150
1535.52673    1.40203    0.09908
1535.88000    1.33568    0.09564
1536.23425    1.07821    0.08824
1536.58752    0.95074    0.08326
1536.94189    1.02411    0.08252
1537.29553    0.91034    0.07917
1537.64990    0.89761    0.07532
1538.00378    0.89550    0.07232
1538.35754    0.85961    0.07078
1538.71228    0.69345    0.06393
1539.06628    0.47774    0.06064
1539.42126    0.60468    0.06071
1539.77539    0.74811    0.06248
1540.13037    0.69129    0.06073
1540.48474    0.53019    0.05385
1540.83899    0.42938    0.05376
1541.19434    0.42666    0.05331
1541.54895    0.39221    0.05650
1541.90442    0.41193    0.05799
1542.25916    0.39922    0.05486
1542.61475    0.40830    0.05280
1542.96960    0.42297    0.05397
1543.32458    0.35935    0.05425
1543.68042    0.25268    0.06139
1544.03564    0.29100    0.06222
1544.39172    0.40771    0.05742
1544.74695    0.32866    0.05597
1545.10315    0.27570    0.05822
1545.45850    0.51850    0.06514
1545.81506    0.55506    0.06977
1546.17065    0.63224    0.07214
1546.52637    0.66914    0.07609
1546.88281    0.89754    0.08064
1547.23877    1.06678    0.08145
1547.59558    0.96555    0.08181
1547.95154    1.27360    0.08524
1548.30859    0.99946    0.08263
1548.66479    0.71370    0.07801
1549.02100    0.40107    0.06994
1549.37817    0.18702    0.06634
1549.73462    0.29136    0.06952
1550.09192    0.38726    0.07292
1550.44861    0.56113    0.07548
1550.80603    0.97551    0.08550
1551.16296    1.00607    0.08467
1551.51978    0.67823    0.07757
1551.87756    0.44720    0.06803
1552.23450    0.22300    0.06190
1552.59241    0.41101    0.06600
1552.94958    0.69747    0.07420
1553.30774    1.01680    0.08089
1553.66504    1.30154    0.08652
1554.02246    1.46618    0.08856
1554.38074    1.56523    0.08982
1554.73840    1.52592    0.08898
1555.09692    1.40541    0.08476
1555.45471    1.36287    0.08292
1555.81335    1.27953    0.07981
1556.17126    1.13647    0.07565
1556.52917    1.34154    0.07844
1556.88818    1.20306    0.07770
1557.24634    1.20882    0.07631
1557.60547    1.01956    0.07155
1557.96375    0.89084    0.07314
1558.32312    1.16177    0.07751
1558.68152    1.02679    0.07248
1559.04004    0.98266    0.06972
1559.39966    1.02740    0.06982
1559.75842    1.02661    0.06964
1560.11804    1.00019    0.06971
1560.47693    1.06417    0.07174
1560.83679    1.14645    0.07324
1561.19592    0.85521    0.06754
1561.55493    0.89362    0.06830
1561.91516    1.01268    0.07452
1562.27429    1.00161    0.07285
1562.63464    0.99170    0.07534
1562.99426    1.00944    0.07646
1563.35449    0.93576    0.07545
1563.71423    1.07792    0.07820
1564.07397    1.08725    0.07650
1564.43457    0.92854    0.07522
1564.79456    0.92853    0.07566
1565.15540    1.05838    0.07725
1565.51538    0.99666    0.07980
1565.87634    1.08183    0.07961
1566.23669    1.03596    0.08154
1566.59692    0.99478    0.08089
1566.95813    1.19545    0.08533
1567.31873    1.08768    0.08276
1567.68018    1.13788    0.08291
1568.04077    1.09080    0.08308
1568.40234    1.09516    0.08279
1568.76318    1.16446    0.08635
1569.12402    1.14187    0.08663
1569.48596    1.11151    0.08549
1569.84692    1.19347    0.08700
1570.20898    0.98476    0.08603
1570.57007    1.07689    0.08765
1570.93237    1.27642    0.09056
1571.29382    1.08177    0.08697
1571.65527    1.18047    0.09104
1572.01770    1.16572    0.08953
1572.37927    0.92796    0.08375
1572.74182    0.94121    0.08509
1573.10364    1.09501    0.08599
1573.46643    0.98129    0.08445
1573.82837    0.91349    0.08420
1574.19128    1.04713    0.08710
1574.55347    1.02432    0.08661
1574.91565    1.04420    0.08635
1575.27881    1.05536    0.08684
1575.64124    0.94826    0.08751
1576.00452    1.10417    0.08978
1576.36707    0.92445    0.08530
1576.73059    1.00297    0.08372
1577.09338    1.02469    0.08578
1577.45618    0.94697    0.08695
1577.81995    1.03939    0.09020
1578.18298    1.06705    0.08977
1578.54675    0.91503    0.08253
1578.90991    0.84936    0.08148
1579.27417    0.99997    0.08151
1579.63733    1.06418    0.08461
1580.00085    0.87723    0.08142
1580.36511    1.00150    0.08353
1580.72864    1.02149    0.08656
1581.09314    1.03743    0.08552
1581.45691    1.05804    0.08509
1581.82166    1.10883    0.08613
1582.18542    1.13659    0.08631
1582.54944    0.95879    0.08328
1582.91443    1.13112    0.08626
1583.27856    1.02030    0.08304
1583.64368    0.95305    0.08250
1584.00793    1.00636    0.08000
1584.37317    0.92869    0.07985
1584.73767    0.91226    0.08057
1585.10229    0.93163    0.08019
1585.46777    1.08602    0.08359
1585.83252    1.10617    0.08307
1586.19824    1.00373    0.08309
1586.56311    0.95984    0.07922
1586.92896    0.84523    0.07818
1587.29407    0.89570    0.08107
1587.65918    0.96469    0.07833
1588.02539    0.95928    0.08124
1588.39062    0.95731    0.07728
1588.75684    0.99118    0.07704
1589.12244    0.88068    0.07761
1589.48889    0.94292    0.07820
1589.85461    0.97765    0.07955
1590.22034    0.85822    0.07709
1590.58704    0.81567    0.07690
1590.95300    0.94374    0.08006
1591.31982    0.77335    0.07650
1591.68591    1.01421    0.08081
1592.05286    0.95208    0.08080
1592.41907    0.92481    0.08019
1592.78552    1.04444    0.08083
1593.15283    1.00255    0.07889
1593.51917    0.89931    0.07835
1593.88672    1.04730    0.07954
1594.25342    0.90636    0.07832
1594.62109    0.90007    0.07761
1594.98792    1.00453    0.07945
1595.35474    0.88418    0.07962
1595.72278    0.95553    0.07907
1596.08972    1.04740    0.08039
1596.45789    0.91936    0.07814
1596.82507    0.88782    0.07634
1597.19336    1.00545    0.07915
1597.56067    1.00616    0.07764
1597.92822    0.87840    0.07617
1598.29675    0.96589    0.07775
1598.66443    0.96489    0.07678
1599.03308    0.91561    0.07950
1599.40088    1.00421    0.07802
1599.76978    1.14086    0.08475
1600.13782    0.91543    0.07743
1600.50586    0.97663    0.07940
1600.87500    0.97486    0.07995
1601.24329    0.90332    0.07724
1601.61255    0.93393    0.07468
1601.98096    1.04271    0.07788
1602.35034    0.95319    0.07772
1602.71899    1.08019    0.08016
1603.08850    1.00921    0.07689
1603.45728    0.96345    0.07539
1603.82629    1.04916    0.07732
1604.19592    1.04002    0.07686
1604.56506    0.87318    0.07498
1604.93506    1.08728    0.07783
1605.30432    1.02846    0.08038
1605.67456    1.00413    0.07708
1606.04382    1.05842    0.07740
1606.41333    0.95926    0.07586
1606.78369    1.00901    0.07609
1607.15344    0.91406    0.07616
1607.52393    0.91583    0.07831
1607.89380    0.94459    0.07735
1608.26453    0.93379    0.07613
1608.63452    0.92247    0.07452
1609.00464    0.92571    0.07512
1609.37561    1.04479    0.07886
1609.74597    1.09049    0.08055
1610.11707    1.07029    0.07658
1610.48743    0.97129    0.07520
1610.85901    0.86958    0.07409
1611.22949    1.05273    0.07756
1611.60010    1.01877    0.07850
1611.97180    1.07843    0.07838
1612.34265    0.93695    0.07413
1612.71436    0.84853    0.07176
1613.08545    1.13167    0.07737
1613.45740    1.00804    0.07483
1613.82849    1.06331    0.07523
1614.19983    1.03766    0.07587
1614.57214    0.97518    0.07571
1614.94336    0.97607    0.07906
1615.31580    1.02688    0.08089
1615.68750    1.03932    0.07792
1616.06006    0.85213    0.07358
1616.43188    1.04823    0.07382
1616.80359    1.03515    0.07460
1617.17651    0.88241    0.07271
1617.54846    1.06892    0.07546
1617.92163    1.01358    0.07617
1618.29370    1.03321    0.07648
1618.66687    1.01893    0.07482
1619.03931    0.98348    0.07766
1619.41174    0.97959    0.07891
1619.78516    1.00341    0.07567
1620.15771    0.97203    0.07682
1620.53149    0.78459    0.07516
1620.90417    1.00602    0.07894
1621.27808    1.15351    0.07901
1621.65100    1.00170    0.07899
1622.02405    0.93856    0.07736
1622.39807    1.15977    0.08222
1622.77124    0.82132    0.07956
1623.14539    0.94479    0.09794
1623.51880    1.06757    0.10034
1623.89331    0.96283    0.09663
1624.26685    0.95358    0.09870
1624.64062    0.92293    0.08006
1625.01526    0.97303    0.08215
1625.38892    0.99297    0.08111
1625.76379    1.07189    0.08316
1626.13782    1.11864    0.08164
1626.51270    1.01354    0.07913
1626.88696    1.01346    0.07842
1627.26123    1.02539    0.08013
1627.63635    1.04687    0.08071
1628.01086    1.03110    0.07871
1628.38635    0.96384    0.07460
1628.76099    0.96254    0.07398
1629.13647    1.16115    0.07735
1629.51123    0.99858    0.07458
1629.88611    0.92378    0.07202
1630.26196    1.00577    0.07396
1630.63696    1.06963    0.07391
1631.01306    1.03174    0.07430
1631.38818    1.04647    0.07452
1631.76440    1.06139    0.07312
1632.13989    1.14759    0.07500
1632.51611    1.18881    0.07329
1632.89172    1.13788    0.07305
1633.26733    1.09848    0.07269
1633.64417    1.15596    0.07323
1634.01990    1.09942    0.07266
1634.39661    1.11664    0.07414
1634.77271    1.11889    0.07587
1635.14954    1.09699    0.07422
1635.52588    1.10452    0.07317
1635.90210    0.99624    0.07079
1636.27930    0.91395    0.07027
1636.65564    0.96587    0.07483
1637.03308    0.97543    0.06959
1637.40979    0.97456    0.07039
1637.78735    1.07158    0.07009
1638.16406    1.05167    0.07170
1638.54089    1.16251    0.07225
1638.91870    1.03063    0.07001
1639.29578    1.05276    0.07137
1639.67383    1.19367    0.07623
1640.05103    1.06277    0.07208
1640.42920    0.96512    0.07075
1640.80664    1.15793    0.07347
1641.18408    1.01735    0.06954
1641.56250    1.00330    0.06860
1641.94019    1.08052    0.06964
1642.31885    0.88449    0.06894
1642.69666    0.98251    0.06892
1643.07544    1.01265    0.06742
1643.45337    0.90108    0.06657
1643.83142    0.88275    0.06772
1644.21057    0.94995    0.07140
1644.58875    0.94822    0.07002
1644.96802    0.98022    0.06862
1645.34656    0.84470    0.06582
1645.72595    0.93911    0.06630
1646.10437    0.99996    0.06935
1646.48315    0.95834    0.06687
1646.86279    0.98721    0.06780
1647.24170    0.91467    0.06659
1647.62146    0.82110    0.06540
1648.00061    0.91000    0.06647
1648.38049    0.95237    0.06705
1648.75977    0.96015    0.06836
1649.13904    1.08509    0.06934
1649.51941    1.05643    0.06868
1649.89893    0.94157    0.06953
