1410.11243    1.22349    0.08988
1410.43774    1.02258    0.08669
1410.76221    1.09298    0.08628
1411.08752    1.04955    0.08360
1411.41211    1.15019    0.08437
1411.73755    1.12386    0.08595
1412.06238    1.37386    0.09093
1412.38708    1.11176    0.09125
1412.71289    1.24910    0.09199
1413.03784    1.04751    0.08990
1413.36365    1.13363    0.09066
1413.68896    1.08913    0.08953
1414.01477    1.11200    0.08842
1414.34021    1.18788    0.09066
1414.66541    1.14341    0.09160
1414.99170    1.16212    0.09245
1415.31714    1.17899    0.09315
1415.64368    1.07386    0.09105
1415.96924    1.13666    0.08855
1416.29578    1.17749    0.08691
1416.62158    1.07668    0.08534
1416.94751    1.10742    0.08374
1417.27417    1.05767    0.08431
1417.60022    1.22054    0.09025
1417.92712    1.08962    0.09196
1418.25330    1.07760    0.08984
1418.58032    1.03861    0.08578
1418.90674    1.05040    0.08358
1419.23315    1.11904    0.08397
1419.56042    1.15173    0.11421
1419.88708    1.18493    0.13239
1420.21448    1.21555    0.11998
1420.54126    1.16220    0.09609
1420.86877    1.06190    0.09334
1421.19556    1.08474    0.08251
1421.52258    1.12484    0.08200
1421.85034    0.90900    0.08055
1422.17737    1.05168    0.08103
1422.50537    1.07195    0.08081
1422.83264    1.00451    0.07955
1423.16077    1.03025    0.07933
1423.48816    1.00583    0.07912
1423.81555    1.04405    0.07872
1424.14404    1.04348    0.07852
1424.47156    0.89150    0.07848
1424.79993    0.85827    0.07933
1425.12781    0.87915    0.08052
1425.45642    0.91747    0.08137
1425.78430    0.98551    0.08109
1426.11316    0.99099    0.08090
1426.44116    0.95883    0.07898
1426.76929    0.95951    0.07999
1427.09839    0.95411    0.07944
1427.42676    1.01839    0.08107
1427.75574    0.93549    0.07921
1428.08423    0.85296    0.07956
1428.41357    0.85005    0.07962
1428.74219    0.60997    0.08640
1429.07092    1.46364    0.10109
1429.40051    0.93182    0.09631
1429.72925    1.00220    0.08336
1430.05884    0.83092    0.08631
1430.38794    1.10381    0.09130
1430.71777    0.96967    0.08650
1431.04688    0.66638    0.08684
1431.37610    0.79479    0.08831
1431.70618    0.86139    0.08695
1432.03552    0.78948    0.07656
1432.36584    0.87843    0.07708
1432.69531    0.92157    0.07943
1433.02563    0.89447    0.08346
1433.35535    0.89147    0.08351
1433.68518    1.05785    0.08291
1434.01575    0.98975    0.07887
1434.34558    0.88143    0.07771
1434.67627    1.01488    0.07878
1435.00647    0.90770    0.07842
1435.33728    0.92340    0.07889
1435.66748    0.89889    0.07675
1435.99768    0.92816    0.07659
1436.32886    1.00698    0.07623
1436.65930    0.84348    0.07450
1436.99072    0.81479    0.07585
1437.32129    0.93909    0.07872
1437.65259    0.98213    0.07999
1437.98340    0.94269    0.07898
1438.31421    0.88676    0.07890
1438.64587    1.08102    0.07913
1438.97681    1.02650    0.07985
1439.30859    1.06551    0.08024
1439.63977    0.93012    0.07800
1439.97180    0.94697    0.07738
1440.30298    0.97716    0.07713
1440.63428    0.94938    0.07608
1440.96655    0.93361    0.07633
1441.29810    0.88417    0.07615
1441.63049    1.07549    0.09011
1441.96191    1.11519    0.09226
1442.29456    1.11447    0.07982
1442.62634    0.85955    0.07543
1442.95825    0.95362    0.07463
1443.29102    0.98375    0.07744
1443.62292    0.92115    0.08007
1443.95581    1.05919    0.08301
1444.28809    0.77984    0.07754
1444.62109    0.84220    0.07924
1444.95349    0.99418    0.08205
1445.28577    0.88980    0.07841
1445.61914    0.85813    0.07694
1445.95166    1.02204    0.07839
1446.28516    0.80783    0.07665
1446.61792    0.98432    0.07805
1446.95154    0.97690    0.07962
1447.28442    0.87988    0.07928
1447.61719    1.11191    0.08101
1447.95105    1.11141    0.08203
1448.28418    0.91226    0.08087
1448.61816    0.97181    0.08422
1448.95142    0.93297    0.08451
1449.28552    0.97559    0.08387
1449.61890    0.96015    0.08267
1449.95239    0.93126    0.08207
1450.28674    1.02115    0.08261
1450.62036    0.90877    0.08081
1450.95496    0.99368    0.07917
1451.28870    0.65526    0.07466
1451.62341    0.91544    0.07556
1451.95728    0.94257    0.07518
1452.29224    0.79843    0.07608
1452.62622    0.82808    0.07869
1452.96033    0.99695    0.08112
1453.29553    0.98345    0.08012
1453.62976    1.02324    0.07869
1453.96484    0.84510    0.07649
1454.29944    0.95723    0.07627
1454.63477    0.92394    0.07589
1454.96948    0.94008    0.07750
1455.30420    1.09912    0.08022
1455.63977    0.98547    0.08053
1455.97461    0.95994    0.08045
1456.31042    0.96777    0.08066
1456.64539    0.87616    0.07934
1456.98132    0.94534    0.07960
1457.31641    0.94632    0.07953
1457.65173    0.93756    0.07821
1457.98779    1.00373    0.07834
1458.32324    0.93619    0.07780
1458.65955    0.93341    0.07754
1458.99512    0.97958    0.07690
1459.33167    0.81224    0.07466
1459.66724    0.84316    0.07574
1460.00305    0.92032    0.07715
1460.33972    0.83039    0.07578
1460.67578    0.86377    0.07708
1461.01257    0.91007    0.07900
1461.34863    1.00675    0.08097
1461.68567    0.81917    0.07961
1462.02185    0.83040    0.07755
1462.35815    0.79863    0.07375
1462.69531    0.77196    0.07348
1463.03186    0.79452    0.07432
1463.36926    0.85634    0.07681
1463.70593    0.89719    0.07841
1464.04346    0.76756    0.07998
1464.38025    0.80142    0.08422
1464.71704    0.94489    0.08549
1465.05481    0.83401    0.08165
1465.39197    0.73221    0.07941
1465.72986    0.80007    0.07926
1466.06702    0.81773    0.08056
1466.40503    0.81507    0.08660
1466.74243    0.77598    0.08588
1467.07996    0.78324    0.08427
1467.41809    0.85546    0.08497
1467.75574    0.80956    0.07724
1468.09424    0.76416    0.07724
1468.43188    0.81693    0.07804
1468.77063    0.78568    0.07624
1469.10852    0.83735    0.07740
1469.44641    0.84347    0.07911
1469.78540    0.98077    0.08243
1470.12341    0.85035    0.08200
1470.46240    0.69686    0.08264
1470.80066    0.87321    0.08231
1471.13977    0.89977    0.08031
1471.47827    0.92483    0.07884
1471.81677    0.72474    0.07504
1472.15625    0.86016    0.07613
1472.49487    0.86958    0.07590
1472.83447    1.05938    0.07744
1473.17322    0.82621    0.07463
1473.51294    0.83868    0.07438
1473.85193    0.85343    0.07375
1474.19092    0.79048    0.07376
1474.53088    0.85503    0.07449
1474.87024    0.91926    0.07674
1475.21021    0.93242    0.07779
1475.54968    1.12366    0.08019
1475.88977    0.91169    0.07918
1476.22937    0.98559    0.07909
1476.56897    1.05398    0.07618
1476.90942    0.92835    0.07552
1477.24927    0.75959    0.07151
1477.58997    0.75668    0.07266
1477.92981    0.97063    0.07410
1478.27063    1.01379    0.07552
1478.61060    0.88272    0.07589
1478.95178    0.98890    0.07845
1479.29187    1.01971    0.07862
1479.63220    0.84768    0.07777
1479.97339    0.94734    0.07822
1480.31384    0.85988    0.07644
1480.65527    0.91467    0.07480
1480.99585    0.95114    0.07289
1481.33740    0.90027    0.07149
1481.67822    1.03253    0.07444
1482.01904    0.88289    0.07656
1482.36072    0.98541    0.07822
1482.70178    0.81217    0.07548
1483.04358    0.71515    0.07339
1483.38489    0.87028    0.07512
1483.72693    0.80338    0.07317
1484.06824    0.87456    0.06946
1484.40967    1.02911    0.07182
1484.75195    1.03183    0.07315
1485.09351    0.91391    0.07312
1485.43604    0.93518    0.07345
1485.77771    0.89613    0.07031
1486.12036    0.81268    0.06984
1486.46216    0.87407    0.07011
1486.80420    0.97836    0.07044
1487.14697    1.08111    0.07270
1487.48914    0.92130    0.07107
1487.83215    0.93355    0.07125
1488.17444    0.97212    0.07231
1488.51758    0.89229    0.07271
1488.85999    0.93626    0.07297
1489.20251    0.85899    0.07311
1489.54590    1.03229    0.07606
1489.88867    1.08723    0.07676
1490.23218    1.04824    0.07528
1490.57495    0.95250    0.07290
1490.91870    0.92742    0.07144
1491.26172    1.15325    0.07372
1491.60474    0.91955    0.07191
1491.94873    0.91492    0.07340
1492.29199    1.00644    0.07548
1492.63611    0.91421    0.07566
1492.97949    0.91229    0.07561
1493.32373    0.83787    0.07205
1493.66724    0.94081    0.07204
1494.01086    1.04297    0.07195
1494.35547    0.99846    0.07273
1494.69910    1.00895    0.07430
1495.04382    0.92872    0.07422
1495.38782    0.85900    0.07231
1495.73254    0.96512    0.07299
1496.07666    0.94692    0.07917
1496.42090    0.82955    0.08118
1496.76587    1.02358    0.07247
1497.11035    0.82583    0.06966
1497.45557    0.93521    0.06973
1497.79993    0.88858    0.06984
1498.14539    0.85024    0.06923
1498.49011    1.02337    0.07182
1498.83472    1.02253    0.07447
1499.18030    0.92809    0.07568
1499.52527    1.01223    0.07758
1499.87109    0.79011    0.07453
1500.21606    0.93454    0.07406
1500.56201    0.88250    0.07155
1500.90723    0.95683    0.07027
1501.25244    0.92455    0.07140
1501.59875    0.91010    0.07224
1501.94409    1.13695    0.07535
1502.29053    1.14310    0.07556
1502.63599    0.98034    0.07411
1502.98267    0.91008    0.07335
1503.32837    0.95208    0.07389
1503.67419    1.08311    0.07660
1504.02100    1.08505    0.07681
1504.36694    0.94957    0.07512
1504.71375    0.92987    0.07428
1505.05994    0.92416    0.07263
1505.40710    0.89223    0.07185
1505.75342    1.01780    0.07384
1506.10059    0.94764    0.07503
1506.44714    0.84340    0.07665
1506.79358    0.95691    0.07783
1507.14099    0.86721    0.07475
1507.48779    0.92015    0.07473
1507.83545    1.06150    0.07631
1508.18225    0.95839    0.07477
1508.53003    0.94205    0.07361
1508.87708    0.84404    0.07226
1509.22424    1.03262    0.07397
1509.57227    1.02390    0.07538
1509.91956    0.95095    0.07397
1510.26770    0.82239    0.07197
1510.61511    1.01635    0.07149
1510.96350    0.97595    0.07257
1511.31104    1.13257    0.07375
1511.65881    1.03556    0.07474
1512.00745    0.91953    0.07148
1512.35522    0.84467    0.06940
1512.70386    0.89562    0.06781
1513.05200    1.01807    0.07094
1513.40088    0.96991    0.07041
1513.74890    1.02449    0.07362
1514.09717    1.01520    0.07219
1514.44641    0.88768    0.07016
1514.79480    1.04068    0.07112
1515.14404    1.09573    0.07366
1515.49268    0.96818    0.07287
1515.84204    0.96513    0.07184
1516.19080    0.94843    0.07121
1516.53967    1.02863    0.07209
1516.88928    1.00964    0.07251
1517.23828    0.99099    0.07224
1517.58826    0.91789    0.07129
1517.93726    1.01849    0.07207
1518.28735    1.13638    0.07278
1518.63660    0.97816    0.07163
1518.98596    0.96997    0.06946
1519.33630    1.01016    0.06688
1519.68579    1.00165    0.06615
1520.03613    0.90417    0.06518
1520.38599    0.93336    0.06623
1520.73645    1.02766    0.06836
1521.08643    1.13604    0.06861
1521.43628    1.05856    0.06686
1521.78711    0.87652    0.06442
1522.13721    1.14534    0.06733
1522.48816    1.15562    0.06900
1522.83850    1.06818    0.06740
1523.18958    1.06754    0.06609
1523.53992    1.09985    0.06573
1523.89050    1.11883    0.07402
1524.24194    1.02927    0.07147
1524.59253    1.00445    0.06586
1524.94409    0.97092    0.06461
1525.29492    0.96180    0.06450
1525.64673    1.07806    0.06467
1525.99768    1.14054    0.06341
1526.34863    0.99385    0.06120
1526.70068    0.86848    0.06067
1527.05188    1.01519    0.06211
1527.40405    0.94128    0.06085
1527.75537    0.98687    0.06010
1528.10767    0.92670    0.05947
1528.45911    0.89445    0.06096
1528.81079    0.98388    0.06290
1529.16345    1.00792    0.06257
1529.51514    0.99428    0.05985
1529.86780    0.96877    0.05884
1530.21973    1.02867    0.05872
1530.57275    1.01442    0.05970
1530.92480    1.02361    0.05933
1531.27698    0.97324    0.05810
1531.63013    1.12440    0.05801
1531.98242    0.99863    0.05634
1532.33569    1.02788    0.05655
1532.68823    0.90021    0.05578
1533.04163    0.97568    0.05620
1533.39429    0.92149    0.05498
1533.74792    1.03304    0.05482
1534.10071    1.05413    0.05579
1534.45374    0.99160    0.05493
1534.80737    1.09085    0.05500
1535.16052    1.04226    0.05443
1535.51465    1.11711    0.05421
1535.86792    0.99596    0.05331
1536.22205    1.04237    0.05488
1536.57532    1.00530    0.05439
1536.92896    0.94246    0.05383
1537.28320    0.99529    0.05513
1537.63696    1.02025    0.05496
1537.99146    1.07519    0.05410
1538.34534    0.97712    0.05137
1538.69995    0.90411    0.04986
1539.05408    1.01079    0.05009
1539.40808    0.98138    0.05092
1539.76306    0.97807    0.05152
1540.11731    0.99083    0.05235
1540.47241    0.95700    0.05004
1540.82678    0.92922    0.04839
1541.18225    0.96278    0.04822
1541.53674    1.02372    0.04869
1541.89136    1.07711    0.04945
1542.24695    1.04637    0.04899
1542.60168    0.87951    0.04752
1542.95740    0.92524    0.04883
1543.31238    1.09220    0.05111
1543.66821    0.93131    0.05033
1544.02332    0.92419    0.04850
1544.37854    0.99983    0.04850
1544.73474    0.95536    0.04786
1545.08997    1.01632    0.04871
1545.44629    1.00118    0.05097
1545.80188    0.96549    0.05096
1546.15833    0.97244    0.04950
1546.51404    1.05223    0.04883
1546.86975    1.03017    0.04824
1547.22656    0.95167    0.04710
1547.58240    1.09759    0.04841
1547.93933    0.99096    0.04874
1548.29541    0.98145    0.04845
1548.65247    1.04956    0.04910
1549.00879    1.04820    0.04876
1549.36511    1.08112    0.04950
1549.72229    1.09245    0.05009
1550.07874    1.05930    0.05067
1550.43628    1.04332    0.05168
1550.79297    1.07910    0.05351
1551.15063    1.04375    0.05432
1551.50745    1.06631    0.05325
1551.86438    1.15868    0.05283
1552.22217    1.09892    0.05201
1552.57922    1.08454    0.05369
1552.93726    1.11442    0.05544
1553.29443    1.00505    0.05527
1553.65283    1.01092    0.05397
1554.01013    0.96716    0.05273
1554.36768    0.95571    0.05358
1554.72620    1.06871    0.05567
1555.08374    1.03797    0.05508
1555.44226    1.14127    0.05533
1555.80017    1.05267    0.05858
1556.15894    0.80469    0.05724
1556.51685    0.85450    0.05252
1556.87500    0.93141    0.05427
1557.23401    0.93025    0.05635
1557.59229    0.94840    0.05739
1557.95142    0.94013    0.05625
1558.30994    0.91825    0.05789
1558.66907    0.93752    0.05806
1559.02771    1.01930    0.05432
1559.38635    0.92805    0.05558
1559.74597    0.88381    0.05718
1560.10474    1.00271    0.05803
1560.46460    0.92791    0.05504
1560.82349    1.06225    0.05376
1561.18347    0.85897    0.05251
1561.54272    1.09110    0.05511
1561.90271    1.02922    0.05612
1562.26196    1.05971    0.05661
1562.62134    0.93498    0.05579
1562.98181    1.02814    0.05662
1563.34131    1.05153    0.05707
1563.70178    1.08493    0.05650
1564.06152    0.92715    0.05473
1564.42212    1.11955    0.05631
1564.78210    1.11078    0.05653
1565.14209    1.02818    0.05562
1565.50305    0.93742    0.05656
1565.86316    1.00575    0.05838
1566.22412    0.93168    0.05946
1566.58459    0.86809    0.05890
1566.94580    1.00355    0.05994
1567.30627    0.97669    0.05915
1567.66675    0.98849    0.05818
1568.02832    1.03378    0.05886
1568.38904    0.99789    0.05895
1568.75073    1.06708    0.06037
1569.11157    0.98207    0.06047
1569.47339    0.94025    0.06022
1569.83459    1.07702    0.06308
1570.19556    1.05129    0.06390
1570.55774    0.95988    0.06141
1570.91907    0.99925    0.06232
1571.28137    0.98510    0.06094
1571.64282    1.04645    0.06290
1572.00525    1.01626    0.06350
1572.36670    1.03069    0.06305
1572.72852    0.99572    0.06110
1573.09119    1.04080    0.06186
1573.45300    1.05901    0.06192
1573.81592    0.98208    0.06176
1574.17798    0.96374    0.06108
1574.54102    1.03180    0.06140
1574.90320    1.09205    0.06165
1575.26550    1.06519    0.06149
1575.62866    1.02796    0.06211
1575.99133    0.96872    0.06420
1576.35461    1.03111    0.06756
1576.71729    1.03445    0.06722
1577.08081    1.00109    0.06455
1577.44373    0.97004    0.06231
1577.80652    0.95519    0.06293
1578.17041    0.97869    0.06493
1578.53345    0.95014    0.06720
1578.89746    0.99400    0.06711
1579.26074    0.97096    0.06785
1579.62488    1.02383    0.07639
1579.98828    0.95587    0.07986
1580.35181    0.98804    0.06728
1580.71619    0.81973    0.06436
1581.07983    0.81053    0.06510
1581.44434    0.98784    0.06530
1581.80811    0.97552    0.06425
1582.17297    0.93020    0.06244
1582.53687    0.97945    0.06351
1582.90100    1.04553    0.06656
1583.26599    1.05661    0.06658
1583.63025    0.99620    0.06439
1583.99536    0.96518    0.06402
1584.35974    1.03273    0.06437
1584.72522    0.95975    0.06748
1585.08972    0.99092    0.07083
1585.45435    1.06697    0.07703
1585.81995    1.05405    0.08814
1586.18481    0.94788    0.08575
1586.55054    0.97284    0.08468
1586.91553    1.02368    0.07310
1587.28149    0.95905    0.07170
1587.64661    1.08987    0.08022
1588.01184    0.94090    0.07668
1588.37805    1.12130    0.06745
1588.74341    0.91151    0.06399
1589.10974    1.02807    0.06571
1589.47534    0.96609    0.06614
1589.84192    0.99269    0.06681
1590.20764    1.05903    0.06836
1590.57434    1.14297    0.07068
1590.94031    1.07503    0.07031
1591.30627    0.84886    0.06766
1591.67310    0.96665    0.06617
1592.03943    0.87587    0.06639
1592.40649    0.98025    0.06779
1592.77283    0.89962    0.06862
1593.14014    0.92712    0.06957
1593.50671    0.98250    0.06876
1593.87317    0.94145    0.06638
1594.24084    0.98116    0.06625
1594.60742    1.01918    0.06831
1594.97522    0.98667    0.06957
1595.34216    1.11965    0.06898
1595.71008    0.94290    0.06642
1596.07703    0.96265    0.06565
1596.44434    0.95043    0.06534
1596.81238    0.96894    0.06491
1597.17981    1.02246    0.06531
1597.54797    1.01207    0.06543
1597.91565    0.98440    0.06569
1598.28406    0.85711    0.06535
1598.65173    0.99774    0.06710
1599.01953    0.98847    0.06724
1599.38818    1.07088    0.06794
1599.75610    0.98086    0.06681
1600.12512    0.97474    0.06792
1600.49316    0.97785    0.06810
1600.86218    0.88745    0.06671
1601.23059    0.87068    0.06603
1601.59900    1.04881    0.06607
1601.96826    0.91382    0.06418
1602.33667    0.90291    0.06310
1602.70630    0.95963    0.06409
1603.07495    0.87598    0.06398
1603.44470    0.91668    0.06505
1603.81348    1.03413    0.06713
1604.18237    0.99205    0.06712
1604.55249    0.88116    0.06709
1604.92151    1.09067    0.06940
1605.29163    1.03373    0.06864
1605.66089    1.09847    0.07141
1606.03113    1.03153    0.07573
1606.40063    1.06219    0.07740
1606.77014    0.98937    0.06889
1607.14062    0.95042    0.07359
1607.51038    0.97959    0.07504
1607.88110    1.18286    0.07568
1608.25098    1.07920    0.07317
1608.62183    0.92661    0.06778
1608.99194    1.15486    0.06987
1609.36194    0.91720    0.06960
1609.73303    1.05159    0.06843
1610.10339    0.93896    0.06686
1610.47485    0.79769    0.06344
1610.84534    0.90436    0.06429
1611.21667    0.91383    0.06553
1611.58728    0.85850    0.06571
1611.95813    0.97267    0.06580
1612.32983    0.88467    0.06491
1612.70068    0.93606    0.06586
1613.07263    1.04586    0.06742
1613.44373    0.93535    0.06540
1613.81580    0.98997    0.06660
1614.18713    1.04271    0.06833
1614.55835    0.95121    0.06787
1614.93066    0.90210    0.06688
1615.30212    0.92435    0.06720
1615.67468    1.03893    0.06810
1616.04639    1.07780    0.06759
1616.41895    1.11019    0.06678
1616.79077    0.96348    0.06419
1617.16284    1.00577    0.06440
1617.53577    0.89875    0.06581
1617.90784    0.78881    0.06583
1618.28088    0.95425    0.06986
1618.65320    1.04766    0.07062
1619.02649    1.09730    0.07117
1619.39893    1.04377    0.07052
1619.77234    0.96272    0.06830
1620.14490    0.92320    0.06762
1620.51770    0.85067    0.06785
1620.89136    0.96642    0.06939
1621.26428    0.83968    0.07521
1621.63806    0.97402    0.07570
1622.01123    0.96101    0.07326
1622.38513    1.02050    0.07016
1622.75842    1.06578    0.07276
1623.13171    1.08942    0.07359
1623.50610    0.95739    0.07063
1623.87964    1.02728    0.06872
1624.25403    0.92667    0.06814
1624.62769    1.00165    0.06851
1625.00232    0.94994    0.06735
1625.37610    0.87446    0.06781
1625.75000    1.03956    0.06814
1626.12488    0.93895    0.06656
1626.49902    0.99054    0.06685
1626.87402    0.99994    0.06766
1627.24829    0.97924    0.06861
1627.62354    1.00933    0.06846
1627.99792    1.01979    0.06868
1628.37256    0.96775    0.06723
1628.74805    0.85768    0.06488
1629.12268    0.82681    0.06492
1629.49829    0.95229    0.06799
1629.87317    1.02359    0.06865
1630.24902    1.05281    0.07040
1630.62402    0.97020    0.07012
1630.99927    0.90190    0.06759
1631.37537    0.87856    0.06748
1631.75061    0.91034    0.06790
1632.12683    0.99509    0.06789
1632.50232    0.89803    0.06573
1632.87878    1.05680    0.06558
1633.25439    0.97832    0.06438
1633.63025    0.86892    0.06722
1634.00696    1.05172    0.07255
1634.38281    0.95166    0.07047
1634.75964    1.03616    0.06943
1635.13574    0.96737    0.06871
1635.51282    0.90792    0.06934
1635.88904    0.89467    0.06846
1636.26550    0.96424    0.07051
1636.64270    0.95508    0.07036
1637.01929    0.84193    0.06782
1637.39673    0.92092    0.06659
1637.77344    0.96024    0.06764
1638.15112    0.91713    0.06700
1638.52795    0.88005    0.06590
1638.90491    0.99017    0.06676
1639.28284    0.89219    0.06728
1639.65991    0.97983    0.06782
1640.03809    0.94326    0.06763
1640.41541    1.06335    0.06782
1640.79370    0.87559    0.06743
1641.17114    0.97701    0.06797
1641.54858    1.07124    0.06875
1641.92712    1.03747    0.06774
1642.30481    1.12906    0.06686
1642.68372    1.04239    0.06690
1643.06140    0.98815    0.06632
1643.44031    1.02097    0.06851
1643.81836    0.95914    0.06820
1644.19666    0.82455    0.06615
1644.57581    0.86592    0.06502
1644.95410    1.04734    0.06508
1645.33337    1.05057    0.06587
1645.71191    0.97775    0.06699
1646.09143    0.87468    0.06659
1646.47009    0.84990    0.06607
1646.84973    0.98227    0.06713
1647.22852    0.96234    0.06589
1647.60754    0.97781    0.06453
1647.98755    1.00778    0.06489
1648.36670    0.92079    0.06581
1648.74670    0.99027    0.06896
1649.12610    0.89819    0.06967
1649.50623    0.92792    0.06877
1649.88574    0.93117    0.06767
