1410.00061    0.96284    0.06282
1410.32581    1.01357    0.06149
1410.65027    1.11972    0.06649
1410.97473    1.12688    0.06652
1411.30005    1.04583    0.06496
1411.62463    1.08418    0.06498
1411.95032    1.13470    0.06435
1412.27515    1.10380    0.06369
1412.60071    1.15075    0.06482
1412.92566    1.11847    0.06527
1413.25146    1.05730    0.06626
1413.57666    1.22503    0.06696
1413.90173    0.96644    0.06260
1414.22778    1.00490    0.06262
1414.55322    1.04393    0.06266
1414.87939    1.12240    0.06475
1415.20483    1.21936    0.06680
1415.53125    1.02798    0.06299
1415.85681    0.97665    0.06216
1416.18262    0.97695    0.06207
1416.50916    1.02065    0.06295
1416.83496    1.02540    0.06276
1417.16174    1.04800    0.06399
1417.48779    1.20372    0.06609
1417.81458    1.06025    0.06463
1418.14075    1.10746    0.06463
1418.46704    1.13710    0.06519
1418.79419    1.05549    0.06512
1419.12048    1.00465    0.06387
1419.44788    1.06789    0.06401
1419.77429    0.93275    0.06175
1420.10168    0.94388    0.06039
1420.42847    0.96626    0.06240
1420.75513    1.02112    0.06464
1421.08276    1.11912    0.06809
1421.40979    1.07296    0.06578
1421.73743    0.88457    0.06225
1422.06458    1.02630    0.06274
1422.39246    1.11509    0.06547
1422.71973    1.12614    0.06443
1423.04700    1.11387    0.06536
1423.37500    0.97817    0.06321
1423.70251    1.08072    0.06444
1424.03088    1.02413    0.06266
1424.35852    0.97488    0.06237
1424.68689    0.98765    0.06236
1425.01465    1.01389    0.06438
1425.34253    1.05031    0.06468
1425.67114    1.03685    0.06271
1425.99915    0.94888    0.06000
1426.32800    1.04657    0.06187
1426.65613    1.04931    0.06202
1426.98499    0.91759    0.06149
1427.31335    1.08117    0.06270
1427.64172    1.00131    0.06197
1427.97083    1.08950    0.06362
1428.29932    1.03205    0.06127
1428.62891    0.81004    0.05733
1428.95740    0.55463    0.05201
1429.28687    0.33395    0.05007
1429.61572    0.49276    0.05085
1429.94470    0.68731    0.05679
1430.27441    0.96335    0.06288
1430.60339    1.04479    0.06417
1430.93323    0.81147    0.06003
1431.26245    0.58900    0.05447
1431.59265    0.37671    0.05054
1431.92200    0.56877    0.05357
1432.25134    0.78736    0.05888
1432.58167    0.85294    0.05817
1432.91113    0.92746    0.06200
1433.24146    1.11069    0.06476
1433.57129    0.91222    0.06318
1433.90186    1.03706    0.06393
1434.23169    1.00365    0.06279
1434.56177    0.94466    0.06203
1434.89233    1.04840    0.06343
1435.22253    0.99439    0.06373
1435.55359    0.94660    0.06150
1435.88379    0.66722    0.05620
1436.21497    0.66413    0.05644
1436.54529    0.85043    0.05864
1436.87585    0.93091    0.05813
1437.20703    0.96653    0.05944
1437.53772    1.03559    0.05981
1437.86926    0.86910    0.05883
1438.19995    0.77605    0.05715
1438.53162    0.79232    0.05722
1438.86267    0.83823    0.05843
1439.19434    0.95843    0.05905
1439.52551    1.01674    0.05934
1439.85669    0.92811    0.05812
1440.18872    0.96182    0.05889
1440.51990    1.02080    0.05973
1440.85217    0.98314    0.05923
1441.18359    0.98430    0.05835
1441.51599    0.93302    0.05743
1441.84753    0.96635    0.05809
1442.17920    0.88399    0.05700
1442.51172    0.89512    0.05792
1442.84363    1.01918    0.05906
1443.17627    0.87776    0.05836
1443.50830    0.96653    0.05955
1443.84119    1.00431    0.05915
1444.17346    0.92688    0.05795
1444.50562    0.94410    0.05825
1444.83887    1.07914    0.06142
1445.17114    1.04936    0.06087
1445.50439    0.98705    0.05832
1445.83691    0.84801    0.05503
1446.17029    0.83579    0.05578
1446.50305    0.88317    0.05668
1446.83569    0.89564    0.05682
1447.16943    0.96336    0.05701
1447.50232    0.98734    0.05841
1447.83618    0.96193    0.05716
1448.16919    0.88698    0.05701
1448.50305    0.83843    0.05658
1448.83643    0.90275    0.05764
1449.16968    1.00655    0.05812
1449.50391    0.82025    0.05544
1449.83728    0.84471    0.05646
1450.17163    1.01753    0.05853
1450.50513    1.02491    0.05916
1450.83972    0.87960    0.05730
1451.17346    0.95247    0.05748
1451.50732    0.98988    0.05927
1451.84204    0.92672    0.05698
1452.17603    0.92931    0.05736
1452.51099    0.97776    0.05739
1452.84497    0.97146    0.05800
1453.18005    0.92359    0.05695
1453.51440    0.92918    0.05587
1453.84875    0.95983    0.05754
1454.18408    1.01479    0.05881
1454.51855    0.93502    0.05554
1454.85400    0.79931    0.05313
1455.18872    0.93246    0.05518
1455.52429    0.88343    0.05626
1455.85901    0.92330    0.05664
1456.19397    0.94107    0.05672
1456.52979    0.98068    0.05786
1456.86475    0.99980    0.05914
1457.20081    0.82901    0.05841
1457.53613    0.99042    0.05832
1457.87219    0.92462    0.05757
1458.20752    0.89700    0.05674
1458.54297    0.96344    0.05801
1458.87927    0.98813    0.05793
1459.21484    0.98856    0.05797
1459.55139    1.06904    0.05872
1459.88721    1.01535    0.05796
1460.22375    0.93886    0.05616
1460.55981    0.94969    0.05657
1460.89575    1.03903    0.05818
1461.23254    1.09193    0.06029
1461.56885    0.99709    0.05977
1461.90576    0.97355    0.05839
1462.24207    1.00134    0.05862
1462.57935    1.00565    0.05612
1462.91577    0.94804    0.05541
1463.25232    0.88802    0.05467
1463.58972    1.01690    0.05692
1463.92651    0.96801    0.05692
1464.26404    0.91123    0.05469
1464.60083    0.91386    0.05548
1464.93848    0.93717    0.05590
1465.27563    0.98823    0.05660
1465.61353    0.98964    0.05673
1465.95056    0.99733    0.05695
1466.28784    1.00089    0.05675
1466.62610    0.96679    0.05500
1466.96350    0.93849    0.05554
1467.30176    1.01230    0.05657
1467.63928    1.05088    0.05840
1467.97766    0.92331    0.05740
1468.31543    0.95928    0.05806
1468.65320    1.02731    0.05874
1468.99182    0.95955    0.05692
1469.32983    0.98963    0.05770
1469.66858    1.05223    0.05863
1470.00671    0.91956    0.05555
1470.34558    0.93368    0.05549
1470.68396    1.02657    0.05722
1471.02222    0.98849    0.05733
1471.36145    0.92788    0.05656
1471.69995    0.96910    0.05819
1472.03931    1.02996    0.06150
1472.37793    1.07771    0.06039
1472.71753    1.04706    0.05969
1473.05627    0.94296    0.05647
1473.39514    0.90386    0.05449
1473.73499    0.96416    0.05497
1474.07397    1.01572    0.05504
1474.41382    0.99582    0.05524
1474.75305    0.95821    0.05444
1475.09314    0.96603    0.05398
1475.43237    0.99750    0.05408
1475.77185    1.00826    0.05441
1476.11218    0.94427    0.05354
1476.45178    0.93799    0.05419
1476.79224    0.96645    0.05470
1477.13208    0.93584    0.05407
1477.47266    0.87366    0.05294
1477.81250    0.90042    0.05232
1478.15247    0.86200    0.05356
1478.49329    0.77532    0.05118
1478.83350    0.83745    0.05306
1479.17444    0.99174    0.05328
1479.51465    0.90011    0.05204
1479.85596    0.98065    0.05280
1480.19641    1.00334    0.05272
1480.53687    0.99401    0.05296
1480.87830    0.90460    0.05136
1481.21899    0.83558    0.05127
1481.56042    1.02442    0.05364
1481.90137    0.92250    0.05250
1482.24304    1.00542    0.05340
1482.58411    0.97395    0.05278
1482.92505    0.95026    0.05329
1483.26721    1.07105    0.05468
1483.60828    1.00936    0.05323
1483.95044    0.99529    0.05421
1484.29187    1.06481    0.05600
1484.63416    1.05925    0.05788
1484.97559    1.01808    0.05656
1485.31726    1.01492    0.05773
1485.65979    0.99048    0.05739
1486.00159    1.04482    0.05708
1486.34412    1.04827    0.05649
1486.68616    0.98278    0.05560
1487.02893    0.92770    0.05640
1487.37097    0.95197    0.05583
1487.71326    1.02104    0.05590
1488.05627    1.01629    0.05508
1488.39868    0.97402    0.05418
1488.74182    1.03748    0.05491
1489.08423    1.01447    0.05417
1489.42773    0.85319    0.05231
1489.77026    0.92691    0.05329
1490.11304    1.02915    0.05395
1490.45667    0.97218    0.05414
1490.79944    0.96935    0.05282
1491.14331    0.96059    0.05325
1491.48645    0.91353    0.05205
1491.83032    1.03387    0.05456
1492.17346    0.92553    0.05476
1492.51758    0.96720    0.05327
1492.86084    0.96004    0.05248
1493.20435    0.95762    0.05228
1493.54871    1.05268    0.05343
1493.89233    1.03608    0.05353
1494.23669    0.99067    0.05258
1494.58057    0.91721    0.05171
1494.92517    0.98415    0.05285
1495.26917    1.04812    0.05375
1495.61304    0.98582    0.05375
1495.95789    0.99457    0.05451
1496.30200    0.98575    0.05376
1496.64709    1.04266    0.05513
1496.99146    1.02755    0.05427
1497.33655    1.01924    0.05552
1497.68103    1.07924    0.05481
1498.02563    1.02255    0.05451
1498.37109    0.94811    0.05248
1498.71582    0.95301    0.05105
1499.06140    0.91174    0.05313
1499.40625    0.99516    0.06017
1499.75208    1.11603    0.07349
1500.09705    0.79951    0.07762
1500.44214    0.91501    0.07346
1500.78809    0.94779    0.06311
1501.13342    0.88790    0.05519
1501.47949    0.85725    0.05352
1501.82483    0.89330    0.05227
1502.17114    0.93238    0.05215
1502.51685    0.85918    0.05088
1502.86243    0.89814    0.05277
1503.20911    0.87348    0.05164
1503.55493    0.82040    0.05160
1503.90149    0.85403    0.05066
1504.24756    0.88263    0.05088
1504.59436    0.88360    0.05136
1504.94043    0.91683    0.05111
1505.28674    0.88266    0.05067
1505.63379    0.82109    0.04984
1505.98022    0.82532    0.05015
1506.32739    0.85627    0.05046
1506.67407    0.82292    0.05021
1507.02136    0.84309    0.04970
1507.36816    0.81377    0.04946
1507.71484    0.74284    0.04767
1508.06262    0.72420    0.04813
1508.40942    0.74092    0.04679
1508.75732    0.61688    0.04323
1509.10449    0.68632    0.04385
1509.45239    0.82503    0.04648
1509.79956    0.82713    0.04783
1510.14697    0.65168    0.04376
1510.49524    0.45258    0.04017
1510.84277    0.33559    0.03738
1511.19104    0.24637    0.03538
1511.53870    0.20604    0.03438
1511.88733    0.21733    0.03574
1512.23523    0.31977    0.03787
1512.58301    0.52893    0.04185
1512.93188    0.44687    0.04148
1513.27991    0.46044    0.04055
1513.62891    0.33854    0.03729
1513.97705    0.20032    0.03662
1514.32617    0.24168    0.03592
1514.67456    0.25013    0.03818
1515.02307    0.28591    0.03804
1515.37231    0.27201    0.03656
1515.72107    0.23973    0.03671
1516.07056    0.26033    0.03739
1516.41919    0.34726    0.03864
1516.76880    0.42879    0.04057
1517.11780    0.48194    0.04134
1517.46680    0.35585    0.03959
1517.81689    0.25965    0.03792
1518.16602    0.23158    0.03701
1518.51599    0.21024    0.03638
1518.86536    0.24323    0.03675
1519.21558    0.25435    0.03655
1519.56506    0.23059    0.03743
1519.91553    0.20592    0.03794
1520.26526    0.22478    0.03626
1520.61487    0.24830    0.03553
1520.96558    0.16129    0.03415
1521.31543    0.08783    0.03378
1521.66626    0.06233    0.03382
1522.01624    0.06193    0.03577
1522.36731    0.04478    0.03478
1522.71753    0.03390    0.03362
1523.06787    0.10714    0.03359
1523.41907    0.12299    0.03422
1523.76953    0.13218    0.03344
1524.12085    0.11628    0.03276
1524.47156    0.07483    0.03170
1524.82312    0.06618    0.03223
1525.17371    0.13191    0.03392
1525.52466    0.11180    0.03297
1525.87646    0.22778    0.03432
1526.22754    0.38516    0.03734
1526.57947    0.59090    0.04089
1526.93066    0.83182    0.04551
1527.28271    0.90889    0.04818
1527.63403    0.95729    0.05002
1527.98560    1.00908    0.05036
1528.33777    0.96557    0.05033
1528.68945    0.94385    0.04901
1529.04199    0.98703    0.04768
1529.39368    0.89844    0.04689
1529.74634    1.07695    0.04977
1530.09827    1.10262    0.05104
1530.45032    1.00961    0.04917
1530.80334    0.95659    0.04843
1531.15527    0.95569    0.04777
1531.50854    0.84586    0.04559
1531.86072    0.62263    0.04162
1532.21411    0.58279    0.04150
1532.56641    0.89798    0.04654
1532.91919    1.19806    0.05074
1533.27246    1.22487    0.05164
1533.62524    1.29510    0.05254
1533.97888    1.01769    0.04805
1534.33179    0.80671    0.04309
1534.68567    0.67837    0.04180
1535.03870    0.81416    0.04372
1535.39185    1.17611    0.04889
1535.74597    1.18061    0.04980
1536.09912    1.04403    0.04855
1536.45337    0.74194    0.04445
1536.80688    0.67857    0.04219
1537.16125    0.88736    0.04469
1537.51477    1.10214    0.04778
1537.86853    1.16782    0.04926
1538.22327    1.06304    0.04658
1538.57715    0.79555    0.04131
1538.93176    0.58889    0.03940
1539.28589    0.56166    0.03843
1539.64087    0.70314    0.04043
1539.99512    0.91143    0.04309
1540.34937    0.89184    0.04331
1540.70459    0.68106    0.03928
1541.05896    0.48428    0.03495
1541.41431    0.52777    0.03598
1541.76904    0.80678    0.03961
1542.12439    0.99991    0.04155
1542.47925    1.04969    0.04234
1542.83398    0.90198    0.03924
1543.18982    0.76596    0.03686
1543.54492    0.69627    0.03497
1543.90076    0.72693    0.03606
1544.25598    0.98791    0.03866
1544.61206    1.13882    0.04116
1544.96753    1.15463    0.04140
1545.32288    1.14593    0.04061
1545.67908    1.17544    0.04060
1546.03479    1.19737    0.04004
1546.39124    1.12576    0.03900
1546.74695    1.10753    0.03869
1547.10364    1.21332    0.03921
1547.45959    1.16766    0.03871
1547.81641    1.09218    0.03762
1548.17249    1.14213    0.03742
1548.52869    1.07339    0.03676
1548.88574    1.13241    0.03707
1549.24207    1.08137    0.03629
1549.59924    1.02868    0.03622
1549.95581    1.01822    0.03594
1550.31323    1.00527    0.03492
1550.66980    0.99874    0.03473
1551.02649    0.93316    0.03448
1551.38428    0.96289    0.03418
1551.74109    0.98203    0.03506
1552.09900    0.96250    0.03529
1552.45605    0.96145    0.03531
1552.81396    0.97422    0.03964
1553.17126    0.99945    0.04036
1553.52844    0.96980    0.03556
1553.88672    0.93103    0.03601
1554.24426    0.98203    0.03672
1554.60266    1.06190    0.03789
1554.96033    0.93306    0.03697
1555.31885    0.92916    0.03702
1555.67664    1.00940    0.03869
1556.03455    0.97341    0.03885
1556.39343    0.95033    0.03906
1556.75146    1.03154    0.04028
1557.11035    0.92815    0.04058
1557.46863    1.08319    0.04192
1557.82776    1.03980    0.04113
1558.18616    1.00406    0.04134
1558.54456    1.00508    0.04125
1558.90393    0.94594    0.04072
1559.26257    1.00827    0.04197
1559.62219    1.03806    0.04316
1559.98108    1.01216    0.04306
1560.34058    1.03443    0.04358
1560.69971    1.01981    0.04299
1561.05859    0.95076    0.04334
1561.41870    1.08163    0.04542
1561.77783    1.06065    0.04605
1562.13806    1.05952    0.04571
1562.49731    1.06943    0.04648
1562.85779    1.07073    0.04641
1563.21716    1.03130    0.04520
1563.57690    0.92105    0.04404
1563.93738    1.11233    0.04635
1564.29712    1.08716    0.04629
1564.65784    1.00926    0.04583
1565.01782    1.01552    0.04583
1565.37866    1.03162    0.04592
1565.73877    1.00157    0.04513
1566.09900    0.98800    0.04524
1566.46021    1.02470    0.04568
1566.82056    0.97574    0.04464
1567.18188    0.89290    0.04385
1567.54248    0.91843    0.04384
1567.90393    0.99937    0.04491
1568.26453    0.97159    0.04412
1568.62537    0.98663    0.04564
1568.98706    1.04053    0.04539
1569.34790    1.05351    0.04661
1569.70984    0.99638    0.04568
1570.07092    0.95516    0.04493
1570.43311    1.00121    0.04579
1570.79431    1.00781    0.04592
1571.15564    0.95108    0.04453
1571.51807    0.93576    0.04400
1571.87952    0.99571    0.04555
1572.24194    0.98609    0.04663
1572.60376    1.05559    0.04701
1572.96631    1.04679    0.04635
1573.32812    1.00124    0.04572
1573.69104    0.99467    0.04555
1574.05298    1.01722    0.04613
1574.41504    0.98301    0.04611
1574.77820    0.93051    0.04567
1575.14050    1.02977    0.04603
1575.50354    1.06453    0.04717
1575.86597    0.99640    0.04615
1576.22949    0.96492    0.04540
1576.59204    0.99183    0.04560
1576.95483    1.01425    0.04578
1577.31848    1.04883    0.04684
1577.68127    1.06708    0.04596
1578.04504    1.03041    0.04687
1578.40820    0.98324    0.04597
1578.77209    1.03099    0.04646
1579.13525    0.96453    0.04569
1579.49854    0.98999    0.04713
1579.86279    1.05357    0.04845
1580.22632    0.99911    0.04713
1580.59070    0.88337    0.04507
1580.95435    1.00226    0.04592
1581.31885    1.00381    0.04707
1581.68262    1.06720    0.04725
1582.04651    1.01194    0.04716
1582.41138    0.91414    0.04581
1582.77527    0.98380    0.04712
1583.14026    1.08917    0.04858
1583.50452    1.05344    0.04816
1583.86963    0.97772    0.04686
1584.23401    1.00494    0.04805
1584.59839    1.04184    0.04760
1584.96387    0.96518    0.04622
1585.32849    0.92821    0.04585
1585.69421    1.00200    0.04699
1586.05896    0.98895    0.04803
1586.42456    1.00851    0.04764
1586.78955    0.98633    0.04806
1587.15466    0.89579    0.04611
1587.52063    1.05314    0.04782
1587.88574    0.98617    0.04817
1588.25195    1.03008    0.04793
1588.61743    1.03814    0.04879
1588.98364    1.00086    0.04807
1589.34912    1.02471    0.04851
1589.71484    0.99962    0.04754
1590.08142    1.03270    0.04792
1590.44727    1.02837    0.04778
1590.81409    0.98941    0.04748
1591.17981    1.01645    0.04855
1591.54688    1.08665    0.04943
1591.91296    0.97653    0.04849
1592.27930    0.96414    0.04775
1592.64648    1.02944    0.04816
1593.01270    1.03413    0.04722
1593.38000    0.97694    0.04757
1593.74670    0.96084    0.04680
1594.11414    1.00419    0.04718
1594.48096    0.95126    0.04689
1594.84766    0.98777    0.04753
1595.21545    1.00047    0.04703
1595.58240    0.95266    0.04799
1595.95044    0.96954    0.04850
1596.31763    1.10489    0.04925
1596.68579    1.04760    0.04858
1597.05310    1.08849    0.04907
1597.42041    1.05144    0.04849
1597.78870    0.95011    0.04705
1598.15637    0.96686    0.04648
1598.52478    1.02199    0.04720
1598.89270    0.97376    0.04649
1599.26135    0.99704    0.04721
1599.62915    1.01039    0.04719
1599.99707    1.01893    0.04804
1600.36609    1.06181    0.04853
1600.73425    1.00851    0.04831
1601.10339    0.95003    0.04718
1601.47180    0.99413    0.04808
1601.84106    1.04683    0.04910
1602.20959    1.01187    0.04742
1602.57910    0.94127    0.04697
1602.94775    0.99622    0.04823
1603.31641    0.98417    0.04896
1603.68628    0.97416    0.04899
1604.05505    0.98472    0.04840
1604.42493    0.99295    0.04896
1604.79407    0.98316    0.04941
1605.16406    0.99391    0.04875
1605.53345    1.11862    0.04964
1605.90271    0.99638    0.04847
1606.27307    0.95802    0.04972
1606.64258    1.00505    0.04885
1607.01306    0.94092    0.04720
1607.38281    1.00122    0.04778
1607.75342    1.03093    0.04862
1608.12329    0.99122    0.04760
1608.49329    0.98166    0.04794
1608.86414    0.96957    0.04792
1609.23425    0.93923    0.04907
1609.60535    1.06801    0.04953
1609.97559    1.06901    0.04879
1610.34705    1.02151    0.04821
1610.71729    0.98978    0.04761
1611.08789    0.96306    0.04782
1611.45935    0.94022    0.04694
1611.83020    0.97178    0.04803
1612.20190    0.93264    0.04817
1612.57275    1.00754    0.04934
1612.94458    1.02308    0.04819
1613.31555    0.96736    0.04715
1613.68677    0.95933    0.04684
1614.05884    0.94875    0.04678
1614.43018    1.05015    0.04823
1614.80249    0.97817    0.04718
1615.17407    0.90105    0.04624
1615.54639    0.93630    0.04698
1615.91809    0.99064    0.04759
1616.28979    0.96571    0.04746
1616.66248    0.99807    0.04777
1617.03442    0.90158    0.04679
1617.40735    0.91867    0.04700
1617.77930    1.02799    0.04734
1618.15234    1.00502    0.04770
1618.52478    0.93644    0.04642
1618.89709    0.99972    0.04702
1619.27026    1.11896    0.04912
1619.64282    1.08005    0.04890
1620.01636    0.98163    0.04797
1620.38904    1.00882    0.04839
1620.76270    0.99849    0.04927
1621.13562    0.99744    0.04869
1621.50842    1.03327    0.04876
1621.88245    1.02564    0.04794
1622.25549    1.00916    0.04774
1622.62952    1.02372    0.04777
1623.00293    0.95049    0.04795
1623.37708    1.00153    0.04870
1623.75061    1.05515    0.05029
1624.12415    1.02595    0.04894
1624.49878    1.00284    0.04918
1624.87244    1.03167    0.04829
1625.24719    0.93386    0.04723
1625.62097    0.97319    0.04768
1625.99585    1.04431    0.04955
1626.36987    1.04330    0.04989
1626.74402    0.98700    0.04826
1627.11914    0.97026    0.04868
1627.49353    1.03987    0.04954
1627.86877    1.06904    0.05033
1628.24329    1.05874    0.04979
1628.61865    1.02060    0.04840
1628.99341    0.99516    0.04774
1629.36804    0.99812    0.04786
1629.74377    0.97377    0.04767
1630.11890    1.01925    0.04932
1630.49475    1.03232    0.04951
1630.86975    1.01660    0.04939
1631.24585    0.99774    0.04897
1631.62109    0.97689    0.04907
1631.99744    0.97050    0.04941
1632.37280    1.06497    0.05113
1632.74841    1.00341    0.05033
1633.12476    0.99927    0.04978
1633.50049    1.03191    0.04983
1633.87720    0.99265    0.05062
1634.25305    1.14592    0.05121
1634.63000    1.06146    0.04971
1635.00610    1.02625    0.04857
1635.38208    1.05431    0.04953
1635.75916    1.07015    0.05057
1636.13550    1.05868    0.05035
1636.51282    1.04135    0.05012
1636.88928    1.00660    0.04909
1637.26672    0.99449    0.04849
1637.64343    0.98128    0.04745
1638.02014    1.00369    0.04865
1638.39795    1.06974    0.04902
1638.77478    1.03302    0.04884
1639.15271    1.00077    0.04800
1639.52979    0.97783    0.04723
1639.90784    1.01562    0.04888
1640.28503    1.05254    0.04892
1640.66248    0.99694    0.04813
1641.04065    0.95119    0.04697
1641.41821    1.04314    0.04834
1641.79688    1.01793    0.04862
1642.17456    1.01442    0.04892
1642.55310    1.03540    0.04898
1642.93103    0.97531    0.04951
1643.30896    0.97651    0.04767
1643.68787    0.95250    0.04769
1644.06616    1.09282    0.04958
1644.44519    1.04962    0.04921
1644.82336    0.90470    0.04782
1645.20288    0.98035    0.04907
1645.58130    1.00912    0.04899
1645.95984    0.97987    0.04770
1646.33936    0.96027    0.04764
1646.71814    0.95297    0.04665
1647.09790    0.98461    0.04711
1647.47681    1.03854    0.04744
1647.85669    0.98831    0.04773
1648.23584    1.02432    0.04801
1648.61487    0.94104    0.04557
1648.99512    0.92350    0.04706
1649.37439    0.95445    0.04703
1649.75476    0.90108    0.04573
