1410.08826    1.09254    0.03544
1410.41345    1.10331    0.03517
1410.73792    1.08246    0.03502
1411.06311    1.10947    0.03547
1411.38782    1.11372    0.03536
1411.71240    1.08586    0.03560
1412.03796    1.06215    0.03534
1412.36292    1.06533    0.03569
1412.68848    1.06703    0.03557
1413.01355    1.05962    0.03503
1413.33936    0.99490    0.03429
1413.66443    0.99436    0.03384
1413.98975    1.06336    0.03494
1414.31580    1.10017    0.03528
1414.64111    1.08278    0.03493
1414.96741    1.01241    0.03449
1415.29272    1.05185    0.03469
1415.61914    1.06600    0.03499
1415.94482    1.04489    0.03489
1416.27136    1.06733    0.03463
1416.59717    1.03244    0.03444
1416.92297    1.02710    0.03410
1417.24988    1.00231    0.03395
1417.57593    1.07967    0.03445
1417.90283    1.14063    0.03535
1418.22900    1.04804    0.03438
1418.55603    1.07747    0.03479
1418.88232    1.08015    0.03505
1419.20874    1.03309    0.03466
1419.53589    1.02250    0.03391
1419.86267    1.02602    0.03465
1420.18994    0.98526    0.03400
1420.51672    1.00052    0.03385
1420.84412    1.08710    0.03476
1421.17114    1.02683    0.03413
1421.49805    0.98782    0.03395
1421.82593    1.03633    0.03438
1422.15295    1.04484    0.03533
1422.48096    0.97839    0.03486
1422.80811    1.00762    0.03513
1423.13623    1.07612    0.03581
1423.46362    1.02542    0.03372
1423.79114    0.96020    0.03332
1424.11938    1.02006    0.03325
1424.44714    0.98205    0.03348
1424.77539    1.05511    0.03411
1425.10327    1.03849    0.03393
1425.43188    1.03320    0.03399
1425.75977    1.03730    0.03373
1426.08777    0.98703    0.03308
1426.41675    1.05538    0.03365
1426.74487    1.05317    0.03370
1427.07385    1.06580    0.03402
1427.40210    1.05429    0.03377
1427.73132    0.99272    0.03328
1428.05969    0.94914    0.03270
1428.38818    1.01090    0.03326
1428.71753    1.07849    0.03396
1429.04639    1.04062    0.03401
1429.37573    1.03569    0.03357
1429.70459    1.08615    0.03390
1430.03442    1.06291    0.03348
1430.36340    0.95849    0.03201
1430.69226    0.97205    0.03218
1431.02222    1.00240    0.03249
1431.35156    0.97374    0.03223
1431.68152    0.97124    0.03226
1432.01099    1.04320    0.03294
1432.34106    0.98650    0.03267
1432.67065    1.04540    0.03292
1433.00012    0.98741    0.03274
1433.33069    0.98150    0.03260
1433.66040    1.02129    0.03264
1433.99097    0.96581    0.03248
1434.32092    1.02435    0.03305
1434.65161    1.02475    0.03374
1434.98157    0.99764    0.03342
1435.31189    0.98704    0.03326
1435.64282    0.97871    0.03314
1435.97302    0.95505    0.03269
1436.30408    0.97752    0.03298
1436.63452    1.02836    0.03367
1436.96582    0.98773    0.03303
1437.29639    1.00428    0.03359
1437.62720    1.04595    0.03314
1437.95850    0.96738    0.03231
1438.28943    0.95884    0.03208
1438.62109    1.06878    0.03303
1438.95190    0.97932    0.03232
1439.28381    0.94145    0.03161
1439.61499    1.03747    0.03281
1439.94617    1.04775    0.03313
1440.27820    0.98459    0.03251
1440.60950    1.03902    0.03309
1440.94165    1.00841    0.03283
1441.27332    1.01334    0.03261
1441.60559    1.05262    0.03291
1441.93726    1.00495    0.03284
1442.26978    1.02417    0.03276
1442.60144    1.00298    0.03258
1442.93335    1.02565    0.03267
1443.26611    1.03109    0.03249
1443.59814    0.99862    0.03219
1443.93103    0.97707    0.03185
1444.26318    0.94097    0.03139
1444.59619    0.93145    0.03162
1444.92859    0.98248    0.03191
1445.26099    1.04291    0.03337
1445.59424    1.02986    0.03288
1445.92676    0.95717    0.03253
1446.26025    1.00052    0.03255
1446.59290    0.98256    0.03265
1446.92651    0.96106    0.03208
1447.25928    0.95156    0.03165
1447.59241    0.94806    0.03159
1447.92615    0.96751    0.03191
1448.25928    1.02266    0.03264
1448.59326    1.00602    0.03368
1448.92639    0.98146    0.03574
1449.26062    1.00760    0.03963
1449.59399    1.01925    0.04188
1449.92749    0.93940    0.03969
1450.26184    0.91452    0.03617
1450.59546    1.01250    0.03509
1450.92993    0.98787    0.03336
1451.26367    0.98942    0.03318
1451.59827    1.04647    0.03298
1451.93225    0.99795    0.03266
1452.26636    0.94650    0.03201
1452.60132    0.94868    0.03204
1452.93542    0.97381    0.03244
1453.27039    1.01048    0.03260
1453.60474    1.02145    0.03254
1453.93994    0.98090    0.03196
1454.27441    0.96992    0.03173
1454.60901    0.94534    0.03158
1454.94434    0.95717    0.03171
1455.27917    0.97784    0.03192
1455.61462    0.98236    0.03187
1455.94958    0.98375    0.03200
1456.28528    0.97692    0.03195
1456.62036    0.92853    0.03083
1456.95532    0.93974    0.03120
1457.29150    0.93144    0.03096
1457.62659    0.92456    0.03091
1457.96265    0.99382    0.03119
1458.29822    0.94816    0.03106
1458.63440    1.00939    0.03166
1458.96997    1.01962    0.03180
1459.30554    0.95572    0.03156
1459.64209    0.93988    0.03091
1459.97791    1.01885    0.03174
1460.31458    0.96355    0.03129
1460.65051    0.92374    0.03086
1460.98743    1.01839    0.03186
1461.32349    1.06435    0.03288
1461.65967    0.99423    0.03148
1461.99670    0.95158    0.03097
1462.33301    0.96497    0.03097
1462.67029    0.96209    0.03104
1463.00671    0.93381    0.03084
1463.34412    0.93601    0.03098
1463.68066    0.97835    0.03143
1464.01746    0.99288    0.03144
1464.35510    0.93741    0.03119
1464.69202    0.97696    0.03137
1465.02966    0.96712    0.03115
1465.36658    0.97181    0.03121
1465.70459    0.97990    0.03126
1466.04175    0.90043    0.03073
1466.37903    0.92917    0.03082
1466.71729    1.00884    0.03160
1467.05469    0.96464    0.03148
1467.39294    0.90288    0.03067
1467.73047    0.92874    0.03096
1468.06885    0.98641    0.03137
1468.40662    0.98218    0.03179
1468.74536    0.93111    0.03130
1469.08325    0.90536    0.03049
1469.42114    0.96122    0.03123
1469.76001    0.98883    0.03196
1470.09802    0.88203    0.03064
1470.43713    0.92723    0.03118
1470.77527    0.99045    0.03187
1471.11450    0.89488    0.03028
1471.45288    0.88675    0.03053
1471.79150    0.96496    0.03105
1472.13086    0.90110    0.03097
1472.46948    1.02341    0.03170
1472.80908    0.99976    0.03197
1473.14795    0.99532    0.03148
1473.48755    0.95528    0.03082
1473.82654    0.89896    0.03057
1474.16553    0.95140    0.03120
1474.50549    0.91368    0.03080
1474.84473    0.94766    0.03098
1475.18494    0.94048    0.03047
1475.52429    0.94647    0.03092
1475.86438    0.99011    0.03129
1476.20398    0.98871    0.03145
1476.54370    0.97823    0.03135
1476.88403    0.99497    0.03129
1477.22388    0.96793    0.03122
1477.56445    0.91746    0.03010
1477.90430    0.91600    0.03028
1478.24512    0.95021    0.03035
1478.58521    0.84289    0.02927
1478.92529    0.84783    0.02918
1479.26648    0.79863    0.02896
1479.60669    0.79880    0.02894
1479.94800    0.88854    0.02972
1480.28833    0.90461    0.03014
1480.62976    0.86871    0.02985
1480.97034    0.86621    0.02952
1481.31116    0.83214    0.02880
1481.65259    0.83650    0.02913
1481.99341    0.92265    0.02979
1482.33521    0.98378    0.03059
1482.67615    0.89519    0.02978
1483.01819    0.90057    0.02974
1483.35925    0.95695    0.03057
1483.70056    0.97214    0.03049
1484.04272    0.95468    0.03059
1484.38403    0.96150    0.03033
1484.72632    0.91965    0.03032
1485.06799    0.96204    0.03069
1485.41040    0.97170    0.03065
1485.75208    0.94089    0.03018
1486.09387    0.90963    0.02999
1486.43665    0.90321    0.02996
1486.77856    0.96678    0.03052
1487.12134    0.91554    0.03000
1487.46350    0.91692    0.03002
1487.80652    0.93922    0.03057
1488.14880    0.91599    0.03017
1488.49109    0.90679    0.03034
1488.83435    0.96040    0.03063
1489.17688    0.91689    0.03029
1489.52026    0.89980    0.03035
1489.86304    0.93059    0.03038
1490.20642    0.96114    0.03078
1490.54932    0.95880    0.03064
1490.89209    0.92195    0.03039
1491.23608    0.97983    0.03126
1491.57910    0.91619    0.02992
1491.92310    0.86958    0.03008
1492.26636    0.93300    0.03045
1492.61035    0.95914    0.03053
1492.95386    0.98545    0.03059
1493.29724    0.91658    0.02999
1493.64148    0.90417    0.02970
1493.98523    0.93826    0.03043
1494.32959    0.95317    0.03025
1494.67334    0.94567    0.03056
1495.01807    0.92166    0.03047
1495.36194    0.96414    0.03081
1495.70691    0.99540    0.03131
1496.05090    0.97334    0.03144
1496.39514    0.94659    0.03091
1496.74023    0.97233    0.03089
1497.08447    0.95155    0.03075
1497.42969    0.93877    0.03055
1497.77417    0.95017    0.03085
1498.11963    0.97396    0.03097
1498.46411    0.97861    0.03147
1498.80884    0.94410    0.03084
1499.15454    0.92637    0.03032
1499.49939    0.93727    0.03061
1499.84534    0.93565    0.03075
1500.19031    0.91032    0.03020
1500.53613    0.88077    0.02975
1500.88135    0.88109    0.02975
1501.22656    0.92727    0.03044
1501.57275    0.89561    0.03018
1501.91833    0.89525    0.02998
1502.26465    0.92793    0.03037
1502.61023    0.91504    0.03001
1502.95667    0.85548    0.02971
1503.30237    0.90550    0.03001
1503.64819    0.78979    0.02875
1503.99512    0.79903    0.02915
1504.34106    0.89184    0.03005
1504.68787    0.90945    0.03037
1505.03406    0.87597    0.02973
1505.38110    0.86498    0.02978
1505.72742    0.91011    0.03049
1506.07373    0.93390    0.03061
1506.42114    0.94438    0.03100
1506.76758    0.98129    0.03117
1507.11511    1.00926    0.03151
1507.46191    0.92110    0.03084
1507.80945    0.96864    0.03137
1508.15637    0.98495    0.03119
1508.50317    0.95996    0.03173
1508.85120    0.96006    0.03097
1509.19824    0.96853    0.03137
1509.54626    0.97789    0.03157
1509.89343    1.01948    0.03194
1510.24182    1.02128    0.03262
1510.58911    0.98880    0.03164
1510.93677    0.99019    0.03235
1511.28503    1.04106    0.03245
1511.63269    0.99440    0.03203
1511.98132    0.97480    0.03196
1512.32910    0.94968    0.03155
1512.67786    0.91370    0.03086
1513.02588    0.84248    0.02957
1513.37390    0.68970    0.02743
1513.72290    0.56706    0.02584
1514.07117    0.42016    0.02364
1514.42029    0.30709    0.02176
1514.76880    0.23443    0.02070
1515.11804    0.19523    0.01996
1515.46643    0.22132    0.02038
1515.81531    0.31151    0.02156
1516.16467    0.33969    0.02172
1516.51343    0.31794    0.02173
1516.86316    0.29816    0.02139
1517.21216    0.27502    0.02083
1517.56201    0.20550    0.01970
1517.91113    0.17712    0.01926
1518.26025    0.20990    0.01918
1518.61047    0.19233    0.01904
1518.95984    0.15500    0.01806
1519.31006    0.14883    0.01792
1519.65967    0.13775    0.01776
1520.01001    0.13072    0.01741
1520.35962    0.11070    0.01684
1520.71033    0.08666    0.01624
1521.06006    0.05989    0.01580
1521.41003    0.05676    0.01594
1521.76086    0.10449    0.01658
1522.11096    0.10432    0.01615
1522.46191    0.12504    0.01652
1522.81213    0.08623    0.01558
1523.16333    0.07333    0.01542
1523.51367    0.12429    0.01594
1523.86426    0.12380    0.01616
1524.21570    0.17506    0.01661
1524.56628    0.20059    0.01693
1524.91772    0.26769    0.01808
1525.26868    0.35935    0.01937
1525.62036    0.45007    0.02089
1525.97131    0.57605    0.02259
1526.32227    0.69339    0.02406
1526.67432    0.78665    0.02496
1527.02551    0.86695    0.02609
1527.37769    0.95421    0.02680
1527.72913    1.00548    0.02733
1528.08130    0.95341    0.02672
1528.43286    0.94057    0.02641
1528.78455    0.96544    0.02670
1529.13708    0.96053    0.02655
1529.48877    0.95994    0.02650
1529.84143    0.99774    0.02653
1530.19348    1.01730    0.02653
1530.54626    0.98465    0.02619
1530.89832    0.96691    0.02580
1531.25049    0.99769    0.02582
1531.60364    1.02067    0.02629
1531.95605    1.00296    0.02582
1532.30933    1.00117    0.02573
1532.66187    1.02335    0.02574
1533.01526    0.97521    0.02531
1533.36792    1.00218    0.02537
1533.72070    1.03681    0.02575
1534.07434    1.00806    0.02517
1534.42725    1.02887    0.02542
1534.78101    1.04574    0.02551
1535.13416    1.04466    0.02536
1535.48816    1.01807    0.02524
1535.84131    1.03667    0.02527
1536.19470    1.10057    0.02584
1536.54895    1.09649    0.02577
1536.90247    1.10758    0.02703
1537.25684    1.07139    0.02641
1537.61035    1.06999    0.02563
1537.96497    1.10254    0.02550
1538.31885    1.13047    0.02602
1538.67285    1.15412    0.02613
1539.02759    1.13183    0.02612
1539.38159    1.17431    0.02607
1539.73645    1.13786    0.02613
1540.09082    1.08667    0.02530
1540.44592    1.07931    0.02500
1540.80042    0.97073    0.02379
1541.15466    0.83896    0.02188
1541.51013    0.59633    0.01891
1541.86475    0.47184    0.01758
1542.22034    0.56522    0.01887
1542.57507    0.79708    0.02148
1542.93091    1.02332    0.02430
1543.28589    1.12526    0.02550
1543.64075    1.00395    0.02412
1543.99670    0.74712    0.02102
1544.35193    0.54789    0.01877
1544.70813    0.53915    0.01849
1545.06348    0.67318    0.02018
1545.41980    0.80706    0.02188
1545.77515    0.91231    0.02320
1546.13074    1.01190    0.02467
1546.48743    1.09528    0.02525
1546.84314    1.13748    0.02613
1547.19983    1.12487    0.02590
1547.55579    1.02520    0.02482
1547.91272    0.96061    0.02418
1548.26880    0.98546    0.02447
1548.62585    1.04274    0.02542
1548.98206    1.08421    0.02586
1549.33838    1.12929    0.02633
1549.69568    1.08360    0.02601
1550.05212    1.04670    0.02559
1550.40955    1.10473    0.02639
1550.76624    1.11868    0.02632
1551.12378    1.04502    0.02613
1551.48071    1.08201    0.02588
1551.83765    0.95733    0.02520
1552.19543    1.00833    0.02546
1552.55249    1.08892    0.02639
1552.91052    1.06857    0.02611
1553.26782    1.00705    0.02588
1553.62598    1.02514    0.02597
1553.98340    1.01000    0.02592
1554.34094    0.98714    0.02568
1554.69922    0.97391    0.02557
1555.05701    0.98804    0.02569
1555.41553    1.01261    0.02614
1555.77332    0.98899    0.02586
1556.13220    0.95950    0.02537
1556.49011    0.98153    0.02569
1556.84814    0.99692    0.02583
1557.20715    0.99643    0.02613
1557.56555    1.00141    0.02730
1557.92468    0.99562    0.02737
1558.28308    0.98434    0.02612
1558.64233    1.03305    0.02642
1559.00085    0.97724    0.02623
1559.35962    0.95449    0.02576
1559.71912    1.05592    0.02681
1560.07788    0.99385    0.02643
1560.43774    0.96495    0.02592
1560.79675    0.97917    0.02632
1561.15662    1.00200    0.02630
1561.51575    1.00195    0.02687
1561.87488    0.99794    0.02669
1562.23511    1.03087    0.02713
1562.59448    0.96236    0.02621
1562.95483    0.98669    0.02656
1563.31433    0.98735    0.02642
1563.67480    0.96385    0.02638
1564.03467    0.98625    0.02658
1564.39441    1.00154    0.02681
1564.75513    1.02389    0.02728
1565.11511    0.98850    0.02682
1565.47607    0.99032    0.02714
1565.83618    1.00784    0.02726
1566.19727    0.98289    0.02689
1566.55762    0.98424    0.02723
1566.91797    1.01469    0.02713
1567.27930    0.96217    0.02699
1567.63977    0.96745    0.02681
1568.00122    0.98202    0.02727
1568.36206    0.93748    0.02717
1568.72363    0.98227    0.02746
1569.08459    0.95574    0.02715
1569.44556    1.01299    0.02753
1569.80750    1.02386    0.02799
1570.16858    1.02685    0.02837
1570.53076    1.06616    0.02852
1570.89197    0.96765    0.02783
1571.25427    0.98078    0.02781
1571.61572    0.99699    0.02814
1571.97717    1.00332    0.02823
1572.33972    0.97653    0.02799
1572.70154    0.93201    0.02781
1573.06409    0.96529    0.02806
1573.42603    0.94543    0.02826
1573.78882    1.02232    0.02861
1574.15088    1.04555    0.02935
1574.51294    1.01403    0.02900
1574.87598    1.00219    0.02906
1575.23840    0.94776    0.02839
1575.60168    1.00461    0.02931
1575.96411    0.97619    0.02914
1576.32751    0.96943    0.02940
1576.69006    0.99851    0.02963
1577.05383    1.00683    0.02996
1577.41650    1.04297    0.03020
1577.77942    1.01835    0.03003
1578.14319    1.02455    0.03009
1578.50623    1.01825    0.03009
1578.87024    1.01398    0.02960
1579.23352    1.03790    0.03015
1579.59766    1.02564    0.02996
1579.96106    1.04868    0.03036
1580.32446    0.99326    0.02974
1580.68884    0.98668    0.02991
1581.05261    1.00648    0.02974
1581.41711    0.98174    0.02957
1581.78101    1.02451    0.02997
1582.14563    1.02734    0.03002
1582.50977    0.99466    0.02954
1582.87378    1.00494    0.02951
1583.23877    1.02925    0.02990
1583.60303    1.02532    0.02975
1583.96814    1.05905    0.03001
1584.33252    1.02676    0.02982
1584.69788    1.05743    0.03167
1585.06238    1.03836    0.03208
1585.42712    1.01022    0.02964
1585.79260    1.03975    0.02976
1586.15747    0.97334    0.02928
1586.52332    0.98327    0.02928
1586.88831    0.99081    0.02954
1587.25415    1.00928    0.02979
1587.61926    1.02821    0.03008
1587.98450    1.00871    0.02987
1588.35059    0.97509    0.02965
1588.71619    1.01369    0.03000
1589.08240    1.00677    0.03028
1589.44800    1.02669    0.03001
1589.81458    1.01190    0.03003
1590.18030    0.94595    0.02926
1590.54614    1.05457    0.02995
1590.91284    0.95839    0.02926
1591.27893    1.03061    0.02969
1591.64587    1.08084    0.03051
1592.01196    1.00157    0.02932
1592.37915    0.93307    0.02891
1592.74548    0.98532    0.02931
1593.11182    1.05572    0.03059
1593.47925    1.07746    0.03067
1593.84570    1.04481    0.03072
1594.21326    1.02707    0.02993
1594.58008    1.05171    0.03021
1594.94775    1.02075    0.03006
1595.31470    1.03391    0.03010
1595.68164    1.00537    0.02976
1596.04956    1.02814    0.02996
1596.41687    1.04866    0.03003
1596.78503    1.00670    0.02980
1597.15222    1.06695    0.03030
1597.52051    0.96763    0.02938
1597.88818    0.98169    0.02961
1598.25562    1.02087    0.03003
1598.62415    1.01385    0.02981
1598.99194    1.01596    0.02984
1599.36072    1.04728    0.03025
1599.72864    1.04496    0.03020
1600.09753    1.06277    0.03042
1600.46570    1.03374    0.02979
1600.83374    0.99203    0.02986
1601.20300    1.01639    0.02978
1601.57129    1.03212    0.03019
1601.94067    0.99093    0.02962
1602.30908    0.96538    0.02968
1602.67871    0.93808    0.02892
1603.04736    0.92949    0.02903
1603.41614    0.95402    0.02929
1603.78589    0.93051    0.02922
1604.15479    0.96392    0.02934
1604.52466    0.97133    0.02926
1604.89380    0.99523    0.02979
1605.26404    1.01626    0.02979
1605.63318    0.99985    0.03005
1606.00342    1.03836    0.03029
1606.37305    1.03146    0.03006
1606.74243    1.02166    0.02994
1607.11292    1.02350    0.03011
1607.48267    1.02252    0.03028
1607.85339    1.02258    0.02989
1608.22327    1.05203    0.03011
1608.59412    1.00613    0.03015
1608.96411    1.00051    0.02956
1609.33435    1.01698    0.03013
1609.70544    1.03827    0.03022
1610.07581    1.04973    0.03025
1610.44702    0.98261    0.02956
1610.81750    0.98196    0.02941
1611.18896    0.96754    0.02920
1611.55957    0.95755    0.02893
1611.93042    0.96498    0.02900
1612.30212    0.97733    0.02947
1612.67297    1.01168    0.02953
1613.04480    1.02009    0.02967
1613.41602    1.02802    0.02975
1613.78796    0.99146    0.02948
1614.15918    0.95957    0.02896
1614.53052    1.00568    0.02932
1614.90283    1.03242    0.02950
1615.27429    1.00334    0.02901
1615.64685    0.98198    0.02897
1616.01855    0.98429    0.02890
1616.39111    0.99216    0.02902
1616.76294    0.99396    0.02939
1617.13501    1.00319    0.02968
1617.50781    0.98795    0.02931
1617.88000    0.97904    0.02902
1618.25305    0.98080    0.02876
1618.62524    0.99734    0.02909
1618.99854    1.02602    0.02927
1619.37109    1.02635    0.02964
1619.74353    0.98515    0.02894
1620.11719    1.01284    0.02958
1620.48975    1.04497    0.02936
1620.86340    1.02094    0.02940
1621.23645    0.98191    0.02899
1621.61023    1.01011    0.02919
1621.98328    1.01605    0.02931
1622.35645    0.99784    0.02901
1622.73059    1.01015    0.02958
1623.10388    1.02252    0.02919
1623.47815    0.98223    0.02933
1623.85156    0.96807    0.02882
1624.22607    0.94894    0.02863
1624.59961    0.94553    0.02871
1624.97339    0.98987    0.02891
1625.34814    1.02743    0.02952
1625.72192    0.99713    0.02895
1626.09692    0.99717    0.02906
1626.47095    1.06450    0.02967
1626.84607    1.02078    0.02933
1627.22034    0.99465    0.02907
1627.59460    1.02521    0.02936
1627.97009    1.00628    0.02936
1628.34448    0.98162    0.02941
1628.72009    1.06754    0.03009
1629.09460    1.00844    0.02943
1629.47034    0.95026    0.02830
1629.84509    0.94769    0.02838
1630.22009    0.91702    0.02809
1630.59607    0.98080    0.02864
1630.97119    1.01287    0.02933
1631.34729    1.05528    0.02944
1631.72253    1.02982    0.02946
1632.09888    0.99164    0.02885
1632.47424    1.04128    0.02950
1632.84985    1.01377    0.02910
1633.22644    1.01052    0.02878
1633.60217    1.00127    0.02882
1633.97888    0.99314    0.02831
1634.35474    0.99828    0.02884
1634.73157    1.00487    0.02868
1635.10767    1.00037    0.02885
1635.48474    1.02364    0.02885
1635.86096    1.02087    0.02864
1636.23730    1.00902    0.02862
1636.61450    1.00696    0.02839
1636.99109    1.01227    0.02852
1637.36853    1.03464    0.02902
1637.74524    1.03386    0.02899
1638.12292    1.02563    0.02892
1638.49963    1.00814    0.02869
1638.87671    0.99865    0.02867
1639.25452    1.01359    0.02873
1639.63171    1.00519    0.02839
1640.00977    0.97798    0.02843
1640.38708    0.97391    0.02807
1640.76526    0.97455    0.02833
1641.14282    0.96286    0.02782
1641.52026    0.96114    0.02816
1641.89880    0.99958    0.02836
1642.27661    1.00373    0.02847
1642.65527    0.98801    0.02828
1643.03320    0.98658    0.02834
1643.41211    0.97898    0.02809
1643.79016    0.95274    0.02789
1644.16833    0.99651    0.02794
1644.54749    0.94484    0.02808
1644.92578    0.96948    0.02754
1645.30505    0.96698    0.02926
1645.68359    0.93946    0.02915
1646.06299    0.99533    0.02832
1646.44165    0.96310    0.02798
1646.82056    0.98278    0.02844
1647.20032    0.97230    0.02848
1647.57910    0.96986    0.02857
1647.95911    0.98695    0.02839
1648.33826    0.97009    0.02840
1648.71838    0.94935    0.02792
1649.09766    0.98226    0.02783
1649.47693    0.98951    0.02828
1649.85742    0.97792    0.02777
