1410.28357    1.21834    0.03261
1410.60889    1.25092    0.03302
1410.93323    1.21530    0.03249
1411.25867    1.17055    0.03247
1411.58337    1.17456    0.03248
1411.90881    1.21175    0.03293
1412.23364    1.17790    0.03224
1412.55847    1.16598    0.03242
1412.88428    1.28409    0.03277
1413.20923    1.14939    0.03186
1413.53516    1.13002    0.03171
1413.86035    1.11512    0.03156
1414.18640    1.16256    0.03223
1414.51172    1.19745    0.03192
1414.83716    1.07403    0.03133
1415.16333    1.12330    0.03168
1415.48889    1.22877    0.03270
1415.81531    1.15488    0.03261
1416.14111    1.09200    0.03231
1416.46753    1.13073    0.03244
1416.79346    1.12985    0.03249
1417.11938    1.14853    0.03234
1417.44617    1.07470    0.03183
1417.77222    1.12953    0.03225
1418.09912    1.19130    0.03289
1418.42554    1.16721    0.03260
1418.75244    1.12898    0.03188
1419.07886    1.02631    0.03078
1419.40540    1.08568    0.03112
1419.73267    1.12541    0.03117
1420.05933    1.12198    0.03095
1420.38672    1.10856    0.03073
1420.71350    1.07708    0.03046
1421.04114    1.06510    0.03031
1421.36804    1.12379    0.03077
1421.69507    1.15517    0.03077
1422.02283    1.13841    0.03037
1422.34998    1.10962    0.03007
1422.67798    1.07293    0.02944
1423.00525    0.97375    0.02870
1423.33337    1.04516    0.02917
1423.66077    1.08702    0.02963
1423.98840    1.07992    0.02984
1424.31665    1.08032    0.02933
1424.64429    1.07258    0.02918
1424.97290    1.01095    0.02856
1425.30078    1.00320    0.02880
1425.62939    1.03786    0.02883
1425.95728    0.99083    0.02851
1426.28540    0.93215    0.02748
1426.61426    0.99342    0.02804
1426.94238    0.89628    0.02731
1427.27161    1.00022    0.02822
1427.59985    1.04880    0.02901
1427.92908    1.02188    0.02889
1428.25757    1.00528    0.02890
1428.58618    1.00078    0.02889
1428.91553    0.96830    0.02858
1429.24426    0.92933    0.02835
1429.57385    0.99707    0.02890
1429.90271    0.98909    0.02861
1430.23242    0.90977    0.02813
1430.56152    0.96685    0.02821
1430.89062    0.97291    0.02823
1431.22058    0.95127    0.02781
1431.54980    0.96058    0.02784
1431.87988    1.01912    0.02852
1432.20923    1.02579    0.02844
1432.53955    0.93401    0.02811
1432.86914    1.02926    0.02820
1433.19873    0.94831    0.02776
1433.52930    0.98818    0.02765
1433.85901    1.00791    0.02786
1434.18970    0.97047    0.02765
1434.51965    1.04701    0.02824
1434.85046    0.96477    0.02739
1435.18054    0.98099    0.02720
1435.51147    0.93069    0.02657
1435.84167    0.92175    0.02658
1436.17200    0.98246    0.02711
1436.50317    0.96770    0.02698
1436.83362    0.97878    0.02689
1437.16492    0.95963    0.02631
1437.49561    0.97017    0.02655
1437.82703    0.97659    0.02627
1438.15784    0.93783    0.02584
1438.48865    0.89115    0.02524
1438.82031    0.91667    0.02522
1439.15137    0.92743    0.02552
1439.48328    0.89293    0.02509
1439.81445    0.90563    0.02561
1440.14648    0.97705    0.02646
1440.47778    0.99286    0.02667
1440.80908    0.92864    0.02632
1441.14136    0.94774    0.02634
1441.47290    0.95177    0.02651
1441.80530    0.94465    0.02651
1442.13696    0.95291    0.02647
1442.46948    0.95372    0.02638
1442.80139    0.93795    0.02596
1443.13330    0.88210    0.02574
1443.46606    0.93201    0.02589
1443.79822    0.96515    0.02631
1444.13098    0.93503    0.02610
1444.46326    0.95858    0.02618
1444.79639    0.95719    0.02613
1445.12878    0.93220    0.02583
1445.46118    0.93812    0.02557
1445.79443    0.96076    0.02627
1446.12720    0.96323    0.02629
1446.46069    0.93538    0.02621
1446.79346    0.90757    0.02578
1447.12695    0.92909    0.02568
1447.45984    0.98724    0.02637
1447.79297    0.97330    0.02625
1448.12671    0.91196    0.02568
1448.45984    0.93110    0.02561
1448.79382    0.92744    0.02549
1449.12720    0.91095    0.02543
1449.46130    0.94227    0.02584
1449.79480    0.96796    0.02635
1450.12830    0.97814    0.02669
1450.46277    1.00274    0.02680
1450.79639    0.92825    0.02601
1451.13086    0.95035    0.02591
1451.46484    1.00846    0.02664
1451.79944    1.00169    0.02630
1452.13342    0.96378    0.02651
1452.46753    0.97710    0.02625
1452.80249    0.91478    0.02586
1453.13672    0.95048    0.02672
1453.47180    1.02918    0.02736
1453.80615    0.98129    0.02727
1454.14136    0.89672    0.02634
1454.47583    0.98538    0.02694
1454.81055    0.96282    0.02706
1455.14600    1.02543    0.02730
1455.48071    0.95076    0.02673
1455.81641    0.89183    0.02594
1456.15125    0.92094    0.02594
1456.48706    0.85284    0.02510
1456.82214    0.74113    0.02390
1457.15723    0.73446    0.02395
1457.49329    0.69750    0.02368
1457.82849    0.72234    0.02432
1458.16479    0.79160    0.02473
1458.50012    0.74114    0.02439
1458.83643    0.74488    0.02425
1459.17212    0.79946    0.02435
1459.50781    0.73132    0.02399
1459.84436    0.73978    0.02368
1460.18018    0.81788    0.02447
1460.51697    0.73139    0.02385
1460.85291    0.78234    0.02419
1461.18982    0.79636    0.02449
1461.52588    0.87842    0.02515
1461.86292    0.92707    0.02551
1462.19922    0.89521    0.02530
1462.53564    0.91662    0.02538
1462.87292    1.00855    0.02640
1463.20935    0.95338    0.02587
1463.54688    0.90757    0.02546
1463.88354    0.94293    0.02547
1464.22107    0.98638    0.02592
1464.55798    0.95263    0.02555
1464.89490    0.93273    0.02535
1465.23254    0.95694    0.02584
1465.56970    0.99011    0.02630
1465.90771    0.98903    0.02654
1466.24487    0.98609    0.02645
1466.58301    1.02123    0.02721
1466.92041    0.97084    0.02864
1467.25781    1.01112    0.02916
1467.59619    1.00202    0.02818
1467.93384    0.94668    0.02663
1468.27234    0.91941    0.02582
1468.61011    0.92705    0.02538
1468.94873    0.90388    0.02494
1469.28674    0.93454    0.02490
1469.62476    0.97599    0.02530
1469.96362    0.97944    0.02563
1470.30176    0.95957    0.02537
1470.64075    0.95623    0.02488
1470.97913    0.92954    0.02437
1471.31836    0.94742    0.02436
1471.65674    0.90014    0.02400
1471.99536    0.94386    0.02479
1472.33484    1.05013    0.02558
1472.67346    0.99584    0.02535
1473.01318    1.02184    0.02532
1473.35205    1.01142    0.02555
1473.69165    0.98131    0.02545
1474.03076    0.98552    0.02557
1474.36987    1.01583    0.02537
1474.70984    1.02745    0.02543
1475.04907    1.06278    0.02597
1475.38916    1.06591    0.02595
1475.72864    1.02149    0.02529
1476.06885    1.01245    0.02523
1476.40845    1.02396    0.02487
1476.74817    0.97716    0.02457
1477.08862    1.02094    0.02468
1477.42847    1.01797    0.02509
1477.76917    1.02847    0.02530
1478.10913    1.02502    0.02565
1478.44995    1.00589    0.02537
1478.79016    1.02162    0.02542
1479.13025    0.99650    0.02502
1479.47144    0.97724    0.02488
1479.81177    1.02032    0.02518
1480.15295    1.04740    0.02545
1480.49353    1.02695    0.02518
1480.83496    1.03584    0.02523
1481.17554    1.07484    0.02524
1481.51624    1.03619    0.02511
1481.85791    1.00890    0.02468
1482.19885    0.99885    0.02456
1482.54065    1.01619    0.02454
1482.88171    1.07171    0.02488
1483.22363    1.01967    0.02463
1483.56482    1.04058    0.02457
1483.90613    1.02760    0.02444
1484.24829    1.01269    0.02461
1484.58972    1.02796    0.02449
1484.93213    1.01356    0.02429
1485.27380    0.98315    0.02386
1485.61621    1.00873    0.02399
1485.95801    1.03719    0.02438
1486.29980    1.05654    0.02467
1486.64246    1.06054    0.02452
1486.98450    1.04991    0.02437
1487.32751    1.09573    0.02459
1487.66968    1.03495    0.02412
1488.01270    1.02136    0.02391
1488.35498    1.01012    0.02378
1488.69824    0.97452    0.02343
1489.04065    0.98730    0.02353
1489.38318    0.95252    0.02335
1489.72656    1.01805    0.02379
1490.06946    1.01505    0.02377
1490.41296    0.93914    0.02288
1490.75586    0.79940    0.02126
1491.09961    0.61488    0.01924
1491.44263    0.67862    0.01994
1491.78577    0.77185    0.02119
1492.12976    0.91613    0.02296
1492.47290    1.00045    0.02515
1492.81726    0.92857    0.02412
1493.16064    0.76968    0.02111
1493.50488    0.68579    0.01999
1493.84839    0.68654    0.01987
1494.19214    0.77466    0.02095
1494.53674    0.86221    0.02236
1494.88049    0.89197    0.02245
1495.22534    0.88699    0.02258
1495.56921    0.85567    0.02211
1495.91406    0.82113    0.02180
1496.25830    0.81846    0.02176
1496.60242    0.79946    0.02167
1496.94751    0.78746    0.02138
1497.29199    0.83120    0.02142
1497.63708    0.74207    0.02058
1497.98169    0.76060    0.02064
1498.32703    0.74321    0.02064
1498.67188    0.64744    0.01942
1499.01672    0.53790    0.01827
1499.36218    0.47159    0.01736
1499.70715    0.43481    0.01690
1500.05298    0.44944    0.01704
1500.39819    0.39120    0.01640
1500.74402    0.34083    0.01556
1501.08936    0.33829    0.01530
1501.43469    0.28902    0.01430
1501.78088    0.24189    0.01370
1502.12646    0.23953    0.01320
1502.47278    0.24228    0.01327
1502.81848    0.22469    0.01291
1503.16492    0.19740    0.01264
1503.51074    0.18147    0.01247
1503.85657    0.16280    0.01231
1504.20337    0.16626    0.01214
1504.54944    0.16331    0.01212
1504.89648    0.15858    0.01193
1505.24255    0.17389    0.01225
1505.58960    0.20620    0.01266
1505.93604    0.20760    0.01295
1506.28259    0.20557    0.01341
1506.62988    0.23534    0.01405
1506.97644    0.23762    0.01389
1507.32385    0.22334    0.01369
1507.67065    0.27542    0.01422
1508.01843    0.29645    0.01447
1508.36536    0.28100    0.01432
1508.71228    0.27818    0.01380
1509.06030    0.28213    0.01420
1509.40735    0.29004    0.01428
1509.75537    0.33407    0.01529
1510.10278    0.40318    0.01644
1510.45093    0.35117    0.01571
1510.79846    0.31857    0.01506
1511.14600    0.26345    0.01426
1511.49438    0.21447    0.01395
1511.84216    0.29619    0.01463
1512.19092    0.29290    0.01477
1512.53870    0.31277    0.01482
1512.88757    0.29503    0.01416
1513.23560    0.27978    0.01364
1513.58374    0.28773    0.01378
1513.93262    0.26284    0.01362
1514.28088    0.23877    0.01327
1514.63013    0.24870    0.01327
1514.97852    0.26365    0.01337
1515.32788    0.27518    0.01334
1515.67651    0.28651    0.01347
1516.02600    0.29187    0.01352
1516.37488    0.28423    0.01303
1516.72375    0.29747    0.01322
1517.07349    0.29938    0.01310
1517.42236    0.32468    0.01361
1517.77222    0.36625    0.01389
1518.12146    0.36721    0.01405
1518.47156    0.40089    0.01429
1518.82080    0.44661    0.01487
1519.17017    0.46020    0.01504
1519.52051    0.50254    0.01567
1519.87012    0.61099    0.01667
1520.22058    0.73857    0.01819
1520.57031    0.85991    0.01953
1520.92090    0.94520    0.02036
1521.27087    0.99571    0.02064
1521.62085    1.00247    0.02071
1521.97180    0.99531    0.02070
1522.32190    1.02242    0.02079
1522.67285    1.02645    0.02079
1523.02319    1.02497    0.02089
1523.37439    1.04322    0.02110
1523.72485    1.06242    0.02113
1524.07532    1.04066    0.02086
1524.42676    0.98719    0.02033
1524.77747    1.02851    0.02068
1525.12915    1.04195    0.02105
1525.47998    1.05093    0.02124
1525.83167    1.03555    0.02107
1526.18286    1.03635    0.02122
1526.53381    1.10113    0.02123
1526.88586    1.02087    0.02084
1527.23706    1.08526    0.02117
1527.58923    1.11925    0.02136
1527.94067    1.09625    0.02141
1528.29309    1.07723    0.02109
1528.64453    1.07290    0.02085
1528.99634    1.06720    0.02043
1529.34888    0.90811    0.01865
1529.70068    0.60651    0.01542
1530.05347    0.42913    0.01391
1530.40540    0.51417    0.01459
1530.75830    0.70584    0.01639
1531.11060    0.84261    0.01785
1531.46277    0.87697    0.01819
1531.81592    0.79947    0.01745
1532.16833    0.58746    0.01520
1532.52161    0.40685    0.01306
1532.87415    0.50762    0.01382
1533.22766    0.67790    0.01565
1533.58020    0.85511    0.01753
1533.93323    0.91522    0.01830
1534.28687    0.91386    0.01836
1534.63977    0.93250    0.01841
1534.99377    0.96038    0.01856
1535.34692    0.97775    0.01879
1535.70093    1.05504    0.01951
1536.05420    1.13974    0.02009
1536.40747    1.15170    0.02029
1536.76184    1.11001    0.01996
1537.11536    1.11086    0.01978
1537.46985    1.12179    0.01967
1537.82349    1.10240    0.01934
1538.17810    1.00584    0.01829
1538.53210    0.92402    0.01768
1538.88586    0.92747    0.01747
1539.24072    0.97498    0.01793
1539.59497    1.02024    0.01842
1539.94983    1.04618    0.01869
1540.30420    1.08609    0.01876
1540.65942    1.04494    0.01822
1541.01379    0.92387    0.01694
1541.36829    0.88752    0.01669
1541.72375    0.95960    0.01718
1542.07849    1.00022    0.01760
1542.43408    1.01265    0.01756
1542.78870    1.02287    0.01761
1543.14453    1.02739    0.01759
1543.49963    1.01577    0.01757
1543.85559    1.02622    0.01757
1544.21057    1.01022    0.01744
1544.56580    1.01387    0.01735
1544.92212    1.02515    0.01741
1545.27759    1.01023    0.01732
1545.63391    0.98440    0.01718
1545.98950    1.01683    0.01744
1546.34595    1.02182    0.01750
1546.70178    1.00644    0.01750
1547.05750    1.00915    0.01747
1547.41418    1.01052    0.01743
1547.77026    0.97009    0.01720
1548.12708    0.99458    0.01730
1548.48328    1.02880    0.01761
1548.84021    1.02034    0.01762
1549.19678    1.00643    0.01759
1549.55298    0.99423    0.01749
1549.91040    0.95082    0.01719
1550.26685    0.98003    0.01758
1550.62439    1.01501    0.01783
1550.98108    0.99655    0.01776
1551.33875    0.97440    0.01766
1551.69568    0.98318    0.01771
1552.05261    0.98268    0.01778
1552.41052    0.97591    0.01783
1552.76770    1.01086    0.01815
1553.12561    0.98800    0.01811
1553.48303    0.96367    0.01803
1553.84131    0.98839    0.01837
1554.19861    1.00079    0.01850
1554.55615    1.01025    0.01868
1554.91479    1.02903    0.01875
1555.27246    1.00112    0.01853
1555.63110    0.98935    0.01868
1555.98901    1.01702    0.01898
1556.34778    1.01018    0.01918
1556.70581    1.01647    0.01916
1557.06396    1.00471    0.01922
1557.42285    1.02394    0.01932
1557.78125    1.03907    0.01962
1558.14038    1.03235    0.01957
1558.49890    1.03939    0.01970
1558.85840    1.00109    0.01937
1559.21692    1.00693    0.01953
1559.57556    1.01406    0.01959
1559.93518    1.00264    0.01959
1560.29419    1.00280    0.01966
1560.65381    1.03345    0.01994
1561.01294    1.01563    0.01988
1561.37280    0.99625    0.01970
1561.73218    0.97789    0.01977
1562.09131    0.99242    0.02004
1562.45166    1.01648    0.02015
1562.81091    0.98589    0.01992
1563.17139    1.00023    0.01998
1563.53101    1.03123    0.02047
1563.89160    0.99879    0.02023
1564.25122    0.99140    0.02056
1564.61121    1.03048    0.02078
1564.97192    1.00391    0.02056
1565.33203    0.99735    0.02043
1565.69287    0.98022    0.02029
1566.05310    0.96896    0.02024
1566.41418    0.99193    0.02058
1566.77454    1.01195    0.02065
1567.13513    0.96464    0.02027
1567.49634    0.94803    0.01999
1567.85706    0.97265    0.02010
1568.21851    0.97243    0.02044
1568.57922    0.97768    0.02025
1568.94104    0.98887    0.02021
1569.30200    0.95683    0.02002
1569.66309    0.99064    0.02022
1570.02502    0.95906    0.02019
1570.38611    0.98405    0.02031
1570.74829    1.01593    0.02063
1571.10962    1.00701    0.02064
1571.47205    1.02214    0.02081
1571.83350    1.00358    0.02093
1572.19592    1.02034    0.02072
1572.55750    0.99897    0.02059
1572.91931    0.99434    0.02040
1573.28198    1.01677    0.02070
1573.64404    0.98156    0.02043
1574.00684    1.00376    0.02067
1574.36902    1.02580    0.02082
1574.73206    1.00062    0.02089
1575.09436    0.95978    0.02038
1575.45667    0.96506    0.02067
1575.81982    1.02618    0.02103
1576.18237    1.03329    0.02130
1576.54590    0.98633    0.02084
1576.90857    0.97174    0.02069
1577.27222    0.97585    0.02065
1577.63501    0.98127    0.02067
1577.99805    1.01391    0.02080
1578.36194    1.01380    0.02073
1578.72498    0.98544    0.02064
1579.08911    0.98556    0.02072
1579.45227    1.01847    0.02202
1579.81653    1.03686    0.02497
1580.17993    1.00029    0.02620
1580.54346    0.97177    0.02479
1580.90796    1.02314    0.02298
1581.27173    1.04685    0.02212
1581.63635    1.00638    0.02129
1582.00000    0.98842    0.02108
1582.36487    1.05550    0.02128
1582.72888    0.99427    0.02120
1583.09302    1.01508    0.02104
1583.45813    0.99574    0.02140
1583.82239    1.00116    0.02095
1584.18762    1.04585    0.02129
1584.55200    0.98978    0.02067
1584.91736    0.97450    0.02052
1585.28198    0.98642    0.02074
1585.64685    1.01084    0.02098
1586.01233    1.00534    0.02113
1586.37732    0.98485    0.02097
1586.74292    1.01419    0.02116
1587.10815    1.02520    0.02135
1587.47400    1.03565    0.02130
1587.83936    1.02451    0.02135
1588.20447    1.03347    0.02133
1588.57092    1.05104    0.02127
1588.93616    1.00504    0.02095
1589.30261    0.99233    0.02066
1589.66821    0.98502    0.02064
1590.03479    1.02563    0.02079
1590.40051    1.03275    0.02105
1590.76636    0.98733    0.02054
1591.13330    0.98870    0.02066
1591.49939    0.96517    0.02040
1591.86633    0.98320    0.02065
1592.23254    0.95323    0.02026
1592.59973    0.97905    0.02078
1592.96619    1.04966    0.02112
1593.33252    0.98211    0.02089
1593.69995    0.99501    0.02080
1594.06653    1.02087    0.02092
1594.43420    0.99748    0.02086
1594.80090    0.98220    0.02073
1595.16882    1.00349    0.02090
1595.53564    0.99945    0.02088
1595.90283    0.98493    0.02074
1596.27075    0.97835    0.02065
1596.63806    1.00066    0.02081
1597.00623    1.02088    0.02118
1597.37354    1.00637    0.02109
1597.74182    0.97987    0.02104
1598.10950    1.00995    0.02134
1598.47705    1.02087    0.02113
1598.84583    1.02718    0.02130
1599.21362    0.98673    0.02088
1599.58228    0.94736    0.02092
1599.95032    1.02979    0.02142
1600.31909    1.04969    0.02146
1600.68726    1.00315    0.02097
1601.05652    0.99308    0.02101
1601.42493    1.02771    0.02130
1601.79321    1.04787    0.02154
1602.16260    1.01454    0.02115
1602.53113    0.98234    0.02094
1602.90076    0.99428    0.02105
1603.26941    1.01852    0.02120
1603.63916    0.99958    0.02082
1604.00806    0.96479    0.02046
1604.37708    0.99438    0.02071
1604.74707    0.99531    0.02100
1605.11621    1.03615    0.02125
1605.48633    0.97120    0.02048
1605.85571    0.94217    0.02056
1606.22607    0.99862    0.02042
1606.59546    0.95012    0.02036
1606.96497    0.97092    0.02060
1607.33569    1.02001    0.02088
1607.70544    0.98275    0.02052
1608.07629    0.94865    0.02006
1608.44617    0.99203    0.02046
1608.81702    1.03200    0.02096
1609.18713    1.04269    0.02147
1609.55737    0.98566    0.02073
1609.92834    1.01351    0.02103
1610.29883    1.03604    0.02078
1610.67017    0.98701    0.02062
1611.04065    0.98463    0.02045
1611.41223    0.98308    0.02056
1611.78284    0.99962    0.02075
1612.15369    0.98767    0.02057
1612.52551    0.98048    0.02039
1612.89636    0.99041    0.02040
1613.26843    0.97250    0.02028
1613.63940    0.99114    0.02036
1614.01160    0.99178    0.02054
1614.38281    1.02001    0.02050
1614.75427    1.00756    0.02041
1615.12659    0.96218    0.02019
1615.49805    1.00143    0.02037
1615.87061    0.98180    0.02048
1616.24231    1.01639    0.02049
1616.61511    1.00768    0.02043
1616.98706    0.98014    0.02013
1617.35913    0.98117    0.02027
1617.73206    0.97465    0.02020
1618.10413    0.97145    0.02009
1618.47717    0.97400    0.02018
1618.84961    1.02682    0.02071
1619.22290    1.02365    0.02062
1619.59534    0.98372    0.02051
1619.96790    1.06329    0.02078
1620.34155    1.00002    0.02045
1620.71436    0.96197    0.01993
1621.08801    0.99563    0.02039
1621.46094    1.03158    0.02066
1621.83496    1.02447    0.02075
1622.20801    1.01203    0.02062
1622.58118    1.01439    0.02062
1622.95532    0.99829    0.02162
1623.32861    0.96657    0.02142
1623.70300    1.00432    0.02060
1624.07666    1.07081    0.02114
1624.45093    1.01609    0.02079
1624.82483    1.01870    0.02074
1625.19849    0.95546    0.02005
1625.57336    0.96912    0.02041
1625.94739    0.99762    0.02044
1626.32227    0.99783    0.02058
1626.69641    1.05530    0.02228
1627.07153    0.98813    0.02186
1627.44580    0.98903    0.02161
1627.82019    0.99597    0.02154
1628.19543    0.98713    0.02151
1628.57019    0.98958    0.02029
1628.94556    1.00246    0.02042
1629.32031    0.99287    0.02048
1629.69604    0.97698    0.02038
1630.07092    0.97209    0.02088
1630.44690    1.00726    0.02104
1630.82202    1.03064    0.02093
1631.19727    0.96766    0.02027
1631.57336    1.01146    0.02055
1631.94861    1.01017    0.02058
1632.32483    1.00827    0.02071
1632.70044    1.01426    0.02072
1633.07703    1.00727    0.02055
1633.45251    1.00441    0.02047
1633.82837    1.03352    0.02076
1634.20520    1.00193    0.02046
1634.58118    1.01514    0.02088
1634.95813    1.01428    0.02039
1635.33423    0.98434    0.02055
1635.71130    1.03799    0.02056
1636.08752    1.02029    0.02048
1636.46387    1.01836    0.02048
1636.84131    0.99761    0.02033
1637.21790    0.97548    0.02007
1637.59546    0.99682    0.02025
1637.97217    1.04413    0.02057
1638.34985    1.01564    0.02060
1638.72668    0.98730    0.02023
1639.10364    0.98628    0.02025
1639.48181    0.98380    0.02012
1639.85901    0.97590    0.02016
1640.23706    0.98939    0.02015
1640.61438    0.96392    0.01990
1640.99268    0.97604    0.02002
1641.37024    0.96959    0.01996
1641.74768    0.96227    0.01992
1642.12634    0.97759    0.02001
1642.50403    0.97589    0.02024
1642.88281    0.95992    0.02024
1643.26086    0.95949    0.02011
1643.63965    0.94644    0.02012
1644.01794    0.96827    0.02005
1644.39600    1.00091    0.02031
1644.77539    0.94687    0.01998
1645.15356    0.98238    0.02028
1645.53308    1.01035    0.02053
1645.91150    0.99492    0.02018
1646.29114    0.95085    0.01984
1646.66980    0.93841    0.01979
1647.04871    0.98817    0.02019
1647.42847    0.93933    0.02020
1647.80737    0.93778    0.02005
1648.18738    0.95099    0.01993
1648.56653    0.95071    0.01994
1648.94678    0.95533    0.01989
1649.32605    0.98238    0.02002
1649.70557    0.97912    0.01990
