1410.15918    0.70303    0.19632
1410.48438    1.40368    0.21886
1410.80884    1.19679    0.22924
1411.13330    1.34427    0.23378
1411.45874    1.38511    0.23634
1411.78345    0.98132    0.22848
1412.10901    1.06219    0.22576
1412.43384    1.48764    0.23539
1412.75952    1.41860    0.23282
1413.08459    1.08346    0.21732
1413.40967    1.19890    0.22316
1413.73560    1.27562    0.21824
1414.06079    1.34378    0.21593
1414.38684    1.25147    0.21279
1414.71228    0.91120    0.20578
1415.03845    0.81677    0.20449
1415.36401    0.78923    0.20881
1415.68958   -0.07511    0.19030
1416.01599    0.29420    0.19942
1416.34180    0.59365    0.20437
1416.66833    0.87494    0.21063
1416.99426    1.31175    0.22026
1417.32104    1.50658    0.22573
1417.64722    1.33615    0.22604
1417.97327    1.28251    0.22777
1418.30029    1.36135    0.22945
1418.62646    1.11132    0.22688
1418.95361    1.20277    0.22608
1419.28015    1.39843    0.22778
1419.60730    1.04958    0.21475
1419.93396    0.68198    0.20442
1420.26062    1.10866    0.21275
1420.58813    1.05802    0.20794
1420.91492    0.71636    0.19931
1421.24255    0.86005    0.19997
1421.56946    1.04117    0.20217
1421.89734    0.91323    0.19805
1422.22449    1.03679    0.19628
1422.55237    0.56051    0.18199
1422.87964    0.05961    0.17199
1423.20703    0.01767    0.17102
1423.53516    0.31714    0.18009
1423.86267    0.61259    0.19284
1424.19104    0.85871    0.20479
1424.51868    1.10699    0.21705
1424.84717    1.16223    0.22335
1425.17493    1.02602    0.22142
1425.50281    1.25052    0.22449
1425.83142    1.23015    0.21527
1426.15955    1.05805    0.20336
1426.48840    1.01449    0.19777
1426.81653    0.88740    0.19214
1427.14551    0.73524    0.18945
1427.47388    0.87686    0.19283
1427.80225    1.08701    0.19626
1428.13159    0.84782    0.19255
1428.46008    0.84313    0.19076
1428.78943    0.96570    0.19573
1429.11816    1.27296    0.20405
1429.44763    0.98353    0.20360
1429.77649    0.94195    0.20627
1430.10547    1.13470    0.21050
1430.43518    1.21343    0.20925
1430.76428    1.10617    0.20087
1431.09424    0.89584    0.18974
1431.42346    0.86581    0.18664
1431.75354    0.91256    0.18785
1432.08289    0.96078    0.18370
1432.41235    1.02286    0.18266
1432.74268    0.98320    0.17753
1433.07227    0.83118    0.17644
1433.40271    0.90735    0.17864
1433.73254    0.98961    0.17964
1434.06311    0.89261    0.17728
1434.39294    1.13278    0.17861
1434.72302    1.14816    0.17422
1435.05383    0.95101    0.16504
1435.38391    0.86152    0.16381
1435.71497    0.81287    0.16825
1436.04529    0.95181    0.17710
1436.37634    1.31659    0.18473
1436.70679    1.05928    0.17907
1437.03735    0.84901    0.17280
1437.36865    1.26683    0.17833
1437.69934    0.85905    0.18356
1438.03101    0.93447    0.19136
1438.36182    1.43130    0.20729
1438.69336    0.94224    0.18742
1439.02441    0.87970    0.19184
1439.35547    0.96882    0.19918
1439.68738    1.12734    0.20572
1440.01855    1.22041    0.20667
1440.35059    1.08349    0.19851
1440.68188    0.84549    0.18743
1441.01416    0.70455    0.18810
1441.34570    1.17585    0.20121
1441.67725    0.98157    0.19739
1442.00964    0.90279    0.19608
1442.34143    0.80187    0.19162
1442.67395    1.19909    0.19932
1443.00586    1.36761    0.20401
1443.33862    1.05452    0.20055
1443.67078    0.95782    0.19815
1444.00281    0.89769    0.19441
1444.33582    0.57387    0.18724
1444.66809    0.99038    0.19671
1445.00122    1.39245    0.20688
1445.33362    0.86756    0.18974
1445.66687    0.89196    0.18610
1445.99951    0.93258    0.18364
1446.33289    0.93752    0.18052
1446.66565    0.79680    0.17456
1446.99841    0.76819    0.16974
1447.33215    1.43268    0.18125
1447.66504    0.86671    0.16891
1447.99890    0.77664    0.16445
1448.33203    0.92721    0.17077
1448.66602    0.91029    0.17066
1448.99927    0.96250    0.16888
1449.33264    0.78600    0.16039
1449.66687    0.90422    0.15738
1450.00024    1.13507    0.16013
1450.33472    0.91757    0.15770
1450.66833    0.78240    0.15219
1451.00293    0.70351    0.14855
1451.33667    0.90003    0.15985
1451.67053    0.60941    0.16026
1452.00537    0.49132    0.16617
1452.33936    1.00911    0.18574
1452.67432    0.89147    0.18726
1453.00842    0.72892    0.18559
1453.34351    0.90361    0.18925
1453.67786    0.53194    0.18242
1454.01221    0.60585    0.17704
1454.34753    1.02843    0.17929
1454.68213    1.13105    0.17863
1455.01746    1.14809    0.17986
1455.35229    1.05387    0.18189
1455.68787    0.95143    0.18652
1456.02283    0.98452    0.18982
1456.35767    0.93211    0.18613
1456.69348    0.80335    0.17601
1457.02869    0.89555    0.16774
1457.36462    0.96477    0.16551
1457.69995    0.88808    0.15942
1458.03601    0.89111    0.15819
1458.37146    0.82769    0.15719
1458.70703    0.90948    0.16206
1459.04333    0.88085    0.16525
1459.37903    0.80065    0.16228
1459.71545    0.77906    0.15736
1460.05127    0.79359    0.15552
1460.38794    0.84231    0.15848
1460.72400    0.92891    0.16564
1461.05994    0.90668    0.16956
1461.39697    0.76942    0.16461
1461.73303    0.97682    0.17036
1462.07019    0.72711    0.16315
1462.40662    0.88940    0.16525
1462.74377    0.90736    0.16531
1463.08020    0.79248    0.16387
1463.41687    0.87058    0.16634
1463.75439    0.83401    0.17224
1464.09106    0.82341    0.18100
1464.42859    0.65778    0.17192
1464.76550    0.54504    0.16389
1465.10327    0.55531    0.15491
1465.44031    0.69165    0.15642
1465.77747    0.84642    0.15837
1466.11548    0.78868    0.16147
1466.45276    0.69289    0.15982
1466.79102    0.60097    0.15135
1467.12842    0.51879    0.14680
1467.46667    0.82016    0.15487
1467.80432    0.53869    0.14788
1468.14197    0.91863    0.16438
1468.48047    0.90007    0.16635
1468.81824    0.57435    0.15380
1469.15698    0.62585    0.15044
1469.49500    0.75109    0.15261
1469.83386    0.78411    0.15552
1470.17200    0.68769    0.15437
1470.51025    0.51476    0.15037
1470.84924    0.68763    0.15518
1471.18762    0.39841    0.14513
1471.52698    0.43988    0.14152
1471.86536    0.69822    0.15259
1472.20483    0.41639    0.14994
1472.54358    0.32978    0.15141
1472.88306    0.43821    0.15531
1473.22192    0.53480    0.15922
1473.56079    0.59937    0.16110
1473.90063    0.63593    0.16226
1474.23962    0.73632    0.16556
1474.57971    0.72343    0.17089
1474.91882    0.78405    0.17573
1475.25891    0.72232    0.17153
1475.59839    0.56887    0.16254
1475.93787    0.73345    0.15866
1476.27820    0.63928    0.15675
1476.61780    0.63892    0.15736
1476.95837    0.75440    0.15759
1477.29810    0.65528    0.15650
1477.63879    0.82472    0.16500
1477.97864    0.70433    0.18200
1478.31873    0.62392    0.19725
1478.65955    0.66598    0.19287
1478.99976    0.86377    0.17795
1479.34082    0.65988    0.16060
1479.68115    0.52418    0.15604
1480.02234    0.67498    0.15834
1480.36279    0.72393    0.15301
1480.70337    0.60808    0.15453
1481.04480    0.74817    0.16243
1481.38550    0.96247    0.15461
1481.72705    0.87767    0.14836
1482.06799    0.68954    0.14044
1482.40979    0.67859    0.14383
1482.75073    0.49067    0.14118
1483.09192    0.71957    0.14650
1483.43384    0.80965    0.14841
1483.77515    0.59736    0.14415
1484.11731    0.56347    0.14217
1484.45874    0.70791    0.14421
1484.80103    0.89427    0.15237
1485.14258    0.92462    0.15892
1485.48425    0.66936    0.16504
1485.82678    0.71624    0.17290
1486.16870    0.28618    0.16449
1486.51135    0.70949    0.16366
1486.85327    0.90548    0.15571
1487.19617    0.71867    0.14736
1487.53821    0.77820    0.14688
1487.88049    0.75415    0.14940
1488.22363    0.72459    0.14937
1488.56604    0.61265    0.14803
1488.90918    0.74618    0.15204
1489.25171    0.92177    0.15715
1489.59521    0.80806    0.16024
1489.93787    0.64989    0.16094
1490.28064    0.69581    0.16121
1490.62427    0.91305    0.15487
1490.96716    1.04536    0.14793
1491.31091    0.87166    0.14615
1491.65405    0.65209    0.14046
1491.99805    0.94610    0.14260
1492.34131    0.88140    0.14943
1492.68457    0.84492    0.15807
1493.02881    1.07296    0.16070
1493.37219    0.93890    0.14637
1493.71667    0.66424    0.13762
1494.06030    0.79468    0.14079
1494.40479    0.87408    0.14381
1494.74854    0.56577    0.13702
1495.09253    0.51091    0.13519
1495.43726    0.76981    0.14601
1495.78125    1.29323    0.17038
1496.12622    1.01576    0.16769
1496.47034    0.93232    0.16789
1496.81543    0.84368    0.16388
1497.15979    0.81366    0.15775
1497.50415    0.94052    0.15223
1497.84949    0.75538    0.14320
1498.19397    0.69348    0.13995
1498.53967    1.08439    0.14443
1498.88428    0.83743    0.13499
1499.22998    0.72379    0.12941
1499.57483    1.01243    0.14389
1499.92065    1.01948    0.14922
1500.26575    0.90420    0.14611
1500.61084    1.09540    0.14836
1500.95679    0.95414    0.14196
1501.30225    0.68342    0.13255
1501.64832    0.59846    0.13099
1501.99377    0.68541    0.13565
1502.34009    0.97931    0.13985
1502.68579    1.11549    0.14220
1503.03149    0.68993    0.13412
1503.37805    0.88117    0.14262
1503.72388    1.19252    0.14586
1504.07068    0.84366    0.14252
1504.41663    0.72965    0.13969
1504.76355    1.04901    0.13945
1505.10962    1.07931    0.14028
1505.45605    0.93273    0.13973
1505.80322    1.17888    0.14224
1506.14954    1.27823    0.15043
1506.49695    0.96667    0.15024
1506.84351    0.94614    0.15423
1507.19080    0.82586    0.15569
1507.53772    0.86061    0.16249
1507.88440    0.98021    0.16467
1508.23218    0.90201    0.15655
1508.57922    0.98452    0.14954
1508.92700    0.95692    0.14163
1509.27417    0.91340    0.13737
1509.62207    1.12998    0.14334
1509.96948    0.81100    0.14520
1510.31689    0.92255    0.15201
1510.66504    0.95988    0.15389
1511.01257    0.72688    0.15007
1511.36108    0.88955    0.15086
1511.70886    1.11499    0.15058
1512.05725    1.12338    0.14733
1512.40515    0.92421    0.14173
1512.75317    0.86910    0.13572
1513.10193    0.95593    0.13158
1513.45007    0.90134    0.12995
1513.79907    1.07257    0.13503
1514.14734    1.01660    0.13849
1514.49634    1.13526    0.14286
1514.84485    1.17545    0.14143
1515.19336    1.21104    0.14200
1515.54272    1.18221    0.14111
1515.89136    1.03302    0.13585
1516.24109    0.99885    0.13195
1516.58972    1.05542    0.13231
1516.93945    1.14197    0.13545
1517.28845    1.26621    0.13970
1517.63757    0.90226    0.13368
1517.98743    0.97878    0.13449
1518.33667    1.18671    0.14045
1518.68677    1.27177    0.13948
1519.03613    0.76644    0.12842
1519.38647    0.93834    0.12810
1519.73608    1.14186    0.13011
1520.08557    1.02256    0.12940
1520.43616    0.90658    0.13195
1520.78589    0.92691    0.13989
1521.13647    1.09164    0.14548
1521.48657    1.07487    0.14282
1521.83740    0.91691    0.12926
1522.18750    1.06038    0.13045
1522.53772    0.96184    0.12868
1522.88867    1.14392    0.13208
1523.23914    1.03892    0.12750
1523.59045    1.03717    0.12805
1523.94080    1.09149    0.13376
1524.29236    0.97002    0.13404
1524.64294    0.96096    0.13059
1524.99377    1.09189    0.12747
1525.34521    1.20556    0.12618
1525.69617    1.00674    0.11936
1526.04810    1.18934    0.12417
1526.39905    1.01949    0.12137
1526.75110    1.02941    0.12176
1527.10242    0.99945    0.12450
1527.45447    0.93609    0.12587
1527.80591    1.03754    0.12497
1528.15747    1.07421    0.11770
1528.50977    0.96242    0.11003
1528.86133    1.04060    0.11476
1529.21387    0.87692    0.10841
1529.56580    0.61408    0.10280
1529.91846    0.22836    0.09590
1530.27039    0.12230    0.08904
1530.62244    0.01915    0.08176
1530.97534    0.17812    0.08488
1531.32751    0.48656    0.09233
1531.68066    0.74542    0.09822
1532.03296    0.90101    0.10312
1532.38635    1.02174    0.10748
1532.73889    1.17541    0.11083
1533.09143    1.01149    0.10658
1533.44507    0.65444    0.09183
1533.79785    0.29279    0.07930
1534.15149    0.10747    0.07254
1534.50439    0.09637    0.07403
1534.85815    0.32018    0.07869
1535.21130    0.60607    0.08455
1535.56445    0.83274    0.09143
1535.91858    1.03634    0.09741
1536.27185    1.07644    0.09843
1536.62622    0.97949    0.09739
1536.97974    1.25367    0.10641
1537.33398    0.92342    0.10189
1537.68787    0.94939    0.10340
1538.04150    0.95570    0.10317
1538.39624    0.85309    0.10129
1538.75000    0.88177    0.10038
1539.10486    0.93570    0.10014
1539.45886    0.99613    0.10070
1539.81396    1.05204    0.10189
1540.16809    1.04454    0.10114
1540.52246    0.99906    0.09930
1540.87781    0.89405    0.09569
1541.23230    1.02588    0.09703
1541.58765    0.93714    0.09411
1541.94226    1.07460    0.09547
1542.29785    1.02718    0.09299
1542.65271    1.07576    0.09347
1543.00757    0.95170    0.09121
1543.36340    1.02501    0.09292
1543.71851    1.19657    0.09878
1544.07446    1.14306    0.10034
1544.42969    1.12040    0.09825
1544.78577    1.03150    0.09532
1545.14099    1.06048    0.09820
1545.49658    1.24919    0.10032
1545.85291    1.26239    0.10312
1546.20862    1.17108    0.10355
1546.56519    0.93954    0.11266
1546.92102    1.14572    0.11467
1547.27771    1.14637    0.10403
1547.63367    1.02790    0.09956
1547.98962    1.08996    0.09919
1548.34668    1.00851    0.09698
1548.70276    0.91209    0.09548
1549.05994    0.76752    0.09230
1549.41626    0.88275    0.09756
1549.77344    0.91272    0.09981
1550.13013    0.88187    0.10391
1550.48669    1.15559    0.11125
1550.84424    0.98978    0.11019
1551.20105    0.93025    0.10821
1551.55859    0.89443    0.10545
1551.91565    0.82248    0.10277
1552.27356    0.97039    0.10332
1552.63062    0.90213    0.10244
1552.98779    0.80792    0.10054
1553.34595    1.33963    0.11528
1553.70325    0.90426    0.10415
1554.06152    0.97876    0.10488
1554.41895    1.00962    0.10623
1554.77747    0.89152    0.10912
1555.13513    1.13113    0.11493
1555.49377    1.23109    0.11633
1555.85156    1.08326    0.11297
1556.20947    1.09822    0.11190
1556.56848    1.17668    0.11300
1556.92651    1.06318    0.11161
1557.28552    1.08587    0.11298
1557.64380    0.95678    0.11380
1558.00293    1.07486    0.12213
1558.36145    1.07280    0.12403
1558.71985    1.36160    0.12477
1559.07922    1.01341    0.11357
1559.43799    0.93404    0.11082
1559.79761    1.06152    0.11115
1560.15637    1.05431    0.10953
1560.51611    0.97745    0.10852
1560.87524    0.83138    0.10762
1561.23425    0.90212    0.11251
1561.59424    0.69951    0.11119
1561.95349    0.80858    0.11365
1562.31372    0.95812    0.11856
1562.67310    1.03185    0.11664
1563.03345    1.02909    0.11661
1563.39294    1.07778    0.11685
1563.75269    0.86991    0.11269
1564.11328    0.88441    0.11167
1564.47314    1.08614    0.11429
1564.83374    1.01363    0.11423
1565.19385    0.99969    0.11729
1565.55481    0.92823    0.11785
1565.91479    0.81228    0.12048
1566.27502    0.95680    0.12498
1566.63635    0.99686    0.12353
1566.99683    1.15995    0.12239
1567.35815    0.92974    0.11890
1567.71875    0.91681    0.11797
1568.08020    1.13129    0.12112
1568.44092    1.04460    0.11985
1568.80176    0.98328    0.11664
1569.16333    1.09422    0.11780
1569.52454    0.83534    0.11203
1569.88635    0.93423    0.10939
1570.24744    0.95367    0.11152
1570.60974    0.70373    0.10451
1570.97095    1.15733    0.11266
1571.33228    1.01202    0.11178
1571.69470    0.93908    0.11516
1572.05640    1.01261    0.12071
1572.41870    1.09567    0.12293
1572.78052    1.03149    0.12019
1573.14319    0.86223    0.11379
1573.50513    0.84243    0.10814
1573.86694    0.91197    0.10610
1574.23010    0.83991    0.10578
1574.59216    0.94042    0.10632
1574.95520    1.19662    0.11219
1575.31763    1.02112    0.11081
1575.68079    0.82405    0.10978
1576.04321    1.00768    0.11826
1576.40601    0.86414    0.12087
1576.76941    0.83716    0.11876
1577.13208    0.95277    0.11721
1577.49573    0.93370    0.11539
1577.85864    0.83580    0.11374
1578.22253    0.70398    0.11048
1578.58557    0.96261    0.11233
1578.94885    0.92587    0.10942
1579.31287    0.91163    0.10942
1579.67627    0.92160    0.11108
1580.04041    0.97432    0.11290
1580.40393    0.96241    0.11199
1580.76843    1.03669    0.11186
1581.13208    1.02167    0.11187
1581.49585    0.86052    0.10976
1581.86047    0.87357    0.11079
1582.22437    0.99351    0.11645
1582.58923    0.86359    0.11549
1582.95337    0.87585    0.11496
1583.31848    0.93124    0.11373
1583.68262    1.16548    0.11631
1584.04785    0.99663    0.11143
1584.41211    0.96254    0.10818
1584.77673    1.02312    0.10887
1585.14209    1.02098    0.11095
1585.50684    0.90657    0.11192
1585.87231    0.98879    0.11308
1586.23730    1.02951    0.11190
1586.60303    0.82918    0.10747
1586.96802    0.81137    0.10611
1587.33313    0.87164    0.11061
1587.69910    0.97933    0.11730
1588.06433    0.96538    0.12147
1588.43054    1.05676    0.12399
1588.79602    0.97520    0.12418
1589.16235    0.86259    0.11899
1589.52795    0.89798    0.11627
1589.89368    0.82754    0.11335
1590.26038    0.87436    0.11146
1590.62610    0.99754    0.11192
1590.99292    0.98187    0.11491
1591.35889    1.00903    0.12509
1591.72583    1.04340    0.15035
1592.09204    0.83004    0.16529
1592.45825    1.14942    0.16357
1592.82544    0.96874    0.13775
1593.19202    0.85977    0.11995
1593.55933    0.87549    0.11680
1593.92578    1.06887    0.12006
1594.29333    1.23798    0.12259
1594.66028    1.15148    0.11761
1595.02710    0.94594    0.11285
1595.39502    0.92182    0.11346
1595.76196    0.99316    0.11809
1596.12988    0.94892    0.12356
1596.49707    1.01482    0.12941
1596.86511    0.98672    0.13075
1597.23254    0.76658    0.12040
1597.60010    0.77460    0.10685
1597.96838    0.75762    0.10765
1598.33606    0.92168    0.11240
1598.70447    0.93970    0.11636
1599.07239    0.89105    0.11941
1599.44104    0.89232    0.11842
1599.80908    0.85847    0.11313
1600.17700    0.77048    0.10731
1600.54614    0.82278    0.10539
1600.91431    0.96830    0.10757
1601.28345    0.89218    0.10509
1601.65186    1.01319    0.10585
1602.02124    1.05543    0.10748
1602.38965    0.80666    0.10189
1602.75830    0.72301    0.10290
1603.12793    0.92763    0.10637
1603.49670    1.01132    0.10718
1603.86646    0.93878    0.10666
1604.23547    1.07014    0.10936
1604.60547    1.18929    0.11196
1604.97461    1.08225    0.11000
1605.34375    1.02100    0.10908
1605.71399    1.05086    0.11113
1606.08337    0.95442    0.10647
1606.45374    0.83468    0.11098
1606.82324    0.86324    0.11994
1607.19385    0.99451    0.12048
1607.56348    1.11507    0.11513
1607.93335    0.95662    0.10830
1608.30420    0.90290    0.10656
1608.67419    0.94429    0.10824
1609.04517    0.81895    0.11207
1609.41516    0.93992    0.11880
1609.78625    1.11789    0.12356
1610.15674    0.97439    0.12368
1610.52710    1.05565    0.12471
1610.89856    1.22442    0.12403
1611.26917    1.37561    0.12420
1611.64062    1.14750    0.12161
1612.01135    1.05989    0.11886
1612.38306    1.06496    0.12148
1612.75403    1.17979    0.12357
1613.12598    0.96329    0.11999
1613.49707    0.91123    0.11513
1613.86816    1.02220    0.11110
1614.24036    0.93995    0.10988
1614.61169    0.91492    0.11376
1614.98401    1.03064    0.12030
1615.35559    0.97965    0.12067
1615.72803    0.99604    0.11709
1616.09973    0.75324    0.10536
1616.47156    0.97891    0.10909
1616.84424    1.03029    0.10795
1617.21631    1.04149    0.11116
1617.58923    1.08347    0.11000
1617.96143    0.86677    0.10709
1618.33447    1.66819    0.13122
1618.70667    1.39791    0.15376
1619.07898    1.02883    0.13708
1619.45239    1.27278    0.13173
1619.82495    1.11523    0.12357
1620.19861    0.87227    0.11370
1620.57129    1.00038    0.10901
1620.94495    0.98014    0.10653
1621.31787    1.03672    0.11253
1621.69092    1.14154    0.11657
1622.06470    0.83768    0.11037
1622.43799    1.04016    0.10871
1622.81213    1.07850    0.10632
1623.18542    0.95885    0.10440
1623.55969    0.95052    0.10427
1623.93311    1.05812    0.10671
1624.30676    1.10228    0.10837
1624.68140    0.98463    0.10542
1625.05505    1.01251    0.10478
1625.42993    1.14461    0.11142
1625.80371    0.89151    0.11154
1626.17871    1.01513    0.11104
1626.55273    0.98840    0.11128
1626.92700    0.98991    0.10549
1627.30212    0.89134    0.10208
1627.67639    1.10130    0.10373
1628.05176    1.22935    0.10742
1628.42627    1.21912    0.11111
1628.80188    1.19497    0.11409
1629.17651    1.13300    0.11701
1629.55139    1.08808    0.11862
1629.92712    0.97312    0.11515
1630.30200    0.93711    0.11118
1630.67798    1.14542    0.11019
1631.05322    0.98057    0.10585
1631.42932    0.98800    0.10399
1631.80457    1.31464    0.11223
1632.17993    0.83405    0.10390
1632.55640    1.12565    0.10813
1632.93188    0.88515    0.10316
1633.30835    0.97937    0.10274
1633.68420    0.91931    0.10015
1634.06104    1.12552    0.10293
1634.43689    1.04216    0.10238
1634.81287    0.89667    0.10090
1635.18982    1.07763    0.10682
1635.56592    1.20650    0.12401
1635.94312    1.24455    0.11742
1636.31958    0.93422    0.10085
1636.69678    1.04319    0.10320
1637.07349    0.97785    0.10299
1637.44995    1.00396    0.10613
1637.82764    1.07792    0.10755
1638.20447    1.07674    0.10621
1638.58215    1.10870    0.10769
1638.95911    1.00195    0.10533
1639.33704    0.86704    0.10007
1639.71423    0.91423    0.09854
1640.09143    0.91979    0.09844
1640.46948    0.98103    0.09859
1640.84705    1.11948    0.10102
1641.22522    1.01336    0.10035
1641.60278    1.05255    0.10253
1641.98145    1.17600    0.10713
1642.35913    1.10975    0.11305
1642.73792    1.14960    0.10881
1643.11584    0.94024    0.10117
1643.49390    0.83653    0.09955
1643.87280    0.92359    0.09965
1644.25085    0.95488    0.10006
1644.63000    1.02668    0.10391
1645.00842    1.02080    0.10683
1645.38782    0.86184    0.10683
1645.76624    1.03262    0.10838
1646.14478    1.28670    0.10961
1646.52454    1.10570    0.10607
1646.90332    1.04476    0.10479
1647.28320    1.02353    0.10128
1647.66211    0.90033    0.10007
1648.04199    1.07998    0.10584
1648.42114    1.20578    0.11043
1648.80029    1.09233    0.10943
1649.18042    1.13086    0.11341
1649.55994    1.01797    0.11507
1649.94031    0.97450    0.11417
