1410.00183    1.35997    0.10500
1410.32703    1.51561    0.10584
1410.65137    1.45115    0.10633
1410.97668    1.27838    0.10640
1411.30127    1.36512    0.11489
1411.62671    1.34505    0.13638
1411.95142    1.35087    0.14142
1412.27625    1.50569    0.14336
1412.60193    1.43403    0.12295
1412.92688    1.25198    0.10938
1413.25269    1.31950    0.10487
1413.57776    1.36910    0.10405
1413.90369    1.38860    0.10298
1414.22900    1.42202    0.10440
1414.55432    1.32664    0.10256
1414.88062    1.32587    0.10290
1415.20618    1.53028    0.10893
1415.53247    1.53664    0.10717
1415.85803    1.38477    0.10333
1416.18445    1.30198    0.10105
1416.51025    1.29875    0.09792
1416.83630    1.40767    0.10416
1417.16284    1.55200    0.10858
1417.48901    1.46978    0.10531
1417.81580    1.40983    0.10355
1418.14197    1.50502    0.10600
1418.46887    1.40660    0.10562
1418.79541    1.37550    0.10120
1419.12170    1.34936    0.10069
1419.44897    1.46234    0.10324
1419.77551    1.53258    0.10368
1420.10291    1.49391    0.10298
1420.42957    1.55767    0.10204
1420.75720    1.28262    0.09848
1421.08386    1.43718    0.10087
1421.41077    1.48149    0.10238
1421.73865    1.38271    0.09882
1422.06580    1.38387    0.09750
1422.39355    1.38100    0.10084
1422.72083    1.39018    0.10023
1423.04907    1.30231    0.09663
1423.37634    1.22746    0.09669
1423.70374    1.09238    0.09010
1424.03210    0.91398    0.08721
1424.35962    0.94270    0.08552
1424.68811    1.02330    0.08923
1425.01587    1.28101    0.09669
1425.34448    1.37862    0.10017
1425.67236    1.37516    0.10146
1426.00037    1.33152    0.09826
1426.32922    1.05575    0.09288
1426.65735    1.04603    0.09133
1426.98633    1.16942    0.09319
1427.31458    1.02015    0.09217
1427.64368    0.89388    0.08879
1427.97217    0.97988    0.08972
1428.30066    0.92443    0.08813
1428.63013    1.26068    0.09681
1428.95874    1.25764    0.09673
1429.28821    1.13956    0.09599
1429.61694    1.09047    0.09738
1429.94653    1.09739    0.09339
1430.27551    1.11784    0.09229
1430.60547    1.03847    0.09147
1430.93457    1.16053    0.09531
1431.26367    0.89746    0.08748
1431.59375    0.80878    0.08740
1431.92310    1.10108    0.08904
1432.25330    0.79661    0.08597
1432.58276    0.96306    0.08666
1432.91309    1.06521    0.09044
1433.24280    0.94600    0.08741
1433.57251    0.84140    0.08654
1433.90308    0.81814    0.08564
1434.23291    0.66524    0.08083
1434.56372    0.77586    0.08296
1434.89380    0.79889    0.08081
1435.22461    0.92247    0.08326
1435.55469    0.89228    0.08412
1435.88489    0.64336    0.07759
1436.21606    0.70578    0.07966
1436.54651    0.75510    0.07758
1436.87781    0.88654    0.10479
1437.20837    0.90844    0.10357
1437.53967    0.88652    0.10733
1437.87048    0.94375    0.10704
1438.20129    0.96600    0.09403
1438.53284    0.87779    0.08426
1438.86377    0.93523    0.08457
1439.19568    0.85591    0.08249
1439.52661    0.79787    0.08151
1439.85864    0.93897    0.08518
1440.18982    0.99331    0.08699
1440.52112    0.91906    0.08428
1440.85339    0.86275    0.08349
1441.18481    1.03159    0.08534
1441.51721    1.10630    0.08783
1441.84875    0.95670    0.08337
1442.18127    0.98701    0.08335
1442.51294    0.81168    0.08027
1442.84497    0.94772    0.08240
1443.17761    0.90260    0.08374
1443.50952    0.88940    0.08062
1443.84241    1.06893    0.08559
1444.17456    0.89589    0.08064
1444.50769    0.85277    0.07975
1444.83997    0.72661    0.07629
1445.17236    0.78295    0.07856
1445.50562    0.95157    0.08217
1445.83813    0.97607    0.08290
1446.17151    0.83201    0.07950
1446.50427    0.70928    0.07626
1446.83777    0.77432    0.07785
1447.17053    0.85835    0.07840
1447.50354    0.89882    0.08055
1447.83740    0.90109    0.07994
1448.17041    0.82706    0.07866
1448.50427    0.76959    0.07765
1448.83752    0.85170    0.07924
1449.17175    0.78771    0.07890
1449.50513    0.73772    0.07667
1449.83850    0.87411    0.07915
1450.17285    0.90526    0.08157
1450.50647    0.75086    0.07827
1450.84094    0.75889    0.07862
1451.17480    0.87931    0.07798
1451.50928    0.98047    0.08260
1451.84338    0.96449    0.08125
1452.17725    0.82401    0.08048
1452.51221    0.78019    0.07703
1452.84631    0.70494    0.07601
1453.18140    0.81411    0.07906
1453.51562    1.01315    0.08167
1453.85083    1.00552    0.08193
1454.18530    0.77621    0.07766
1454.51978    0.88817    0.07862
1454.85510    0.85801    0.07925
1455.18994    0.93584    0.08058
1455.52539    1.00189    0.08259
1455.86023    0.91814    0.08083
1456.19592    0.95418    0.08007
1456.53101    0.90157    0.07984
1456.86682    0.86623    0.07781
1457.20203    0.73335    0.07567
1457.53735    0.73970    0.07741
1457.87341    0.98315    0.08258
1458.20874    1.04192    0.08220
1458.54492    0.91175    0.08069
1458.88049    0.90141    0.08078
1459.21692    0.77761    0.07579
1459.55261    0.67287    0.07240
1459.88831    0.77823    0.07565
1460.22510    0.84295    0.07750
1460.56091    0.62963    0.07221
1460.89783    0.74438    0.07399
1461.23389    0.81032    0.07504
1461.57080    0.72235    0.07443
1461.90710    0.68317    0.07325
1462.24329    0.71884    0.07226
1462.58044    0.54708    0.06775
1462.91699    0.53146    0.06629
1463.25439    0.56089    0.06735
1463.59094    0.57006    0.06791
1463.92847    0.54193    0.06510
1464.26514    0.46995    0.06539
1464.60205    0.66856    0.06850
1464.93982    0.43677    0.06650
1465.27686    0.32760    0.06218
1465.61475    0.37573    0.06262
1465.95190    0.33184    0.06140
1466.28992    0.30631    0.05831
1466.62720    0.20656    0.05537
1466.96460    0.13074    0.05342
1467.30286    0.17001    0.05563
1467.64038    0.20543    0.05442
1467.97888    0.18038    0.05646
1468.31665    0.24679    0.05882
1468.65515    0.25989    0.05981
1468.99316    0.25588    0.05943
1469.33093    0.09607    0.05143
1469.66992    0.06032    0.05572
1470.00781    0.25470    0.05865
1470.34692    0.22777    0.05901
1470.68506    0.18574    0.05552
1471.02429    0.21208    0.05519
1471.36267    0.17701    0.05444
1471.70129    0.11332    0.05223
1472.04053    0.11183    0.05531
1472.37915    0.14439    0.05521
1472.71875    0.18724    0.05531
1473.05750    0.16510    0.05562
1473.39722    0.14252    0.05423
1473.73608    0.13619    0.05235
1474.07520    0.13059    0.05007
1474.41504    0.13348    0.05042
1474.75439    0.11551    0.05180
1475.09436    0.11227    0.05107
1475.43384    0.03070    0.04831
1475.77393    0.03366    0.04887
1476.11340    0.15839    0.05248
1476.45312    0.09688    0.05189
1476.79346    0.07359    0.05019
1477.13318    0.20640    0.05193
1477.47388    0.14240    0.05185
1477.81372    0.08035    0.04986
1478.15454    0.16862    0.05060
1478.49463    0.03803    0.04765
1478.83459    0.11218    0.04935
1479.17578    0.11175    0.04881
1479.51599    0.08212    0.04836
1479.85718    0.08903    0.04899
1480.19763    0.12171    0.05106
1480.53894    0.11960    0.05106
1480.87952    0.00605    0.04585
1481.22107    0.17133    0.05037
1481.56177    0.20529    0.05269
1481.90259    0.10909    0.05070
1482.24438    0.10324    0.05006
1482.58533    0.12264    0.05070
1482.92712    0.14539    0.05195
1483.26831    0.11936    0.05085
1483.61035    0.10952    0.05258
1483.95166    0.13894    0.05194
1484.29309    0.16662    0.05413
1484.63538    0.15740    0.05275
1484.97681    0.18090    0.05271
1485.31921    0.16856    0.05322
1485.66101    0.07223    0.04934
1486.00366    0.10543    0.05155
1486.34534    0.24543    0.05189
1486.68738    0.14228    0.05349
1487.03015    0.40462    0.05671
1487.37231    0.26394    0.05591
1487.71533    0.42559    0.05854
1488.05762    0.63606    0.06622
1488.40063    0.60123    0.08303
1488.74304    0.95339    0.08997
1489.08557    0.83143    0.07360
1489.42896    0.76435    0.07153
1489.77161    0.81954    0.07307
1490.11511    0.86885    0.07404
1490.45801    0.97811    0.07715
1490.80164    1.28856    0.10141
1491.14453    1.15062    0.09937
1491.48755    1.05490    0.07938
1491.83154    1.08755    0.07925
1492.17480    1.22767    0.08319
1492.51892    1.31731    0.08560
1492.86230    1.13218    0.08250
1493.20642    1.12968    0.08039
1493.54993    1.16411    0.08338
1493.89355    1.20343    0.08046
1494.23804    1.29676    0.08602
1494.58179    1.33739    0.08641
1494.92639    1.15838    0.08359
1495.27039    1.28033    0.08549
1495.61511    1.21124    0.08190
1495.95911    1.22760    0.10583
1496.30334    1.24994    0.14245
1496.64844    1.18990    0.09851
1496.99268    1.33822    0.08496
1497.33801    1.22315    0.08297
1497.68225    1.25758    0.08487
1498.02771    1.46964    0.08921
1498.37231    1.49387    0.08838
1498.71704    1.27181    0.08501
1499.06262    1.30278    0.08485
1499.40747    1.35410    0.08695
1499.75317    1.46175    0.08786
1500.09827    1.24247    0.08203
1500.44421    1.10042    0.08089
1500.78943    1.33571    0.08462
1501.13452    1.27435    0.08331
1501.48071    0.89081    0.07384
1501.82617    0.67086    0.06784
1502.17249    0.55724    0.06232
1502.51807    0.47483    0.06206
1502.86462    0.46748    0.05914
1503.21033    0.57296    0.06303
1503.55603    0.65906    0.06663
1503.90271    0.39850    0.05994
1504.24878    0.32028    0.05637
1504.59570    0.37334    0.05773
1504.94189    0.29440    0.05625
1505.28882    0.27799    0.05454
1505.63501    0.27314    0.05420
1505.98145    0.36700    0.05486
1506.32874    0.26924    0.05480
1506.67529    0.18075    0.05188
1507.02271    0.25187    0.05293
1507.36938    0.12275    0.05052
1507.71704    0.16919    0.05038
1508.06384    0.22068    0.05227
1508.41162    0.32389    0.05630
1508.75867    0.35635    0.05879
1509.10571    0.32043    0.06113
1509.45374    0.45570    0.06312
1509.80090    0.22867    0.05809
1510.14905    0.20708    0.05581
1510.49646    0.25710    0.05859
1510.84473    0.22102    0.05818
1511.19238    0.16135    0.05495
1511.54004    0.19766    0.05679
1511.88867    0.19806    0.05683
1512.23645    0.25828    0.05909
1512.58508    0.48066    0.06664
1512.93311    0.66619    0.07360
1513.28198    0.57824    0.06941
1513.63013    0.32032    0.06517
1513.97839    0.22809    0.06051
1514.32739    0.14578    0.05563
1514.67578    0.06607    0.05506
1515.02502    0.08133    0.05456
1515.37366    0.15759    0.05447
1515.72314    0.10946    0.05357
1516.07178    0.12187    0.05730
1516.42041    0.26640    0.06050
1516.77014    0.31823    0.06029
1517.11914    0.21623    0.05823
1517.46899    0.12630    0.05637
1517.81812    0.21458    0.05953
1518.16809    0.24132    0.05949
1518.51733    0.17855    0.05762
1518.86670    0.41909    0.06587
1519.21680    0.72942    0.07367
1519.56641    0.73429    0.07537
1519.91687    0.58854    0.06889
1520.26648    0.36530    0.06275
1520.61707    0.37049    0.06164
1520.96680    0.31143    0.05857
1521.31665    0.34111    0.06099
1521.66748    0.65279    0.06940
1522.01770    0.88126    0.07605
1522.36865    0.82481    0.07194
1522.71875    0.54901    0.06372
1523.06982    0.35406    0.05814
1523.42041    0.25895    0.05392
1523.77087    0.17779    0.05311
1524.12207    0.17565    0.05110
1524.47278    0.22147    0.04975
1524.82434    0.24727    0.05348
1525.17505    0.33635    0.05269
1525.52686    0.40976    0.05493
1525.87781    0.37119    0.05390
1526.22876    0.29848    0.05145
1526.58081    0.23456    0.04660
1526.93188    0.16968    0.04470
1527.28394    0.24133    0.04694
1527.63538    0.34384    0.04809
1527.98767    0.40804    0.05043
1528.33923    0.58766    0.05558
1528.69080    0.60594    0.05337
1529.04333    0.46006    0.04991
1529.39502    0.50649    0.05067
1529.74780    0.68275    0.05356
1530.09961    0.84331    0.05898
1530.45251    1.10280    0.06389
1530.80457    1.17242    0.06567
1531.15662    1.15573    0.06358
1531.50977    1.13642    0.06369
1531.86218    1.12379    0.06283
1532.21533    1.07003    0.06134
1532.56787    0.95791    0.05858
1532.92114    0.98356    0.05825
1533.27393    1.04312    0.05983
1533.62659    1.07870    0.05849
1533.98022    1.07007    0.05947
1534.33325    1.03785    0.05775
1534.68701    1.02441    0.05791
1535.04004    0.97769    0.05601
1535.39392    1.05111    0.05736
1535.74719    1.07938    0.05853
1536.10144    1.02227    0.05656
1536.45471    0.98822    0.05566
1536.80823    1.02641    0.05677
1537.16248    0.97963    0.05620
1537.51611    1.00712    0.05625
1537.87073    1.01117    0.05508
1538.22449    0.99258    0.05608
1538.57922    0.98374    0.05400
1538.93323    0.93047    0.05429
1539.28723    0.97739    0.05436
1539.64209    0.88973    0.05292
1539.99634    0.89332    0.05204
1540.35144    0.96049    0.05446
1540.70581    0.97179    0.05424
1541.06104    1.02965    0.05575
1541.41565    0.98448    0.05463
1541.77026    0.98388    0.05326
1542.12585    0.99818    0.05579
1542.48059    1.02272    0.05560
1542.83618    1.04181    0.05622
1543.19116    0.99163    0.05531
1543.54700    1.04789    0.05621
1543.90210    1.00981    0.05739
1544.25732    0.99090    0.05445
1544.61328    1.02641    0.05824
1544.96863    1.07894    0.05833
1545.32495    1.15203    0.06043
1545.68054    1.09799    0.05973
1546.03687    1.11245    0.06003
1546.39258    1.12090    0.05992
1546.74829    1.08462    0.05945
1547.10486    1.01390    0.05817
1547.46094    0.91099    0.05600
1547.81775    0.95893    0.05600
1548.17371    1.03202    0.06188
1548.53088    1.03928    0.05749
1548.88708    1.04664    0.06169
1549.24341    1.07443    0.05987
1549.60059    1.01266    0.05936
1549.95715    1.08537    0.06068
1550.31458    0.96519    0.05798
1550.67126    0.95327    0.05856
1551.02881    1.01036    0.05946
1551.38562    1.00974    0.05947
1551.74243    1.15333    0.06312
1552.10034    1.11199    0.06206
1552.45728    1.06911    0.06070
1552.81531    1.00136    0.05964
1553.17261    0.96473    0.05860
1553.53064    1.00779    0.05968
1553.88818    1.00787    0.05930
1554.24561    0.96160    0.05936
1554.60400    0.99371    0.05876
1554.96167    0.97623    0.06053
1555.32019    0.93357    0.05711
1555.67798    0.94940    0.05751
1556.03674    0.97184    0.05817
1556.39478    1.03467    0.05950
1556.75269    0.95705    0.05764
1557.11169    0.92481    0.05788
1557.46997    0.93244    0.05740
1557.82910    0.92296    0.05766
1558.18750    1.02943    0.06030
1558.54688    1.09022    0.06067
1558.90540    0.88511    0.05826
1559.26392    0.92826    0.05748
1559.62354    1.08736    0.06100
1559.98230    0.97070    0.05873
1560.34204    0.79612    0.05606
1560.70093    0.88918    0.05645
1561.06091    0.87661    0.05681
1561.42004    0.91842    0.05877
1561.77930    1.01926    0.06029
1562.13940    1.03508    0.06070
1562.49866    0.96899    0.05971
1562.85901    0.85837    0.05874
1563.21851    0.93216    0.05970
1563.57910    0.93423    0.05858
1563.93872    0.85718    0.05814
1564.29932    0.90202    0.05894
1564.65930    1.03133    0.06050
1565.01904    0.83924    0.05829
1565.38000    0.96238    0.06060
1565.74011    1.01578    0.06142
1566.10120    0.95335    0.06222
1566.46155    0.98087    0.06208
1566.82275    0.97133    0.06190
1567.18311    0.95842    0.06156
1567.54382    0.94874    0.06114
1567.90515    0.97703    0.06305
1568.26587    0.97326    0.06180
1568.62744    0.95227    0.06289
1568.98840    1.07459    0.06445
1569.35022    1.00520    0.06363
1569.71118    0.91664    0.06300
1570.07239    0.93233    0.06442
1570.43445    1.05780    0.06525
1570.79565    1.15380    0.06867
1571.15784    1.05372    0.06423
1571.51941    1.04875    0.06493
1571.88171    1.10606    0.06595
1572.24329    1.01453    0.06658
1572.60498    0.94775    0.06247
1572.96765    1.02957    0.06582
1573.32947    0.94566    0.06298
1573.69226    0.98266    0.06400
1574.05432    1.09312    0.06564
1574.41724    1.12663    0.06780
1574.77942    1.04737    0.06602
1575.14185    0.98030    0.06547
1575.50488    1.05304    0.06617
1575.86743    0.97616    0.06334
1576.23083    1.00856    0.06678
1576.59338    1.08035    0.06785
1576.95703    1.09464    0.06707
1577.31982    1.05239    0.06542
1577.68262    1.02132    0.06652
1578.04651    1.06987    0.07004
1578.40955    1.03011    0.06682
1578.77344    0.99458    0.06553
1579.13672    1.08233    0.06644
1579.50073    1.16796    0.06834
1579.86426    1.00030    0.06657
1580.22766    1.11808    0.06734
1580.59204    1.11791    0.06894
1580.95569    1.10068    0.06875
1581.32019    1.18653    0.07046
1581.68396    1.25218    0.07069
1582.04871    1.09544    0.06859
1582.41260    1.04640    0.06691
1582.77673    1.15383    0.06782
1583.14172    1.05900    0.06548
1583.50586    1.00380    0.06578
1583.87097    1.17105    0.06764
1584.23535    1.04766    0.06691
1584.60071    1.07536    0.06729
1584.96533    1.02297    0.06597
1585.32983    1.00774    0.06512
1585.69556    1.07301    0.06550
1586.06018    1.10418    0.06723
1586.42603    1.02763    0.06529
1586.79089    1.01528    0.06503
1587.15686    1.01793    0.06501
1587.52185    1.00900    0.06509
1587.88708    1.06916    0.06482
1588.25342    1.15635    0.06770
1588.61877    1.04105    0.06451
1588.98499    1.00041    0.06379
1589.35046    0.94684    0.06211
1589.71716    0.97148    0.06517
1590.08276    0.97688    0.06316
1590.44861    0.95130    0.06298
1590.81543    1.15658    0.06671
1591.18140    1.16796    0.06809
1591.54822    1.18580    0.06769
1591.91443    1.13034    0.06727
1592.28149    1.01667    0.06571
1592.64783    0.95310    0.06377
1593.01501    0.96170    0.06297
1593.38147    1.05605    0.06377
1593.74805    1.09701    0.06518
1594.11548    1.07362    0.06462
1594.48230    1.07288    0.06440
1594.84998    1.08171    0.06400
1595.21692    0.98243    0.06406
1595.58472    1.12472    0.06559
1595.95166    1.15112    0.06670
1596.31897    1.08963    0.06548
1596.68701    0.98963    0.06312
1597.05432    0.97514    0.06338
1597.42261    1.19261    0.06648
1597.79016    0.92687    0.06378
1598.15845    0.97767    0.06345
1598.52625    1.08686    0.06442
1598.89392    1.08153    0.06491
1599.26257    1.05982    0.06544
1599.63062    1.02140    0.06469
1599.99939    0.96663    0.06168
1600.36743    1.09085    0.06404
1600.73657    1.04324    0.06441
1601.10474    1.01599    0.06296
1601.47314    1.18684    0.06672
1601.84241    1.05056    0.06277
1602.21094    1.00537    0.06229
1602.58044    1.01787    0.06343
1602.94910    0.99659    0.06273
1603.31873    1.02310    0.06304
1603.68750    1.11469    0.06438
1604.05652    1.07354    0.06500
1604.42639    1.11486    0.06580
1604.79541    1.09051    0.06606
1605.16553    1.08336    0.06412
1605.53479    1.05789    0.06326
1605.90503    0.99796    0.06199
1606.27454    1.09490    0.06441
1606.64392    1.19958    0.06577
1607.01453    1.05695    0.06308
1607.38416    0.99596    0.06302
1607.75488    1.11469    0.06374
1608.12463    1.16924    0.06517
1608.49548    0.99665    0.06234
1608.86560    1.05897    0.06253
1609.23572    1.07354    0.06440
1609.60669    1.05021    0.06297
1609.97693    1.04506    0.06415
1610.34827    1.01306    0.06168
1610.71875    0.91563    0.06057
1611.09021    1.02716    0.06300
1611.46082    1.09092    0.06490
1611.83154    1.02385    0.06341
1612.20312    1.02199    0.06466
1612.57410    1.14086    0.06572
1612.94592    1.07929    0.06471
1613.31689    1.10839    0.06621
1613.68909    1.06183    0.06464
1614.06030    1.01501    0.06381
1614.43164    1.02293    0.06447
1614.80396    1.01233    0.06299
1615.17529    0.91641    0.06108
1615.54773    0.99042    0.06215
1615.91943    1.02646    0.06233
1616.29199    1.00848    0.06254
1616.66382    1.07992    0.06364
1617.03589    1.16365    0.06515
1617.40857    0.93144    0.06113
1617.78076    0.96324    0.06071
1618.15381    0.98517    0.06149
1618.52612    0.96770    0.05967
1618.89929    0.96102    0.06031
1619.27173    0.98010    0.05973
1619.64417    1.01218    0.05980
1620.01770    1.03074    0.06122
1620.39038    1.07206    0.06102
1620.76404    1.02808    0.06209
1621.13684    0.97576    0.06033
1621.51074    1.02975    0.06197
1621.88379    1.05363    0.06179
1622.25769    0.89970    0.05941
1622.63098    1.05213    0.06114
1623.00427    1.09408    0.06241
1623.37854    1.00359    0.06084
1623.75195    0.98340    0.05912
1624.12634    0.88311    0.05729
1624.50012    1.02879    0.05894
1624.87463    0.97838    0.05923
1625.24854    0.93101    0.05809
1625.62231    0.98400    0.05981
1625.99719    1.04404    0.06168
1626.37122    1.08260    0.06187
1626.74622    1.03373    0.06117
1627.12061    1.07314    0.06211
1627.49573    0.99416    0.06227
1627.87012    0.88297    0.05665
1628.24463    0.92329    0.05783
1628.62012    0.94948    0.05938
1628.99475    0.91889    0.05699
1629.37036    1.00708    0.06003
1629.74524    0.98662    0.05926
1630.12097    0.95755    0.05886
1630.49609    1.04532    0.06034
1630.87109    0.97045    0.05890
1631.24719    1.01234    0.05888
1631.62256    0.99087    0.05896
1631.99878    1.01153    0.05962
1632.37427    1.01728    0.05842
1632.75073    0.95446    0.05817
1633.12610    1.01995    0.05838
1633.50195    0.99304    0.05808
1633.87866    0.96437    0.05711
1634.25439    1.03112    0.05987
1634.63135    1.03470    0.05896
1635.00745    0.90274    0.05635
1635.38452    0.94160    0.05702
1635.76062    1.03132    0.05941
1636.13696    0.93618    0.05714
1636.51416    0.93932    0.05893
1636.89075    0.98737    0.05998
1637.26819    0.92987    0.05823
1637.64490    1.00691    0.05972
1638.02234    1.07350    0.06051
1638.39929    1.01597    0.05987
1638.77612    0.94041    0.05814
1639.15417    0.90883    0.05589
1639.53125    0.92567    0.05735
1639.90918    0.98904    0.05957
1640.28662    0.95538    0.05876
1640.66467    1.04221    0.06039
1641.04224    1.04011    0.05895
1641.41980    0.96371    0.05815
1641.79822    0.94273    0.05599
1642.17590    0.89809    0.05662
1642.55457    1.00478    0.05944
1642.93237    0.97702    0.05740
1643.31128    0.96458    0.05769
1643.68933    0.94782    0.05670
1644.06750    0.84772    0.05544
1644.44653    0.84585    0.05353
1644.82495    0.87759    0.05469
1645.20410    0.99462    0.05645
1645.58264    1.01240    0.05745
1645.96216    0.94236    0.05786
1646.34082    0.92529    0.05731
1646.71948    0.95761    0.05857
1647.09924    0.97981    0.05928
1647.47815    0.95515    0.05928
1647.85803    0.94073    0.05888
1648.23718    0.93245    0.05779
1648.61719    0.91696    0.05755
1648.99646    0.93516    0.05721
1649.37585    0.86478    0.05479
1649.75623    0.90770    0.05553
