1410.07288    1.16465    0.05252
1410.39722    1.13935    0.05041
1410.72253    1.14266    0.05174
1411.04700    1.19449    0.05089
1411.37231    1.01721    0.05090
1411.69714    1.20767    0.05207
1412.02258    1.06967    0.06245
1412.34741    0.88065    0.48865
1412.67310    0.70351        inf
1412.99817    0.52638        inf
1413.32312    0.34925        inf
1413.64905    0.17214    0.42119
1413.97424    0.54399    0.27045
1414.30029    1.20337    0.05767
1414.62573    1.00277    0.05222
1414.95178    1.13398    0.05166
1415.27734    1.08685    0.04995
1415.60303    1.09324    0.04949
1415.92944    1.15102    0.05230
1416.25525    1.12342    0.05064
1416.58179    1.00524    0.04923
1416.90759    1.00424    0.04866
1417.23438    1.13006    0.04961
1417.56042    1.00940    0.04851
1417.88647    0.98769    0.04845
1418.21350    1.09752    0.05089
1418.53979    1.01032    0.04969
1418.86682    1.11216    0.04963
1419.19324    1.05916    0.05002
1419.52051    1.02397    0.04831
1419.84705    1.03734    0.04996
1420.17371    1.07300    0.05127
1420.50110    1.09868    0.05189
1420.82788    1.00482    0.05037
1421.15552    1.10617    0.04891
1421.48254    1.04142    0.04868
1421.81030    1.00134    0.04810
1422.13745    1.05293    0.04865
1422.46460    0.99921    0.04831
1422.79260    1.05542    0.04859
1423.11987    1.01878    0.04936
1423.44800    0.97033    0.04872
1423.77551    0.97714    0.04837
1424.10388    1.00257    0.04818
1424.43140    0.98666    0.04966
1424.75916    0.99828    0.05149
1425.08765    1.04527    0.05093
1425.41553    0.97247    0.04816
1425.74426    0.96526    0.04822
1426.07227    1.00655    0.04723
1426.40112    0.92000    0.04658
1426.72925    1.03622    0.04848
1427.05750    1.03484    0.04868
1427.38647    0.94722    0.04833
1427.71484    0.91735    0.04715
1428.04407    0.94055    0.04750
1428.37256    0.90412    0.04680
1428.70203    0.89211    0.04771
1429.03076    1.04521    0.05068
1429.35950    1.04606    0.05014
1429.68909    1.02487    0.05023
1430.01794    1.03326    0.04929
1430.34766    0.92990    0.05014
1430.67676    0.93028    0.05022
1431.00671    0.95605    0.04888
1431.33582    0.94936    0.04808
1431.66516    0.93371    0.04837
1431.99524    0.94534    0.04789
1432.32471    0.98326    0.04766
1432.65503    0.99770    0.04780
1432.98462    0.92887    0.04756
1433.31494    0.92537    0.04706
1433.64478    0.95726    0.04959
1433.97461    0.96792    0.04897
1434.30518    0.96534    0.04904
1434.63525    0.93136    0.04849
1434.96606    0.90465    0.04967
1435.29614    0.93943    0.04904
1435.62708    0.97519    0.05066
1435.95740    0.97252    0.05024
1436.28772    0.96043    0.05089
1436.61890    0.95218    0.05232
1436.94946    1.03916    0.05411
1437.28076    0.99660    0.05405
1437.61133    0.96524    0.05300
1437.94287    0.98736    0.05068
1438.27368    0.92332    0.05035
1438.60547    0.97269    0.05128
1438.93628    1.03216    0.05314
1439.26733    1.03384    0.05440
1439.59924    0.95774    0.05440
1439.93042    0.92639    0.05694
1440.26245    1.00718    0.05862
1440.59375    0.85534    0.05851
1440.92603    0.86694    0.05828
1441.25745    0.94879    0.05987
1441.58899    1.05165    0.06187
1441.92151    1.06592    0.05894
1442.25317    0.92747    0.05696
1442.58582    1.00421    0.05500
1442.91760    1.03243    0.05427
1443.25037    0.99124    0.05365
1443.58228    0.94339    0.05161
1443.91443    0.94896    0.05429
1444.24744    0.98883    0.05410
1444.57971    0.92434    0.05243
1444.91284    0.97553    0.05067
1445.24524    0.96345    0.05079
1445.57849    0.93921    0.05070
1445.91101    0.97474    0.05120
1446.24365    1.00924    0.05100
1446.57715    0.99210    0.05143
1446.90991    0.80385    0.04927
1447.24365    0.96151    0.05195
1447.57654    1.01842    0.05295
1447.91040    0.89984    0.05174
1448.24341    1.09514    0.05300
1448.57654    1.01807    0.05236
1448.91064    0.97762    0.05175
1449.24390    0.91596    0.05056
1449.57812    0.89510    0.05025
1449.91162    0.92969    0.05034
1450.24585    0.93291    0.05150
1450.57959    0.98489    0.05257
1450.91333    1.03630    0.05364
1451.24780    0.95786    0.05052
1451.58167    0.79697    0.04856
1451.91650    0.66391    0.04776
1452.25049    0.65862    0.04636
1452.58533    0.85641    0.04976
1452.91956    0.95387    0.05101
1453.25378    0.99560    0.05064
1453.58887    0.97656    0.05109
1453.92322    0.89525    0.04902
1454.25854    0.80410    0.04795
1454.59314    0.72546    0.04784
1454.92859    0.85760    0.04942
1455.26318    0.95406    0.05074
1455.59802    0.98974    0.05117
1455.93359    1.00708    0.05268
1456.26855    0.97217    0.05120
1456.60449    0.93275    0.05205
1456.93958    1.04799    0.05251
1457.27539    1.03160    0.05209
1457.61072    0.92407    0.04980
1457.94604    0.89236    0.05097
1458.28223    0.96315    0.05088
1458.61768    1.01623    0.05233
1458.95410    1.01589    0.05235
1459.28967    1.06317    0.05360
1459.62622    1.02057    0.05319
1459.96204    0.93607    0.05136
1460.29785    1.00616    0.05224
1460.63452    0.90885    0.05268
1460.97058    1.00478    0.05345
1461.30750    0.93600    0.05423
1461.64368    0.92646    0.05708
1461.98071    1.00235    0.05643
1462.31702    0.84593    0.05429
1462.65344    0.92887    0.05328
1462.99072    0.96029    0.05280
1463.32727    1.01568    0.05348
1463.66467    1.01501    0.05385
1464.00146    0.96859    0.05382
1464.33899    1.00086    0.05280
1464.67590    0.91728    0.05051
1465.01367    0.99477    0.05239
1465.35071    0.99040    0.05142
1465.68774    0.94992    0.05204
1466.02576    0.94708    0.05150
1466.36304    0.89752    0.05295
1466.70129    0.86415    0.05384
1467.03870    0.98705    0.05868
1467.37695    0.94373    0.05672
1467.71448    0.84102    0.05374
1468.05212    0.89446    0.05391
1468.39062    1.01737    0.05466
1468.72839    0.88570    0.05226
1469.06714    0.92802    0.05131
1469.40503    0.93552    0.05324
1469.74402    0.89281    0.05087
1470.08203    0.89220    0.05204
1470.42029    0.93262    0.05134
1470.75928    0.96542    0.05253
1471.09766    0.97717    0.05168
1471.43689    0.90246    0.05248
1471.77539    0.92787    0.05158
1472.11475    1.01361    0.05424
1472.45337    0.90307    0.05151
1472.79211    0.91468    0.05194
1473.13184    0.96432    0.05222
1473.47070    0.93741    0.05243
1473.81042    0.93103    0.05198
1474.14941    0.97275    0.05237
1474.48950    0.95060    0.05312
1474.82861    0.96591    0.05268
1475.16785    1.08935    0.05499
1475.50818    0.98482    0.05324
1475.84753    0.87348    0.05354
1476.18787    0.93681    0.05342
1476.52734    0.98040    0.05363
1476.86792    1.00511    0.05449
1477.20764    1.02732    0.05443
1477.54749    0.96474    0.05449
1477.88831    0.99992    0.05443
1478.22815    1.05860    0.05521
1478.56921    0.89675    0.05305
1478.90930    1.06604    0.05480
1479.25024    0.99087    0.05503
1479.59058    1.00362    0.05474
1479.93091    1.02823    0.05512
1480.27234    0.95457    0.05452
1480.61279    0.95501    0.05482
1480.95410    0.98498    0.05389
1481.29492    0.98099    0.05457
1481.63647    1.02318    0.05416
1481.97729    1.05610    0.05560
1482.31824    1.04985    0.05547
1482.66003    1.05270    0.05561
1483.00110    0.98263    0.05624
1483.34314    1.04402    0.05537
1483.68433    1.02802    0.05637
1484.02649    0.93233    0.05377
1484.36792    0.89065    0.05311
1484.70935    0.95115    0.05403
1485.05176    0.97776    0.05567
1485.39343    0.92704    0.05525
1485.73584    0.89787    0.05611
1486.07776    0.91435    0.05934
1486.42029    0.94033    0.06146
1486.76233    0.95307    0.06112
1487.10437    0.98979    0.05839
1487.44727    1.02885    0.05860
1487.78955    1.01824    0.05771
1488.13245    1.01846    0.05837
1488.47485    1.00204    0.05722
1488.81812    0.90908    0.05468
1489.16064    1.03972    0.05568
1489.50317    0.95866    0.05480
1489.84668    0.97915    0.05576
1490.18945    1.02649    0.05448
1490.53308    0.95343    0.05422
1490.87598    0.91326    0.05449
1491.21973    1.01015    0.05788
1491.56287    0.76356    0.07774
1491.90674    1.02104    0.11553
1492.24988    1.23448    0.18891
1492.59326    0.92687    0.12605
1492.93750    0.72619    0.10143
1493.28088    0.85475    0.08594
1493.62524    1.26159    0.10231
1493.96887    1.20132    0.10705
1494.31335    0.84064    0.08034
1494.65723    0.77106    0.06118
1495.00098    1.09688    0.05662
1495.34570    1.05267    0.05737
1495.68970    0.98195    0.05727
1496.03467    1.00984    0.05695
1496.37866    1.02404    0.05807
1496.72375    0.98093    0.05767
1497.06812    0.98279    0.05644
1497.41260    0.98334    0.05632
1497.75781    1.00047    0.05613
1498.10242    0.98456    0.05812
1498.44788    0.94193    0.06167
1498.79248    0.93833    0.06231
1499.13818    0.99494    0.06027
1499.48303    0.95938    0.05614
1499.82800    1.02931    0.05701
1500.17383    0.96199    0.05738
1500.51904    0.90644    0.05766
1500.86499    1.01018    0.05919
1501.21033    1.07382    0.06026
1501.55652    0.97618    0.05934
1501.90198    1.05664    0.05773
1502.24731    0.98695    0.05734
1502.59375    0.94602    0.05899
1502.93945    1.04305    0.06431
1503.28601    0.99321    0.06605
1503.63184    0.99870    0.06014
1503.97852    0.97990    0.05826
1504.32458    1.03689    0.05674
1504.67065    1.05563    0.05705
1505.01758    0.96420    0.05559
1505.36377    0.90643    0.05563
1505.71106    0.92662    0.05666
1506.05750    0.96167    0.06225
1506.40479    1.02082    0.06491
1506.75122    1.10909    0.06615
1507.09790    1.09861    0.06106
1507.44543    0.89199    0.05636
1507.79224    0.91138    0.05782
1508.13989    0.92842    0.06267
1508.48682    1.00866    0.06698
1508.83459    0.97837    0.06433
1509.18176    0.82380    0.05589
1509.52893    0.85442    0.05526
1509.87708    0.95605    0.05543
1510.22449    0.92791    0.05555
1510.57263    0.88593    0.05592
1510.92017    0.91168    0.05667
1511.26855    0.92068    0.05604
1511.61621    0.82222    0.05397
1511.96399    0.89094    0.05523
1512.31262    0.89066    0.05616
1512.66052    0.69985    0.05409
1513.00928    0.69760    0.05503
1513.35754    0.89582    0.05512
1513.70642    0.82987    0.06212
1514.05469    1.03215    0.07831
1514.40295    0.96334    0.07037
1514.75220    0.80821    0.05863
1515.10071    0.70595    0.05454
1515.44995    0.65403    0.05363
1515.79858    0.62879    0.05282
1516.14819    0.58800    0.05229
1516.49695    0.66069    0.05301
1516.84583    0.73404    0.05345
1517.19568    0.69831    0.05256
1517.54468    0.65896    0.05298
1517.89453    0.77206    0.05242
1518.24377    0.66095    0.05093
1518.59387    0.67749    0.05046
1518.94324    0.65138    0.04997
1519.29358    0.53377    0.04933
1519.64294    0.48456    0.04919
1519.99255    0.59094    0.04936
1520.34314    0.50538    0.04775
1520.69287    0.46302    0.04717
1521.04358    0.59784    0.05081
1521.39343    0.69548    0.05139
1521.74426    0.65685    0.04910
1522.09436    0.68415    0.04914
1522.44446    0.67830    0.05041
1522.79553    0.57990    0.04839
1523.14587    0.63916    0.04892
1523.49719    0.75301    0.04899
1523.84753    0.77425    0.04960
1524.19897    0.79170    0.04925
1524.54956    0.79790    0.05191
1524.90039    0.81074    0.05148
1525.25195    0.93714    0.05047
1525.60291    0.97807    0.05096
1525.95459    0.92713    0.05048
1526.30579    1.06092    0.05321
1526.65771    0.96474    0.05108
1527.00891    0.91514    0.05030
1527.36023    0.74084    0.04947
1527.71240    0.64887    0.04793
1528.06384    0.83303    0.04945
1528.41614    1.04902    0.05258
1528.76782    1.02183    0.05214
1529.12036    0.83548    0.04871
1529.47205    0.70612    0.04665
1529.82397    0.69782    0.04566
1530.17676    0.79715    0.04731
1530.52869    0.95084    0.04854
1530.88171    0.94853    0.04991
1531.23389    1.03695    0.05030
1531.58691    0.92663    0.04728
1531.93933    0.81350    0.04463
1532.29175    0.87154    0.04543
1532.64502    0.87725    0.04570
1532.99768    0.97055    0.04663
1533.35120    0.89085    0.04574
1533.70386    0.86360    0.04401
1534.05750    0.83848    0.04356
1534.41052    0.77676    0.04322
1534.76355    0.82139    0.04322
1535.11731    0.66715    0.04086
1535.47046    0.54765    0.03878
1535.82458    0.65322    0.04052
1536.17798    0.78607    0.04123
1536.53223    0.85098    0.04119
1536.88562    1.01566    0.04361
1537.23914    0.96235    0.04240
1537.59363    0.89123    0.04076
1537.94739    0.83910    0.04063
1538.30212    0.86408    0.04055
1538.65601    1.00795    0.04179
1539.01074    1.18205    0.04313
1539.36475    1.19747    0.04320
1539.71887    1.21675    0.04298
1540.07397    1.30126    0.04365
1540.42834    1.35846    0.04363
1540.78357    1.36599    0.04367
1541.13794    1.39960    0.04438
1541.49341    1.27750    0.04316
1541.84802    1.32161    0.04296
1542.20264    1.36346    0.04327
1542.55823    1.34865    0.04305
1542.91309    1.33231    0.04167
1543.26892    1.30902    0.04135
1543.62390    1.23403    0.03986
1543.97986    1.03064    0.03737
1544.33508    0.70606    0.03357
1544.69116    0.37358    0.02848
1545.04651    0.24023    0.02810
1545.40198    0.38867    0.02934
1545.75830    0.34075    0.02870
1546.11389    0.36678    0.02880
1546.47046    0.33540    0.02816
1546.82617    0.25837    0.02734
1547.18298    0.22035    0.02609
1547.53894    0.21653    0.02628
1547.89490    0.31526    0.02708
1548.25183    0.31691    0.02801
1548.60803    0.39142    0.02849
1548.96509    0.51048    0.03082
1549.32141    0.56478    0.03071
1549.67871    0.61979    0.03194
1550.03516    0.80429    0.03346
1550.39172    0.97850    0.03552
1550.74939    1.02274    0.03671
1551.10608    1.00558    0.03657
1551.46375    1.00409    0.03588
1551.82068    0.99140    0.03602
1552.17847    1.05500    0.03723
1552.53552    1.07671    0.03774
1552.89282    1.02895    0.03672
1553.25085    0.99185    0.03678
1553.60815    1.00358    0.03676
1553.96643    0.99848    0.03669
1554.32397    1.01144    0.03789
1554.68237    0.97961    0.03884
1555.04004    0.96239    0.03867
1555.39771    0.94651    0.03898
1555.75647    0.93605    0.03820
1556.11438    0.99800    0.03904
1556.47314    0.98819    0.03979
1556.83118    0.96087    0.03982
1557.19019    0.95047    0.03971
1557.54846    0.97722    0.03955
1557.90674    1.01201    0.03974
1558.26599    0.99041    0.04014
1558.62451    0.98244    0.04039
1558.98389    0.97682    0.04186
1559.34253    1.00533    0.04306
1559.70215    1.02807    0.04321
1560.06104    1.00927    0.04245
1560.41980    0.99522    0.04251
1560.77966    1.00059    0.04356
1561.13879    1.02633    0.04472
1561.49866    1.03538    0.04468
1561.85803    1.00524    0.04343
1562.21802    0.99325    0.04357
1562.57739    1.06591    0.04500
1562.93701    1.00856    0.04548
1563.29736    1.01502    0.04657
1563.65698    1.02654    0.04669
1564.01758    1.04027    0.04625
1564.37744    1.07600    0.04633
1564.73804    1.07075    0.04732
1565.09814    1.02785    0.04707
1565.45813    0.96193    0.04492
1565.81909    1.04065    0.04614
1566.17932    1.10518    0.04720
1566.54053    1.04044    0.04647
1566.90076    1.05792    0.04668
1567.26221    1.02528    0.04615
1567.62268    1.15659    0.04789
1567.98340    1.09907    0.04831
1568.34497    1.00289    0.04723
1568.70569    1.06313    0.04767
1569.06750    1.02969    0.04740
1569.42834    1.12045    0.04900
1569.79028    1.01836    0.04714
1570.15149    1.01663    0.04687
1570.51270    1.04808    0.04734
1570.87488    0.97971    0.04743
1571.23621    1.00976    0.04946
1571.59851    0.98073    0.05004
1571.96008    1.01725    0.04978
1572.32263    1.04288    0.04906
1572.68420    1.05549    0.04919
1573.04688    1.06208    0.04969
1573.40881    1.02346    0.04880
1573.77075    1.12799    0.05095
1574.13367    1.09829    0.05170
1574.49585    1.06618    0.05144
1574.85889    1.06817    0.04958
1575.22119    1.05205    0.04941
1575.58435    1.03394    0.04858
1575.94690    0.99367    0.04979
1576.30945    1.06800    0.05137
1576.67285    1.00855    0.05095
1577.03564    0.96442    0.04859
1577.39929    1.06360    0.04851
1577.76221    1.02403    0.04810
1578.12598    1.04681    0.04782
1578.48901    1.07249    0.04894
1578.85217    1.01664    0.04945
1579.21619    0.94942    0.05158
1579.57959    0.97550    0.05814
1579.94385    1.03808    0.06126
1580.30725    0.92373    0.05698
1580.67175    0.91951    0.05345
1581.03540    1.00519    0.05316
1581.39893    1.01021    0.05406
1581.76367    0.94660    0.05167
1582.12756    1.01496    0.05047
1582.49243    0.90654    0.04732
1582.85645    0.94111    0.04759
1583.22144    0.93729    0.04761
1583.58569    0.95167    0.04760
1583.94995    1.04983    0.04850
1584.31519    0.99245    0.04791
1584.67969    0.92436    0.05103
1585.04517    1.00990    0.05743
1585.40979    1.06815    0.05947
1585.77539    1.00906    0.05909
1586.14014    0.94786    0.05314
1586.50500    1.01562    0.05012
1586.87085    0.93926    0.04976
1587.23596    0.91855    0.05083
1587.60193    0.96143    0.05100
1587.96716    0.96963    0.05102
1588.33337    0.93026    0.04956
1588.69873    0.95688    0.04880
1589.06421    0.97592    0.04832
1589.43079    0.99580    0.04891
1589.79639    1.04208    0.04977
1590.16296    1.00175    0.05102
1590.52881    0.88244    0.04974
1590.89551    0.91953    0.05032
1591.26147    0.90812    0.04884
1591.62756    0.90859    0.04751
1591.99451    0.97712    0.04724
1592.36084    1.01556    0.05078
1592.72803    0.99404    0.05495
1593.09448    1.05019    0.05682
1593.46179    0.98241    0.05381
1593.82837    1.01657    0.05033
1594.19507    0.93754    0.04817
1594.56262    0.89773    0.04726
1594.92944    1.00984    0.04879
1595.29724    0.94482    0.05543
1595.66431    1.02665    0.07879
1596.03223    1.01149    0.12324
1596.39941    0.87574    0.14995
1596.76660    0.87173    0.10384
1597.13489    1.03467    0.06088
1597.50232    0.98207    0.05603
1597.87061    0.93316    0.05955
1598.23828    0.97103    0.05769
1598.60681    0.94030    0.05232
1598.97449    0.97338    0.04926
1599.34241    1.07247    0.04871
1599.71118    0.90329    0.04680
1600.07910    1.07600    0.04974
1600.44824    1.01946    0.04702
1600.81641    0.93546    0.04696
1601.18542    0.99283    0.04845
1601.55383    1.05661    0.05160
1601.92310    0.95828    0.04970
1602.29175    1.00489    0.04833
1602.66028    0.96040    0.04687
1603.02991    0.99900    0.04832
1603.39868    1.02769    0.05825
1603.76831    0.96412    0.06317
1604.13733    1.05003    0.06388
1604.50720    0.96156    0.05734
1604.87634    0.99659    0.05029
1605.24548    1.00402    0.04905
1605.61572    0.98790    0.04820
1605.98499    1.00811    0.04963
1606.35547    0.95705    0.05037
1606.72485    1.04631    0.04821
1607.09546    0.95885    0.04764
1607.46509    0.97195    0.04797
1607.83496    1.02239    0.04729
1608.20581    0.93748    0.04709
1608.57568    0.93663    0.04816
1608.94666    1.01387    0.04820
1609.31677    0.87677    0.04522
1609.68787    0.86035    0.04510
1610.05811    0.99425    0.04985
1610.42859    1.06450    0.05169
1610.79993    1.04223    0.05049
1611.17041    0.96124    0.04686
1611.54199    0.89011    0.04794
1611.91284    0.99386    0.05956
1612.28442    1.06592    0.06933
1612.65540    0.96512    0.06432
1613.02637    0.99971    0.05446
1613.39832    0.93167    0.04808
1613.76953    0.93346    0.04553
1614.14160    0.90396    0.04417
1614.51294    0.94797    0.04456
1614.88525    1.08649    0.04545
1615.25671    1.01852    0.04509
1615.62842    1.13076    0.04650
1616.00085    0.96645    0.04576
1616.37268    0.94041    0.04738
1616.74536    1.01891    0.04678
1617.11731    0.93962    0.04437
1617.49023    0.90415    0.04507
1617.86230    0.91544    0.04718
1618.23450    0.93242    0.04775
1618.60767    1.00816    0.04606
1618.98010    1.02364    0.04441
1619.35339    0.93171    0.04366
1619.72583    0.96730    0.04369
1620.09937    0.98579    0.04423
1620.47205    0.98951    0.04423
1620.84485    0.95609    0.04375
1621.21863    1.00212    0.04407
1621.59167    1.09785    0.04501
1621.96558    0.94610    0.04379
1622.33875    0.94951    0.04344
1622.71289    1.04936    0.04435
1623.08606    1.02238    0.04432
1623.45947    0.97013    0.04358
1623.83374    1.02645    0.04382
1624.20740    0.99775    0.04340
1624.58191    0.95099    0.04416
1624.95569    0.98305    0.04383
1625.33032    0.93435    0.04374
1625.70422    0.95582    0.04366
1626.07825    1.12962    0.04625
1626.45325    1.06584    0.04674
1626.82739    0.97827    0.04887
1627.20251    0.91337    0.04307
1627.57690    0.94560    0.04280
1627.95215    1.02975    0.04399
1628.32666    1.04934    0.04392
1628.70129    0.97813    0.04289
1629.07678    0.95108    0.04275
1629.45166    1.04416    0.04390
1629.82739    1.03464    0.04449
1630.20239    0.97617    0.04323
1630.57825    1.01995    0.04318
1630.95337    1.04264    0.04673
1631.32947    1.03911    0.04737
1631.70471    1.08905    0.04801
1632.08008    1.10035    0.04930
1632.45654    1.06111    0.04897
1632.83203    1.02156    0.04763
1633.20850    0.98604    0.04710
1633.58423    1.02675    0.04698
1633.96094    1.05636    0.04856
1634.33679    1.02029    0.04751
1634.71289    1.01121    0.04737
1635.08984    1.05365    0.04768
1635.46594    0.99684    0.04791
1635.84302    1.13023    0.04569
1636.21948    1.04865    0.04423
1636.59668    0.95224    0.04393
1636.97314    0.99400    0.04324
1637.34973    1.06204    0.04752
1637.72742    0.99925    0.04960
1638.10413    0.99214    0.05185
1638.48181    1.04976    0.05152
1638.85889    1.05857    0.04880
1639.23669    1.03932    0.05115
1639.61377    1.05637    0.05158
1639.99109    1.05441    0.04815
1640.36914    1.06744    0.04743
1640.74646    1.07871    0.04751
1641.12488    1.02067    0.04724
1641.50244    0.97917    0.04618
1641.88098    0.99201    0.04482
1642.25867    0.90626    0.04361
1642.63647    1.03852    0.04455
1643.01526    1.04339    0.04316
1643.39319    0.99482    0.04205
1643.77222    0.93739    0.04081
1644.15039    0.89534    0.04061
1644.52942    0.99947    0.04117
1644.90784    0.93404    0.04136
1645.28613    0.99485    0.04229
1645.66565    0.98945    0.04307
1646.04419    0.95287    0.04757
1646.42383    1.01809    0.05409
1646.80249    0.99891    0.05241
1647.18225    1.01263    0.04635
1647.56116    0.91216    0.04308
1647.94019    0.94991    0.04497
1648.32031    1.04609    0.04685
1648.69946    0.97989    0.04381
1649.07971    0.92904    0.04154
1649.45898    0.99359    0.04184
1649.83936    0.96587    0.04163
