1410.28223    1.05147    0.09987
1410.60754    1.20398    0.10102
1410.93201    1.24652    0.10105
1411.25745    1.15411    0.10034
1411.58203    1.34675    0.10361
1411.90759    1.16263    0.09934
1412.23230    0.86897    0.09463
1412.55713    1.07335    0.09828
1412.88293    1.25159    0.10338
1413.20801    1.09771    0.09748
1413.53381    1.11051    0.10022
1413.85913    1.39132    0.10162
1414.18506    0.95301    0.09633
1414.51038    1.17371    0.09707
1414.83582    1.22409    0.09726
1415.16211    0.79804    0.08868
1415.48755    0.95965    0.09102
1415.81396    0.95618    0.09259
1416.13965    1.12198    0.09403
1416.46631    1.02699    0.09653
1416.79224    0.96611    0.09526
1417.11804    1.08104    0.09803
1417.44482    1.03331    0.09398
1417.77100    1.01195    0.09297
1418.09790    1.08336    0.09411
1418.42407    1.06798    0.09176
1418.75122    0.93934    0.08989
1419.07764    0.86185    0.08731
1419.40405    0.97985    0.08926
1419.73132    1.05763    0.08878
1420.05798    0.91248    0.09034
1420.38538    1.04094    0.09108
1420.71216    1.05070    0.09319
1421.03979    0.95239    0.08985
1421.36670    1.22679    0.09252
1421.69373    0.96208    0.08780
1422.02148    0.99088    0.08784
1422.34863    0.91548    0.08905
1422.67664    0.99368    0.09148
1423.00391    1.13169    0.09287
1423.33215    0.82138    0.08792
1423.65955    0.92845    0.08880
1423.98779    1.02410    0.09197
1424.31531    0.97380    0.09111
1424.64307    0.83888    0.08840
1424.97156    0.82654    0.08757
1425.29932    1.03640    0.08927
1425.62805    1.01583    0.09048
1425.95605    0.96442    0.09022
1426.28479    1.01535    0.09098
1426.61292    1.09470    0.09365
1426.94116    1.07594    0.09384
1427.27014    0.99732    0.09230
1427.59851    1.12908    0.09475
1427.92773    0.94332    0.09263
1428.25623    0.88158    0.09444
1428.58557    0.87641    0.09153
1428.91418    0.84357    0.09494
1429.24292    0.90650    0.09528
1429.57251    0.75893    0.09427
1429.90137    1.18619    0.09831
1430.23108    1.00422    0.09917
1430.56018    0.74185    0.09209
1430.89001    0.88811    0.09273
1431.21924    0.86113    0.09026
1431.54846    0.86136    0.08940
1431.87854    0.94783    0.08831
1432.20801    0.88064    0.08810
1432.53821    0.87615    0.08762
1432.86780    0.94339    0.09055
1433.19824    0.85529    0.08802
1433.52795    1.13886    0.09055
1433.85779    0.83799    0.08427
1434.18835    0.98593    0.08768
1434.51819    1.22905    0.09202
1434.84900    1.06906    0.08999
1435.17920    0.91484    0.08661
1435.51013    0.93958    0.08625
1435.84033    0.92132    0.08371
1436.17065    0.93073    0.08805
1436.50183    1.08938    0.09011
1436.83228    1.19582    0.09013
1437.16370    0.95078    0.08548
1437.49426    0.87416    0.08298
1437.82568    1.03909    0.08526
1438.15649    1.01747    0.08736
1438.48730    0.96852    0.08585
1438.81909    1.09001    0.08832
1439.15002    1.16451    0.08885
1439.48193    0.97667    0.08555
1439.81311    0.84828    0.08273
1440.14502    0.91871    0.08361
1440.47644    1.05603    0.08907
1440.80774    1.09539    0.09193
1441.14001    1.03521    0.09196
1441.47156    1.03169    0.09063
1441.80396    0.88781    0.08928
1442.13562    0.97400    0.09072
1442.46814    1.04275    0.09244
1442.80005    0.98612    0.09116
1443.13196    1.09172    0.09053
1443.46472    0.93986    0.08741
1443.79675    0.99306    0.08695
1444.12976    1.05145    0.08769
1444.46191    0.97031    0.08646
1444.79504    0.93553    0.08541
1445.12744    1.07968    0.08507
1445.45984    0.77328    0.07954
1445.79321    0.96196    0.08279
1446.12573    1.05829    0.08412
1446.45923    0.97082    0.08511
1446.79199    0.94826    0.08371
1447.12561    1.04303    0.08513
1447.45862    1.14166    0.08590
1447.79236    0.96715    0.08311
1448.12537    0.98926    0.08292
1448.45850    0.95476    0.08190
1448.79248    0.83957    0.08084
1449.12585    1.12364    0.08321
1449.45996    1.13127    0.08413
1449.79346    0.97453    0.07951
1450.12769    0.90117    0.07926
1450.46143    0.97527    0.07803
1450.79504    0.96796    0.07855
1451.12952    0.73408    0.07291
1451.46338    0.97074    0.07628
1451.79810    0.93670    0.07797
1452.13208    0.90524    0.07760
1452.46704    1.00767    0.08054
1452.80115    1.09650    0.08284
1453.13525    1.04525    0.08375
1453.47046    1.02428    0.08374
1453.80481    1.04625    0.08454
1454.14001    1.05023    0.08581
1454.47461    0.96789    0.08359
1454.80994    0.90052    0.08227
1455.14465    0.97378    0.08305
1455.47937    0.82546    0.08055
1455.81494    1.06247    0.08395
1456.15002    1.04647    0.08434
1456.48572    0.94114    0.08263
1456.82068    1.02748    0.08435
1457.15674    1.04680    0.08525
1457.49194    1.06076    0.08380
1457.82727    0.99763    0.08413
1458.16333    0.97949    0.08567
1458.49890    0.98801    0.08726
1458.83521    0.96254    0.08298
1459.17078    0.94732    0.08306
1459.50720    1.02326    0.08465
1459.84302    1.01888    0.08614
1460.17883    0.85592    0.08310
1460.51562    0.85674    0.08307
1460.85156    1.04433    0.08410
1461.18835    1.01389    0.08475
1461.52454    1.09356    0.08576
1461.86157    0.94703    0.08524
1462.19788    0.90411    0.08392
1462.53418    0.86199    0.08401
1462.87158    0.76772    0.08160
1463.20801    0.89465    0.08431
1463.54541    0.92903    0.08463
1463.88220    1.03796    0.08402
1464.21973    1.07148    0.08524
1464.55652    1.01022    0.08354
1464.89343    0.97166    0.08460
1465.23132    1.00498    0.08577
1465.56836    0.91304    0.08586
1465.90625    0.87248    0.08603
1466.24353    0.89031    0.08490
1466.58167    0.91721    0.08555
1466.91907    0.93861    0.08622
1467.25647    0.96737    0.08570
1467.59485    0.96725    0.08594
1467.93250    1.07955    0.08673
1468.27100    0.89668    0.08508
1468.60876    0.85978    0.08259
1468.94739    1.13132    0.08705
1469.28528    1.04149    0.08753
1469.62329    0.97392    0.08681
1469.96228    0.87283    0.08504
1470.30042    1.05689    0.09687
1470.63940    1.13533    0.09772
1470.97778    0.88710    0.08281
1471.31689    0.79528    0.07981
1471.65552    0.76615    0.07909
1471.99402    0.87124    0.07921
1472.33337    0.93972    0.08162
1472.67212    0.90992    0.07718
1473.01172    0.86857    0.07818
1473.35059    0.89297    0.07796
1473.69043    0.82360    0.07642
1474.02942    0.77191    0.07482
1474.36926    0.78878    0.07373
1474.70850    0.79509    0.07494
1475.04773    0.76242    0.07298
1475.38794    0.77615    0.07227
1475.72729    0.77567    0.07222
1476.06763    0.76093    0.07150
1476.40710    0.81341    0.07412
1476.74756    0.81521    0.07540
1477.08740    0.78296    0.07593
1477.42712    0.86141    0.07507
1477.76782    0.55621    0.07329
1478.10779    0.78889    0.07558
1478.44861    0.81754    0.07887
1478.78870    0.78601    0.07779
1479.12976    0.89327    0.08658
1479.46997    0.67655    0.08825
1479.81030    0.84767    0.09322
1480.15161    0.97374    0.09421
1480.49207    1.01522    0.08718
1480.83350    0.91796    0.07970
1481.17419    0.76801    0.07609
1481.51575    0.80776    0.07307
1481.85657    0.74000    0.07180
1482.19739    0.79219    0.07109
1482.53918    0.76806    0.07459
1482.88025    0.74355    0.07410
1483.22217    0.77878    0.07156
1483.56348    0.70531    0.06937
1483.90552    0.75676    0.07023
1484.24695    0.63626    0.07067
1484.58838    0.66022    0.07018
1484.93066    0.74638    0.07250
1485.27234    0.67641    0.06939
1485.61487    0.55961    0.06891
1485.95667    0.56318    0.06912
1486.29919    0.49200    0.06776
1486.64111    0.47966    0.07589
1486.98315    0.56329    0.07540
1487.32605    0.60745    0.07624
1487.66821    0.51210    0.07411
1488.01123    0.53335    0.07310
1488.35352    0.36984    0.06913
1488.69678    0.40158    0.06460
1489.03918    0.42403    0.06222
1489.38184    0.30687    0.06028
1489.72522    0.44159    0.06132
1490.06799    0.32362    0.06294
1490.41162    0.38373    0.06435
1490.75439    0.44094    0.06669
1491.09827    0.43022    0.06619
1491.44128    0.42283    0.06512
1491.78430    0.37745    0.06413
1492.12842    0.19183    0.06118
1492.47168    0.32390    0.06018
1492.81567    0.26694    0.05861
1493.15918    0.18258    0.05715
1493.50354    0.35530    0.06214
1493.84717    0.40627    0.06277
1494.19080    0.13893    0.05957
1494.53528    0.22774    0.05749
1494.87915    0.31415    0.05909
1495.22388    0.27933    0.05665
1495.56787    0.29782    0.05660
1495.91272    0.38423    0.05859
1496.25684    0.26363    0.05886
1496.60107    0.21044    0.05796
1496.94617    0.32706    0.05771
1497.29053    0.36336    0.05843
1497.63586    0.27548    0.05769
1497.98035    0.43811    0.05885
1498.32581    0.58419    0.06347
1498.67053    0.42586    0.05934
1499.01526    0.44089    0.05995
1499.36084    0.56289    0.06122
1499.70569    0.57358    0.06220
1500.05164    0.64502    0.06260
1500.39673    0.64403    0.06399
1500.74268    0.76461    0.06459
1501.08801    0.67208    0.06425
1501.43408    0.61887    0.06352
1501.77954    0.81366    0.06758
1502.12500    0.83902    0.07016
1502.47131    0.85435    0.06949
1502.81702    0.74976    0.06807
1503.16357    0.89707    0.06874
1503.50940    1.03193    0.07189
1503.85608    0.89653    0.06976
1504.20203    0.89990    0.07009
1504.54810    1.01574    0.07252
1504.89502    0.93271    0.07072
1505.24109    0.74200    0.06707
1505.58838    0.57861    0.06188
1505.93469    0.59699    0.06171
1506.28186    0.87543    0.06635
1506.62842    0.91970    0.07024
1506.97510    0.99593    0.06974
1507.32263    1.02966    0.07150
1507.66931    1.00543    0.07141
1508.01709    0.94073    0.06979
1508.36389    0.82341    0.06814
1508.71167    0.93143    0.06919
1509.05884    0.96521    0.07031
1509.40588    0.83952    0.06755
1509.75403    0.90224    0.06939
1510.10144    1.16988    0.07335
1510.44946    1.08068    0.07284
1510.79712    1.14317    0.07252
1511.14539    0.87232    0.06942
1511.49316    0.95818    0.06951
1511.84082    1.07893    0.07163
1512.18933    0.87794    0.07077
1512.53723    1.02773    0.07094
1512.88611    1.03112    0.07046
1513.23413    1.00814    0.06824
1513.58301    1.01841    0.06850
1513.93127    1.07870    0.06940
1514.27954    1.11184    0.06912
1514.62878    1.00002    0.06727
1514.97717    0.98891    0.06639
1515.32654    0.94458    0.06355
1515.67517    0.80332    0.06302
1516.02454    0.63952    0.05754
1516.37341    0.62637    0.05751
1516.72217    0.87210    0.06198
1517.07190    1.05651    0.06505
1517.42090    0.89805    0.06266
1517.77100    0.88610    0.06222
1518.12000    0.95850    0.06183
1518.47009    0.83444    0.05964
1518.81934    0.71210    0.05823
1519.16895    0.81450    0.05998
1519.51917    0.98672    0.06199
1519.86865    1.11186    0.06571
1520.21912    1.08272    0.06310
1520.56885    0.95822    0.06205
1520.91968    0.97640    0.06098
1521.26953    0.96132    0.06026
1521.61938    0.88320    0.06011
1521.97034    0.99366    0.05977
1522.32043    1.03925    0.06174
1522.67139    0.93413    0.06074
1523.02185    1.14510    0.06305
1523.37292    0.95730    0.06028
1523.72339    0.98382    0.05975
1524.07397    1.05563    0.06072
1524.42529    1.07268    0.06079
1524.77612    1.09682    0.06083
1525.12781    1.09356    0.06045
1525.47852    1.07282    0.05925
1525.83044    1.06147    0.05923
1526.18140    1.10003    0.05729
1526.53247    1.09326    0.05721
1526.88440    1.01118    0.05408
1527.23572    1.01951    0.05390
1527.58789    1.02383    0.05512
1527.93921    0.99220    0.05399
1528.29163    0.97629    0.05394
1528.64331    1.00912    0.05299
1528.99573    1.01261    0.05146
1529.34753    0.91295    0.05111
1529.69934    1.09316    0.05231
1530.05212    0.99983    0.05103
1530.40393    0.90590    0.04862
1530.75696    0.93241    0.04845
1531.10913    0.98354    0.04927
1531.46228    1.05209    0.05090
1531.81445    1.04228    0.05005
1532.16687    1.05338    0.04965
1532.52014    0.99461    0.04832
1532.87268    0.99704    0.04883
1533.22607    1.08255    0.04877
1533.57886    0.95589    0.04713
1533.93250    1.03342    0.04720
1534.28540    1.01683    0.04638
1534.63843    1.00409    0.04596
1534.99231    1.00932    0.04488
1535.34546    0.96221    0.04407
1535.69946    0.91965    0.04348
1536.05273    0.93988    0.04308
1536.40698    0.97370    0.04381
1536.76038    1.02953    0.04439
1537.11389    1.04049    0.04405
1537.46838    1.00105    0.04383
1537.82202    1.04485    0.04384
1538.17676    1.01476    0.04397
1538.53052    1.07947    0.04467
1538.88525    1.02132    0.04350
1539.23938    0.99234    0.04762
1539.59338    1.10551    0.04857
1539.94849    1.00659    0.04680
1540.30261    1.08325    0.04301
1540.65796    0.97693    0.04130
1541.01233    0.96676    0.04112
1541.36768    1.05672    0.04134
1541.72217    1.04267    0.04133
1542.07690    0.99330    0.04043
1542.43250    1.04215    0.04049
1542.78748    1.00309    0.04046
1543.14319    0.98696    0.03935
1543.49805    0.98685    0.03983
1543.85400    0.93737    0.03878
1544.20935    0.92893    0.03865
1544.56458    0.95503    0.03900
1544.92065    1.01796    0.03995
1545.27612    1.04000    0.04061
1545.63245    1.00913    0.03956
1545.98804    0.97049    0.03978
1546.34448    0.96061    0.03995
1546.70020    1.02198    0.04105
1547.05615    0.97839    0.04023
1547.41272    0.97267    0.04032
1547.76868    1.03149    0.04126
1548.12573    1.04990    0.04195
1548.48193    1.03130    0.04193
1548.83899    1.11592    0.04330
1549.19519    1.03399    0.04251
1549.55151    0.94256    0.04123
1549.90894    0.99257    0.04248
1550.26550    1.10354    0.04415
1550.62305    1.06013    0.04393
1550.97974    0.98211    0.04276
1551.33728    1.00866    0.04304
1551.69434    1.06414    0.04494
1552.05115    1.04177    0.04498
1552.40906    0.93913    0.04507
1552.76624    0.89599    0.04463
1553.12415    0.99448    0.04646
1553.48157    1.02577    0.04647
1553.83984    1.01678    0.04672
1554.19727    0.98675    0.04611
1554.55481    0.95797    0.04684
1554.91333    1.01805    0.04716
1555.27100    0.94835    0.04696
1555.62964    0.99084    0.04715
1555.98743    0.96616    0.04804
1556.34619    0.91885    0.04730
1556.70435    0.99119    0.04873
1557.06335    0.97867    0.04894
1557.42139    0.87773    0.04858
1557.77966    1.03716    0.05047
1558.13904    1.05770    0.05035
1558.49756    0.94229    0.04962
1558.85681    0.96392    0.05555
1559.21545    0.97007    0.05647
1559.57507    0.99417    0.05139
1559.93384    0.98397    0.05182
1560.29272    1.03209    0.05354
1560.65234    1.03259    0.05345
1561.01160    0.92314    0.05214
1561.37146    0.98628    0.05244
1561.73059    0.98899    0.05276
1562.09070    1.01708    0.05419
1562.45020    0.99707    0.05352
1562.80957    0.97379    0.05415
1563.17004    1.02954    0.05520
1563.52954    1.04215    0.05650
1563.89014    0.95945    0.05543
1564.24988    0.91337    0.05484
1564.61060    0.97560    0.05549
1564.97046    1.02004    0.05650
1565.33057    0.97602    0.05634
1565.69153    1.04299    0.05693
1566.05176    1.00609    0.05702
1566.41272    1.03420    0.05691
1566.77319    1.01175    0.05904
1567.13452    0.98935    0.05796
1567.49487    1.07524    0.05872
1567.85547    1.08055    0.05955
1568.21716    0.97783    0.05869
1568.57788    1.03471    0.05873
1568.93958    0.99435    0.05874
1569.30054    0.91600    0.05802
1569.66248    1.03688    0.06071
1570.02356    1.14260    0.06196
1570.38464    1.03968    0.06107
1570.74670    1.02817    0.05965
1571.10828    1.04958    0.06214
1571.47046    1.01419    0.05980
1571.83191    0.97069    0.06008
1572.19446    1.00699    0.05946
1572.55615    0.98617    0.05990
1572.91785    1.11309    0.06175
1573.28052    1.12087    0.06140
1573.64258    1.02044    0.06041
1574.00537    1.02235    0.06106
1574.36755    1.02098    0.06142
1574.73047    0.98216    0.06032
1575.09290    1.03719    0.06122
1575.45508    1.08389    0.06308
1575.81848    1.04386    0.06328
1576.18091    0.96384    0.06311
1576.54443    0.95507    0.06273
1576.90710    1.05558    0.06455
1577.27075    1.03997    0.06565
1577.63354    1.04599    0.06588
1577.99658    1.00991    0.07032
1578.36047    0.91661    0.06902
1578.72351    1.13845    0.06548
1579.08752    0.98428    0.06413
1579.45081    1.05880    0.06422
1579.81494    0.99768    0.06519
1580.17847    0.86219    0.06270
1580.54211    1.02133    0.06331
1580.90637    1.12087    0.06475
1581.27026    0.99734    0.06313
1581.63477    0.99810    0.06286
1581.99854    0.98078    0.06442
1582.36340    0.97789    0.06246
1582.72742    1.09889    0.06408
1583.09167    1.08090    0.06413
1583.45667    1.05871    0.06369
1583.82080    1.03766    0.06447
1584.18604    1.11701    0.06598
1584.55066    1.13746    0.06523
1584.91602    0.99604    0.06364
1585.28052    1.04316    0.06432
1585.64612    0.91206    0.06301
1586.01086    1.08306    0.06462
1586.37573    1.09222    0.06332
1586.74158    0.94139    0.06230
1587.10657    0.98211    0.06095
1587.47253    0.95161    0.06266
1587.83777    1.02595    0.06337
1588.20398    0.95949    0.06261
1588.56934    0.98902    0.06412
1588.93481    1.06525    0.06524
1589.30115    0.96961    0.06401
1589.66675    0.94559    0.06428
1590.03333    1.11267    0.06643
1590.39917    1.10823    0.06675
1590.76587    1.05053    0.06437
1591.13184    1.06213    0.06425
1591.49792    1.11860    0.06596
1591.86499    1.16334    0.06581
1592.23108    0.96007    0.06462
1592.59827    1.06143    0.06444
1592.96460    1.05524    0.07606
1593.33203    0.97476    0.08498
1593.69849    1.04618    0.09089
1594.06519    0.74750    0.09530
1594.43274    0.92422    0.08412
1594.79956    1.03581    0.07100
1595.16736    1.07720    0.06864
1595.53418    1.06920    0.06581
1595.90210    0.96377    0.06361
1596.26929    0.94755    0.06227
1596.63647    0.90199    0.06165
1597.00476    0.99490    0.06208
1597.37219    1.07828    0.06484
1597.74048    1.12294    0.06496
1598.10803    1.14934    0.06571
1598.47644    0.97836    0.06282
1598.84424    1.05403    0.06295
1599.21216    1.10139    0.06427
1599.58069    0.90816    0.06328
1599.94885    0.83286    0.06116
1600.31763    1.10860    0.06484
1600.68591    1.00423    0.06397
1601.05493    0.98289    0.06306
1601.42334    0.95681    0.06264
1601.79163    0.92592    0.06116
1602.16113    0.94008    0.06155
1602.52966    0.99406    0.06273
1602.89917    1.01337    0.06186
1603.26794    1.00596    0.06148
1603.63770    0.96722    0.06194
1604.00647    0.99633    0.06282
1604.37549    1.04429    0.06314
1604.74561    0.95858    0.06064
1605.11475    0.80660    0.06200
1605.48474    0.97806    0.06536
1605.85413    0.90403    0.06108
1606.22461    0.93152    0.06404
1606.59412    1.07919    0.06348
1606.96362    1.04215    0.06293
1607.33423    1.10263    0.06358
1607.70398    1.07270    0.06300
1608.07471    0.96757    0.06163
1608.44458    0.86022    0.05945
1608.81555    0.90005    0.06115
1609.18555    1.06975    0.06312
1609.55579    0.99447    0.06238
1609.92700    0.99854    0.06233
1610.29736    0.87364    0.06090
1610.66870    0.89590    0.06015
1611.03918    1.01701    0.06275
1611.41064    0.96817    0.06215
1611.78137    0.98140    0.06186
1612.15222    0.89914    0.06253
1612.52405    0.92310    0.06167
1612.89502    0.93136    0.06261
1613.26685    0.93120    0.06148
1613.63794    1.03880    0.06559
1614.01001    1.07773    0.06551
1614.38135    0.97102    0.06446
1614.75366    1.01032    0.06421
1615.12512    1.02425    0.06357
1615.49670    0.98251    0.06234
1615.86926    1.01761    0.06397
1616.24084    0.97994    0.06341
1616.61365    0.92035    0.06175
1616.98547    0.88790    0.06304
1617.35840    0.93597    0.06284
1617.73047    1.01624    0.06256
1618.10266    1.01963    0.06361
1618.47571    0.96727    0.06260
1618.84814    1.07673    0.06417
1619.22144    1.00320    0.06282
1619.59399    0.95156    0.06189
1619.96741    0.98892    0.06361
1620.33997    0.97722    0.06214
1620.71277    1.03612    0.06335
1621.08655    0.93463    0.06248
1621.45947    0.91324    0.06139
1621.83337    1.00156    0.06150
1622.20654    1.03357    0.06244
1622.58057    0.91669    0.06152
1622.95374    0.86417    0.06079
1623.32727    0.85798    0.06153
1623.70142    1.00598    0.06163
1624.07507    1.00001    0.06254
1624.44958    0.89074    0.06014
1624.82324    0.98765    0.06174
1625.19788    1.07041    0.06206
1625.57178    1.01611    0.06260
1625.94568    0.95369    0.06243
1626.32080    0.95150    0.06297
1626.69482    0.94059    0.05969
1627.06995    0.90991    0.06040
1627.44421    1.04884    0.06230
1627.81958    0.87653    0.06015
1628.19397    0.95853    0.06042
1628.56860    1.03375    0.06053
1628.94409    0.96832    0.05909
1629.31873    1.00239    0.05995
1629.69458    1.06719    0.06081
1630.06946    0.96908    0.06047
1630.44543    0.97859    0.05913
1630.82043    0.92553    0.05818
1631.19568    0.86006    0.05820
1631.57178    0.97037    0.06047
1631.94702    0.93541    0.05933
1632.32336    1.03920    0.06248
1632.69897    0.99713    0.06069
1633.07544    0.99385    0.06173
1633.45105    1.05265    0.06112
1633.82678    1.00564    0.06109
1634.20361    1.03711    0.06119
1634.57959    0.97546    0.05990
1634.95642    1.06761    0.06050
1635.33264    1.10208    0.06173
1635.70984    1.00422    0.06082
1636.08606    0.96288    0.06049
1636.46240    0.97334    0.05995
1636.83984    0.94795    0.05985
1637.21631    0.90673    0.05920
1637.59387    0.94856    0.05862
1637.97070    1.00364    0.05933
1638.34827    0.93974    0.05828
1638.72534    0.90838    0.05729
1639.10217    0.95183    0.05845
1639.48022    0.90156    0.05802
1639.85742    1.00762    0.05922
1640.23547    1.08342    0.06070
1640.61292    0.83596    0.05704
1640.99121    0.96699    0.05830
1641.36877    1.00078    0.05944
1641.74634    0.96296    0.05901
1642.12476    0.96453    0.05806
1642.50269    0.92734    0.05864
1642.88135    0.83636    0.05573
1643.25928    1.05414    0.05909
1643.63818    0.92065    0.05981
1644.01636    0.89075    0.05864
1644.39551    0.99385    0.05953
1644.77380    1.02634    0.06091
1645.15222    0.93139    0.05847
1645.53162    0.90828    0.05739
1645.91003    0.93134    0.05789
1646.28955    0.81069    0.05563
1646.66833    0.83931    0.05598
1647.04810    0.90786    0.05766
1647.42688    0.76302    0.05804
1647.80579    1.02199    0.06024
1648.18591    0.87589    0.05798
1648.56506    0.87114    0.05730
1648.94531    0.86059    0.05582
1649.32471    0.81790    0.05555
1649.70483    0.93578    0.05722
