1410.03455    1.08896    0.03797
1410.35962    1.07926    0.03794
1410.68408    1.02822    0.03749
1411.00940    1.12451    0.03864
1411.33411    1.03276    0.03679
1411.65869    0.97064    0.03652
1411.98413    0.94686    0.03626
1412.30896    0.97523    0.03705
1412.63477    1.07238    0.03786
1412.95972    1.06584    0.03810
1413.28552    1.05745    0.04270
1413.61060    1.07933    0.04266
1413.93591    1.03273    0.03675
1414.26196    0.99422    0.03614
1414.58728    1.06288    0.03753
1414.91345    1.01820    0.03693
1415.23889    1.04347    0.03777
1415.56531    1.04092    0.04218
1415.89087    1.04765    0.04505
1416.21667    1.03790    0.04575
1416.54321    0.98117    0.04238
1416.86914    1.03764    0.03959
1417.19592    1.00674    0.03773
1417.52185    0.97626    0.03720
1417.84863    1.00517    0.03728
1418.17493    1.04026    0.03721
1418.50110    0.99353    0.03677
1418.82837    0.89951    0.03527
1419.15479    0.91695    0.03546
1419.48193    0.94643    0.03551
1419.80847    1.02969    0.03660
1420.13586    1.08449    0.03680
1420.46252    1.00455    0.03616
1420.78943    0.98107    0.03642
1421.11694    0.90460    0.03512
1421.44397    0.92438    0.03527
1421.77161    0.94546    0.03555
1422.09875    0.96036    0.03609
1422.42664    1.01918    0.03687
1422.75403    0.96469    0.03685
1423.08118    1.01230    0.03656
1423.40942    0.98402    0.03624
1423.73682    0.94344    0.03461
1424.06506    0.97049    0.03510
1424.39282    1.01181    0.03512
1424.72119    0.96429    0.03524
1425.04895    0.92237    0.03485
1425.37671    0.99535    0.03497
1425.70544    0.96874    0.03510
1426.03345    0.87960    0.03409
1426.36230    0.92827    0.03411
1426.69043    0.93554    0.03431
1427.01953    0.96400    0.03554
1427.34778    1.03506    0.03617
1427.67603    1.02123    0.03593
1428.00537    0.95576    0.03481
1428.33374    0.95839    0.03485
1428.66321    0.92025    0.03434
1428.99182    0.90384    0.03421
1429.32141    0.96794    0.03528
1429.65015    0.95046    0.03557
1429.97913    0.90256    0.03544
1430.30884    0.96632    0.03592
1430.63794    0.93441    0.03538
1430.96777    1.00279    0.03633
1431.29688    1.00499    0.03638
1431.62695    0.98582    0.03649
1431.95630    1.00030    0.03667
1432.28577    0.98695    0.03631
1432.61609    0.90457    0.03596
1432.94568    1.06087    0.03632
1433.27600    0.96289    0.03658
1433.60571    0.89567    0.03526
1433.93628    0.99661    0.03650
1434.26624    0.99837    0.03595
1434.59705    0.86518    0.03502
1434.92700    0.90760    0.03511
1435.25708    0.98759    0.03583
1435.58813    0.98720    0.03529
1435.91833    0.92941    0.03519
1436.24951    0.93060    0.03539
1436.57983    1.02641    0.03622
1436.91113    0.91585    0.03479
1437.24170    0.91387    0.03504
1437.57239    0.97131    0.03583
1437.90381    0.97780    0.03605
1438.23462    0.94378    0.03538
1438.56628    0.89676    0.03444
1438.89722    0.89046    0.03457
1439.22900    1.00567    0.03529
1439.56006    0.95133    0.03541
1439.89124    0.85852    0.03479
1440.22327    1.00019    0.03561
1440.55457    0.88677    0.03427
1440.88684    0.88708    0.03361
1441.21838    0.91891    0.03404
1441.55066    0.91797    0.03399
1441.88220    0.90837    0.03491
1442.21399    0.92546    0.03497
1442.54651    0.92578    0.03477
1442.87842    0.86957    0.03405
1443.21118    0.91817    0.03391
1443.54309    0.92645    0.03392
1443.87598    0.91571    0.03415
1444.20813    1.01659    0.03522
1444.54041    0.99231    0.03530
1444.87354    0.89254    0.03436
1445.20581    0.96701    0.03460
1445.53918    0.99634    0.03463
1445.87170    0.90691    0.03433
1446.20520    0.87930    0.03371
1446.53772    0.91670    0.03375
1446.87061    0.97045    0.03390
1447.20422    0.93945    0.03356
1447.53711    0.90854    0.03345
1447.87097    0.92467    0.03371
1448.20398    0.92240    0.03367
1448.53796    0.84688    0.03245
1448.87122    0.74428    0.03094
1449.20459    0.70435    0.03033
1449.53882    0.75387    0.03094
1449.87219    0.89168    0.03291
1450.20642    1.02837    0.03455
1450.54016    0.96076    0.03443
1450.87463    0.93710    0.03384
1451.20837    0.81593    0.03204
1451.54224    0.75911    0.03097
1451.87695    0.85175    0.03224
1452.21094    0.94847    0.03357
1452.54578    0.92733    0.03307
1452.88000    0.94143    0.03341
1453.21509    0.98262    0.03502
1453.54944    0.98606    0.03586
1453.88379    0.94944    0.03469
1454.21899    0.93032    0.03389
1454.55347    0.94818    0.03396
1454.88892    0.95105    0.03438
1455.22375    0.96817    0.03440
1455.55920    0.96158    0.03415
1455.89417    0.93251    0.03341
1456.22888    0.93398    0.03360
1456.56482    0.96175    0.03417
1456.90002    0.95440    0.03472
1457.23584    0.96339    0.03468
1457.57117    0.96927    0.03388
1457.90723    0.95556    0.03381
1458.24268    0.92964    0.03346
1458.57812    0.88570    0.03292
1458.91431    0.91585    0.03327
1459.25012    0.97090    0.03346
1459.58643    1.00601    0.03448
1459.92224    0.98419    0.03383
1460.25891    0.93788    0.03356
1460.59485    1.00345    0.03437
1460.93176    0.94346    0.03317
1461.26782    0.90211    0.03284
1461.60400    0.88027    0.03257
1461.94104    0.90061    0.03292
1462.27722    0.97433    0.03306
1462.61450    0.90504    0.03327
1462.95093    0.90176    0.03309
1463.28833    0.94878    0.03325
1463.62488    0.99257    0.03395
1463.96155    0.94761    0.03337
1464.29919    0.85480    0.03243
1464.63611    1.00227    0.03334
1464.97388    0.95488    0.03401
1465.31091    0.95049    0.03300
1465.64880    0.96351    0.03397
1465.98596    0.97310    0.03357
1466.32312    1.01603    0.03411
1466.66125    0.94904    0.03361
1466.99878    0.98040    0.03380
1467.33704    0.94666    0.03329
1467.67456    0.95142    0.03250
1468.01294    0.97139    0.03371
1468.35059    0.90477    0.03298
1468.68848    0.98922    0.03367
1469.02722    0.94581    0.03347
1469.36523    0.97120    0.03310
1469.70398    0.97080    0.03323
1470.04211    0.92126    0.03259
1470.38098    0.94717    0.03294
1470.71936    0.98281    0.03331
1471.05762    0.97263    0.03309
1471.39685    0.94204    0.03298
1471.73535    0.95301    0.03339
1472.07471    0.97395    0.03330
1472.41345    0.94594    0.03303
1472.75281    0.96644    0.03304
1473.09180    0.99058    0.03313
1473.43054    0.94067    0.03275
1473.77039    0.93879    0.03243
1474.10938    0.97687    0.03329
1474.44934    0.95122    0.03320
1474.78845    0.99061    0.03391
1475.12866    0.95361    0.03332
1475.46790    0.93582    0.03299
1475.80750    0.95016    0.03339
1476.14771    0.98635    0.03405
1476.48718    1.01039    0.03396
1476.82776    0.91854    0.03303
1477.16748    0.91738    0.03274
1477.50818    0.99970    0.03369
1477.84802    1.01704    0.03365
1478.18799    0.94179    0.03245
1478.52893    0.90180    0.03195
1478.86902    0.96755    0.03282
1479.21008    0.97209    0.03379
1479.55042    0.96578    0.03334
1479.89160    0.95540    0.03295
1480.23193    0.97144    0.03323
1480.57263    1.02081    0.03383
1480.91394    0.96754    0.03310
1481.25452    0.99668    0.03363
1481.59619    1.00392    0.03354
1481.93701    0.96254    0.03292
1482.27881    0.94442    0.03237
1482.61975    0.99032    0.03329
1482.96082    0.98356    0.03292
1483.30286    0.96752    0.03288
1483.64404    1.04686    0.03371
1483.98608    1.02894    0.03299
1484.32751    0.95124    0.03248
1484.66980    1.01016    0.03342
1485.01123    0.97366    0.03297
1485.35388    0.97350    0.03275
1485.69543    0.98140    0.03237
1486.03723    0.97170    0.03288
1486.38000    0.98091    0.03356
1486.72192    1.02960    0.03337
1487.06470    1.00994    0.03274
1487.40674    0.97475    0.03238
1487.74976    0.95611    0.03181
1488.09204    0.94463    0.03198
1488.43445    0.94513    0.03207
1488.77771    0.96904    0.03204
1489.12012    0.97741    0.03220
1489.46350    0.97192    0.03225
1489.80615    0.99581    0.03251
1490.14978    1.04036    0.03290
1490.49243    1.05945    0.03336
1490.83533    1.01052    0.03300
1491.17920    0.93288    0.03175
1491.52222    1.03008    0.03270
1491.86621    0.98066    0.03179
1492.20947    0.97081    0.03202
1492.55347    1.04321    0.03288
1492.89685    1.00127    0.03279
1493.24036    1.01602    0.03247
1493.58472    1.02147    0.03224
1493.92822    0.95036    0.03227
1494.27271    0.93462    0.03081
1494.61646    1.00292    0.03220
1494.96118    1.04097    0.03252
1495.30493    1.03906    0.03248
1495.64893    0.95021    0.03134
1495.99390    1.03268    0.03232
1496.33813    1.04800    0.03220
1496.68323    0.96287    0.03135
1497.02747    1.00617    0.03168
1497.37268    0.99411    0.03231
1497.71716    1.03919    0.03280
1498.06177    1.03061    0.03243
1498.40723    1.00893    0.03176
1498.75183    0.99989    0.03131
1499.09741    0.97608    0.03154
1499.44238    1.00437    0.03174
1499.78809    1.02896    0.03167
1500.13306    1.02124    0.03184
1500.47815    1.02996    0.03174
1500.82422    1.04912    0.03177
1501.16943    1.01899    0.03146
1501.51575    0.97540    0.03107
1501.86096    0.99985    0.03112
1502.20740    0.98044    0.03102
1502.55298    0.94946    0.03058
1502.89868    0.98091    0.03101
1503.24524    1.05337    0.03164
1503.59094    1.03187    0.03173
1503.93762    0.99882    0.03064
1504.28369    0.97679    0.03081
1504.63062    0.96375    0.02983
1504.97681    0.97355    0.03102
1505.32288    1.00153    0.03067
1505.67004    0.97807    0.03026
1506.01648    1.01331    0.03064
1506.36377    0.99969    0.03033
1506.71033    1.01965    0.03068
1507.05774    1.05314    0.03103
1507.40454    0.99537    0.03052
1507.75122    1.01114    0.03028
1508.09888    1.00009    0.03027
1508.44580    1.01504    0.03072
1508.79370    1.02119    0.03085
1509.14087    1.00560    0.03035
1509.48877    1.00940    0.03032
1509.83594    1.01881    0.03037
1510.18335    1.03246    0.03055
1510.53162    1.02205    0.03021
1510.87903    1.02209    0.03039
1511.22754    1.04783    0.03066
1511.57520    1.07228    0.03108
1511.92371    1.08861    0.03113
1512.27161    1.08935    0.03096
1512.62036    1.04203    0.03058
1512.96826    1.01881    0.03025
1513.31628    1.02897    0.03082
1513.66528    1.01818    0.03061
1514.01343    1.04049    0.03112
1514.36255    1.03079    0.03124
1514.71094    1.06385    0.03122
1515.06018    1.03764    0.03358
1515.40881    0.97675    0.03307
1515.75745    1.01138    0.03029
1516.10693    0.98678    0.02976
1516.45569    0.90443    0.02863
1516.80542    0.90283    0.02870
1517.15430    0.98512    0.02992
1517.50415    1.07140    0.03132
1517.85327    1.09571    0.03156
1518.20251    1.07650    0.03144
1518.55249    1.05101    0.03102
1518.90198    1.02848    0.03062
1519.25208    0.99616    0.03020
1519.60168    0.99550    0.03045
1519.95215    1.06225    0.03080
1520.30176    1.07278    0.03100
1520.65149    1.05363    0.03085
1521.00208    1.07095    0.03053
1521.35217    1.04795    0.03068
1521.70300    1.01762    0.03030
1522.05298    1.07477    0.03102
1522.40393    1.04459    0.03047
1522.75415    1.03814    0.03038
1523.10449    1.03615    0.03031
1523.45569    1.05395    0.03088
1523.80615    1.05261    0.03009
1524.15759    0.97266    0.02941
1524.50830    0.91759    0.02864
1524.85974    0.90158    0.02853
1525.21057    0.93741    0.02886
1525.56140    0.97265    0.02945
1525.91309    1.01040    0.02997
1526.26428    1.05879    0.02970
1526.61621    0.97240    0.02889
1526.96729    0.95003    0.02825
1527.31946    0.87933    0.02755
1527.67090    0.89517    0.02777
1528.02234    0.99931    0.02883
1528.37451    1.02187    0.02923
1528.72620    1.07517    0.03018
1529.07874    1.13819    0.03080
1529.43054    1.05636    0.03009
1529.78320    1.00970    0.02911
1530.13513    1.06875    0.03002
1530.48706    1.07959    0.02996
1530.84009    1.05918    0.02967
1531.19226    1.13591    0.03034
1531.54529    1.14212    0.03052
1531.89771    1.12044    0.03020
1532.25085    1.11110    0.03040
1532.60339    1.08099    0.02983
1532.95605    1.10163    0.02982
1533.30957    1.04195    0.02918
1533.66223    1.02709    0.02897
1534.01587    1.01263    0.02895
1534.36877    0.96230    0.02787
1534.72266    0.91976    0.02711
1535.07568    0.86091    0.02667
1535.42871    0.84900    0.02610
1535.78284    0.74425    0.02466
1536.13623    0.55582    0.02186
1536.49036    0.36547    0.01903
1536.84387    0.23265    0.01669
1537.19824    0.17557    0.01586
1537.55188    0.17525    0.01587
1537.90552    0.14764    0.01608
1538.26013    0.18668    0.01661
1538.61414    0.24623    0.01727
1538.96899    0.17584    0.01627
1539.32300    0.14817    0.01579
1539.67786    0.09570    0.01484
1540.03210    0.10079    0.01451
1540.38733    0.09280    0.01434
1540.74158    0.08551    0.01411
1541.09607    0.16018    0.01582
1541.45142    0.14454    0.01554
1541.80603    0.14564    0.01527
1542.16162    0.17940    0.01549
1542.51636    0.20750    0.01604
1542.87207    0.23295    0.01619
1543.22705    0.25073    0.01590
1543.58203    0.13799    0.01409
1543.93787    0.11536    0.01437
1544.29309    0.19081    0.01528
1544.64917    0.27509    0.01667
1545.00464    0.30840    0.01693
1545.36084    0.30047    0.01701
1545.71643    0.29123    0.01695
1546.07202    0.25646    0.01671
1546.42847    0.29872    0.01683
1546.78430    0.40271    0.01876
1547.14087    0.49624    0.01996
1547.49683    0.53797    0.02048
1547.85364    0.56376    0.02105
1548.20972    0.66511    0.02221
1548.56592    0.82102    0.02484
1548.92297    0.93231    0.02613
1549.27930    0.95564    0.02688
1549.63660    0.94548    0.02658
1549.99316    0.96478    0.02678
1550.35046    0.97686    0.02747
1550.70715    0.96863    0.02659
1551.06384    0.97255    0.02728
1551.42151    0.99819    0.02762
1551.77856    1.02426    0.02785
1552.13635    1.05543    0.02843
1552.49329    1.03122    0.02825
1552.85144    0.98450    0.02782
1553.20862    1.00294    0.02808
1553.56592    1.04939    0.02870
1553.92419    1.02428    0.02821
1554.28174    1.04960    0.02857
1554.64014    1.01784    0.02870
1554.99780    0.99914    0.02821
1555.35632    0.99690    0.02825
1555.71411    0.98213    0.02773
1556.07190    0.96289    0.02782
1556.43091    0.98573    0.02816
1556.78882    1.01720    0.02875
1557.14783    0.98525    0.02809
1557.50610    0.99978    0.02889
1557.86523    1.03684    0.02911
1558.22363    0.97382    0.02857
1558.58203    1.02861    0.02938
1558.94153    1.01812    0.02913
1559.30017    1.00566    0.02965
1559.65979    0.99180    0.02889
1560.01855    0.98522    0.02938
1560.37817    1.01596    0.02954
1560.73730    1.00016    0.02972
1561.09619    1.00655    0.02947
1561.45618    0.98951    0.02941
1561.81543    0.97176    0.02914
1562.17566    0.97331    0.02924
1562.53503    0.96648    0.02907
1562.89539    0.95513    0.02919
1563.25488    1.03861    0.02996
1563.61438    0.99642    0.03007
1563.97510    0.92097    0.02867
1564.33484    0.95091    0.02946
1564.69556    1.02652    0.03104
1565.05542    0.99368    0.03071
1565.41638    1.01232    0.03053
1565.77661    0.97746    0.03020
1566.13684    0.97064    0.03026
1566.49792    1.02737    0.03168
1566.85828    1.03400    0.03164
1567.21948    0.99022    0.03047
1567.58008    1.03691    0.03176
1567.94165    1.03403    0.03098
1568.30225    1.01739    0.03126
1568.66394    1.03173    0.03103
1569.02490    1.02692    0.03121
1569.38562    1.01113    0.03127
1569.74756    1.03288    0.03154
1570.10876    1.01084    0.03139
1570.47083    0.98543    0.03073
1570.83215    0.98848    0.03095
1571.19434    0.99807    0.03111
1571.55579    1.05309    0.03153
1571.91736    1.02128    0.03151
1572.27979    1.02124    0.03172
1572.64160    1.05088    0.03169
1573.00415    1.04656    0.03178
1573.36609    0.99982    0.03154
1573.72888    0.98479    0.03092
1574.09082    1.00919    0.03098
1574.45312    1.02449    0.03099
1574.81604    1.00466    0.03072
1575.17834    0.99345    0.03139
1575.54150    1.03350    0.03113
1575.90405    1.02411    0.03077
1576.26746    1.06817    0.03175
1576.63000    1.04222    0.03092
1576.99268    1.03217    0.03101
1577.35632    1.05161    0.03081
1577.71924    0.99361    0.03002
1578.08313    0.99688    0.02990
1578.44617    1.00026    0.02980
1578.81006    1.01931    0.03071
1579.17334    1.02484    0.03039
1579.53662    1.00843    0.03080
1579.90076    0.99915    0.03059
1580.26428    0.98276    0.03014
1580.62878    1.01448    0.02990
1580.99231    0.94384    0.02969
1581.35681    0.93789    0.02912
1581.72070    1.01623    0.03034
1582.08447    0.97908    0.03041
1582.44946    0.98995    0.03043
1582.81348    0.98196    0.02978
1583.17834    0.96609    0.02966
1583.54272    0.95835    0.02969
1583.90771    0.96118    0.02934
1584.27222    0.96694    0.02952
1584.63672    0.97108    0.02983
1585.00208    1.02813    0.03025
1585.36670    0.99439    0.03000
1585.73230    0.96156    0.02985
1586.09705    0.99356    0.03007
1586.46277    1.00584    0.03020
1586.82776    1.00148    0.03016
1587.19287    0.95917    0.02963
1587.55884    0.97932    0.02963
1587.92395    0.99568    0.03016
1588.29016    0.97858    0.02991
1588.65564    1.00536    0.03001
1589.02197    1.02609    0.03003
1589.38757    0.91696    0.02926
1589.75305    0.96706    0.02968
1590.11975    1.02830    0.03031
1590.48547    1.00912    0.03035
1590.85229    1.04246    0.03030
1591.21826    0.96523    0.03042
1591.58521    0.98593    0.03023
1591.95129    1.00351    0.03031
1592.31750    1.02800    0.03039
1592.68481    1.04619    0.03045
1593.05115    0.99768    0.02976
1593.41846    1.01412    0.03010
1593.78503    0.98296    0.03000
1594.15259    0.97441    0.03031
1594.51929    0.99066    0.02960
1594.88611    0.98447    0.02987
1595.25391    0.95681    0.02936
1595.62097    1.00215    0.02977
1595.98889    1.00950    0.02967
1596.35608    0.97116    0.02927
1596.72412    1.02814    0.03025
1597.09143    1.09864    0.03104
1597.45972    0.98278    0.02926
1597.82715    1.00356    0.02949
1598.19482    0.96132    0.02888
1598.56323    1.02736    0.02929
1598.93103    1.03118    0.03006
1599.29980    0.96409    0.02934
1599.66772    1.04543    0.02998
1600.03662    0.99357    0.02966
1600.40454    0.99536    0.02949
1600.77283    0.98604    0.02947
1601.14197    0.98742    0.02961
1601.51038    1.00145    0.02965
1601.87952    0.98028    0.02934
1602.24817    1.01612    0.02988
1602.61755    1.03724    0.02967
1602.98621    1.02749    0.03003
1603.35498    1.01282    0.02972
1603.72473    1.00251    0.02964
1604.09375    0.99363    0.02980
1604.46362    1.02964    0.02997
1604.83264    1.04971    0.03005
1605.20288    1.04537    0.03008
1605.57202    1.02807    0.02977
1605.94141    1.02303    0.03011
1606.31177    1.04469    0.03018
1606.68127    1.04065    0.03027
1607.05176    0.97973    0.02943
1607.42151    0.96458    0.02895
1607.79211    0.96941    0.02916
1608.16199    0.96744    0.02942
1608.53198    0.99345    0.02975
1608.90295    1.01118    0.02984
1609.27295    1.01290    0.03001
1609.64404    0.99651    0.03000
1610.01440    0.99068    0.02964
1610.38574    1.00548    0.02950
1610.75623    1.00718    0.02933
1611.12671    0.98240    0.02923
1611.49829    1.09956    0.03029
1611.86890    1.05220    0.03049
1612.24060    0.97679    0.02933
1612.61145    1.02693    0.03029
1612.98340    1.06023    0.03038
1613.35449    0.98285    0.02945
1613.72559    0.99736    0.02965
1614.09766    0.98318    0.02966
1614.46899    0.97243    0.02947
1614.84131    1.00569    0.02974
1615.21277    1.01812    0.03024
1615.58533    1.00751    0.03001
1615.95691    1.03621    0.03042
1616.32874    1.03533    0.03019
1616.70142    1.03339    0.03035
1617.07336    1.01495    0.03006
1617.44617    0.93082    0.02930
1617.81824    0.95755    0.02940
1618.19141    0.97754    0.02977
1618.56372    0.99285    0.02976
1618.93604    1.00637    0.02979
1619.30945    1.01521    0.03017
1619.68176    1.01213    0.03003
1620.05530    0.96805    0.02953
1620.42798    0.99411    0.02968
1620.80164    0.98374    0.02910
1621.17456    0.97248    0.02951
1621.54761    1.01175    0.02984
1621.92139    1.04188    0.03008
1622.29456    0.98964    0.02960
1622.66870    0.98228    0.02926
1623.04199    1.01096    0.02980
1623.41614    1.00636    0.02921
1623.78967    0.99126    0.02945
1624.16321    1.02981    0.02962
1624.53772    0.98073    0.02916
1624.91138    0.99221    0.02912
1625.28625    0.95749    0.02879
1625.66003    0.98564    0.02910
1626.03491    1.04245    0.02960
1626.40906    0.94860    0.02846
1626.78406    1.01864    0.02969
1627.15833    1.01877    0.02926
1627.53259    0.96768    0.02905
1627.90796    0.97782    0.02898
1628.28247    1.01384    0.02921
1628.65784    0.96642    0.02871
1629.03259    1.01999    0.02911
1629.40820    0.95238    0.02861
1629.78308    0.94554    0.02870
1630.15808    1.00836    0.02952
1630.53394    1.03292    0.02959
1630.90906    0.98855    0.02918
1631.28503    0.99204    0.02925
1631.66040    1.00958    0.02937
1632.03662    0.99791    0.02913
1632.41199    1.03932    0.02980
1632.78760    1.07171    0.02979
1633.16406    0.96371    0.02913
1633.53979    1.04134    0.03021
1633.91650    1.04485    0.03000
1634.29236    1.01701    0.02925
1634.66919    0.98812    0.02907
1635.04541    0.98600    0.02911
1635.42151    1.02907    0.02954
1635.79858    0.98506    0.02869
1636.17493    0.96511    0.02862
1636.55225    0.96409    0.02814
1636.92883    0.96631    0.02863
1637.30627    0.97669    0.02840
1637.68274    0.99131    0.02860
1638.05957    0.96423    0.02818
1638.43738    0.97962    0.02804
1638.81421    1.00636    0.02916
1639.19214    1.01324    0.02924
1639.56934    1.00213    0.02916
1639.94739    0.99252    0.02879
1640.32458    0.98366    0.02832
1640.70203    0.95583    0.02834
1641.08020    1.00553    0.02903
1641.45789    1.03566    0.02902
1641.83630    1.01404    0.02906
1642.21411    1.02948    0.02930
1642.59265    0.93956    0.02848
1642.97058    0.96246    0.02838
1643.34851    1.01342    0.02986
1643.72754    1.01854    0.02933
1644.10571    1.01038    0.02935
1644.48474    1.05096    0.02947
1644.86316    1.06212    0.02996
1645.24231    1.01526    0.02938
1645.62097    1.04613    0.02984
1645.99951    1.03760    0.02923
1646.37903    0.98377    0.02888
1646.75781    1.03615    0.02946
1647.13745    0.93628    0.02890
1647.51636    0.94378    0.02810
1647.89636    0.96849    0.02851
1648.27539    0.98783    0.02852
1648.65466    1.01152    0.02884
1649.03479    1.00467    0.02891
1649.41418    0.98578    0.02859
1649.79443    1.01364    0.02878
