1410.29419    1.31149    0.12337
1410.61865    1.19919    0.12315
1410.94385    1.23143    0.12196
1411.26843    1.15184    0.12464
1411.59399    1.20307    0.12066
1411.91870    1.46824    0.12529
1412.24353    1.44560    0.12808
1412.56921    1.37247    0.12639
1412.89417    1.34411    0.12575
1413.21997    1.23003    0.12440
1413.54517    1.05222    0.12057
1413.87097    1.03077    0.12265
1414.19629    1.24639    0.12339
1414.52161    1.08576    0.11979
1414.84778    1.33213    0.12292
1415.17334    1.34727    0.12125
1415.49963    1.06305    0.11544
1415.82532    0.91844    0.11265
1416.15173    1.08080    0.11688
1416.47754    1.19347    0.11818
1416.80334    1.11551    0.12048
1417.13000    1.03939    0.11341
1417.45618    1.07229    0.11672
1417.78296    1.12097    0.11643
1418.10913    1.06963    0.11591
1418.43604    1.18909    0.11951
1418.76245    1.17280    0.11546
1419.08875    1.02057    0.11671
1419.41614    0.93318    0.11073
1419.74268    0.97343    0.11458
1420.06995    0.96720    0.11528
1420.39673    0.96445    0.11515
1420.72412    0.97181    0.11525
1421.05103    1.04400    0.11562
1421.37805    1.06982    0.12107
1421.70569    0.94291    0.11781
1422.03284    0.82389    0.11388
1422.36072    1.04683    0.11555
1422.68799    0.84608    0.11354
1423.01599    0.81337    0.11305
1423.34338    0.89888    0.11325
1423.67078    0.90977    0.11479
1423.99915    1.10232    0.11600
1424.32678    0.81641    0.11176
1424.65515    0.68025    0.10641
1424.98279    0.75339    0.11183
1425.31140    0.76165    0.11071
1425.63940    0.64998    0.10666
1425.96729    0.71209    0.10809
1426.29614    0.79671    0.10942
1426.62427    0.72569    0.10789
1426.95325    0.85844    0.10970
1427.28149    0.95193    0.11532
1427.61060    0.81506    0.11264
1427.93909    0.83986    0.10924
1428.26758    0.70200    0.10591
1428.59692    0.70585    0.10894
1428.92554    0.80403    0.11557
1429.25500    0.84015    0.11153
1429.58398    0.84645    0.11306
1429.91357    0.96014    0.11408
1430.24243    0.77066    0.11328
1430.57153    0.80074    0.11227
1430.90137    0.80867    0.11127
1431.23047    0.77971    0.10849
1431.56067    0.81716    0.11040
1431.88989    0.82881    0.11049
1432.22009    0.96394    0.11479
1432.54968    1.02024    0.11723
1432.87915    0.90305    0.11445
1433.20959    0.88185    0.11379
1433.53931    0.94830    0.11193
1433.86987    0.72904    0.11031
1434.19971    1.09537    0.12094
1434.53040    1.03830    0.11876
1434.86047    0.91952    0.11831
1435.19055    0.88519    0.11092
1435.52148    0.86676    0.10872
1435.85181    0.96728    0.11286
1436.18274    0.83816    0.11274
1436.51331    0.96799    0.11975
1436.84448    1.23820    0.12710
1437.17505    1.44468    0.21627
1437.50647    0.73553    0.68317
1437.83716    1.06986        inf
1438.16797    1.40413        inf
1438.49951    1.73834        inf
1438.83044    2.07250    0.77443
1439.16223    0.81641    0.13068
1439.49329    0.97279    0.11682
1439.82520    0.98617    0.11626
1440.15649    0.92265    0.11315
1440.48792    0.96893    0.11402
1440.81995    0.99508    0.12039
1441.15149    0.95366    0.11713
1441.48376    0.89159    0.11466
1441.81543    0.86185    0.11232
1442.14795    0.99360    0.11112
1442.47974    1.00301    0.11361
1442.81140    0.95034    0.11273
1443.14417    1.00088    0.11517
1443.47620    1.10896    0.11426
1443.80896    1.00431    0.11554
1444.14111    0.87533    0.11119
1444.47412    1.01730    0.11094
1444.80652    1.03554    0.11729
1445.13892    0.94405    0.11747
1445.47205    1.01803    0.12107
1445.80457    1.16824    0.12266
1446.13794    0.93599    0.11251
1446.47070    1.12249    0.11721
1446.80432    1.10589    0.12105
1447.13721    0.91873    0.11302
1447.47009    0.92474    0.11169
1447.80383    0.89192    0.10932
1448.13684    0.85135    0.11355
1448.47083    0.99659    0.11635
1448.80408    0.97563    0.11413
1449.13818    0.95715    0.11252
1449.47144    1.03133    0.11464
1449.80493    0.80676    0.11426
1450.13928    1.22280    0.12050
1450.47290    1.09382    0.11962
1450.80737    0.98666    0.11083
1451.14111    1.07299    0.11490
1451.47571    1.01005    0.11283
1451.80969    0.82656    0.10958
1452.14368    0.96637    0.11184
1452.47839    0.96729    0.11612
1452.81262    1.01420    0.11019
1453.14758    1.09081    0.11529
1453.48193    1.05208    0.11328
1453.81702    1.01047    0.11408
1454.15161    1.01808    0.11595
1454.48608    0.88440    0.11408
1454.82153    1.00874    0.11581
1455.15625    1.11465    0.11592
1455.49170    0.95861    0.11744
1455.82654    1.08651    0.11738
1456.16235    1.06028    0.11596
1456.49719    0.92703    0.11254
1456.83240    1.00019    0.11277
1457.16833    1.02827    0.11331
1457.50342    0.89810    0.11110
1457.83960    1.12930    0.11455
1458.17505    1.03133    0.11396
1458.51123    0.88344    0.11114
1458.84668    0.95814    0.11239
1459.18237    1.08490    0.11577
1459.51880    0.99819    0.11312
1459.85461    0.84777    0.11356
1460.19128    1.05706    0.11558
1460.52722    1.01093    0.11702
1460.86401    0.94429    0.11748
1461.19995    0.97607    0.12083
1461.53613    1.04176    0.12283
1461.87317    1.13655    0.12900
1462.20947    0.92332    0.12659
1462.54663    1.02381    0.12530
1462.88306    1.02250    0.12738
1463.22046    0.96900    0.12105
1463.55713    1.06637    0.12788
1463.89465    0.96012    0.12152
1464.23132    0.93031    0.12304
1464.56824    1.04496    0.13044
1464.90588    1.05731    0.13254
1465.24292    0.96835    0.13869
1465.58069    1.00914    0.14293
1465.91797    1.18895    0.15219
1466.25598    0.83938    0.14556
1466.59326    0.88279    0.14788
1466.93066    0.95528    0.15643
1467.26904    0.88897    0.15085
1467.60657    0.90875    0.14573
1467.94495    1.00988    0.13617
1468.28259    0.81704    0.12824
1468.62122    0.80169    0.12355
1468.95898    0.72833    0.12281
1469.29700    0.74253    0.12125
1469.63574    0.88547    0.12526
1469.97388    0.60536    0.11677
1470.31287    0.78503    0.12062
1470.65112    0.87969    0.11673
1470.99023    0.95714    0.11778
1471.32861    0.85990    0.11567
1471.66711    0.54258    0.11868
1472.00647    0.57818    0.12384
1472.34509    0.70899    0.11633
1472.68469    0.62150    0.11838
1473.02344    0.62253    0.11409
1473.36316    0.77234    0.11425
1473.70203    0.82176    0.11522
1474.04102    0.65538    0.11396
1474.38098    0.61724    0.11043
1474.72009    0.53085    0.10812
1475.06018    0.73847    0.11419
1475.39954    0.86642    0.11583
1475.73975    0.64586    0.11055
1476.07922    0.83574    0.11309
1476.41882    0.82670    0.11569
1476.75928    0.71151    0.11266
1477.09900    0.60136    0.10923
1477.43970    0.65431    0.10859
1477.77954    0.86488    0.11430
1478.12036    0.89543    0.11581
1478.46033    0.75720    0.11190
1478.80042    0.82704    0.11268
1479.14136    0.80633    0.11432
1479.48169    0.70298    0.11227
1479.82288    0.72589    0.11160
1480.16333    0.75002    0.10911
1480.50464    0.71915    0.10973
1480.84521    0.62587    0.10750
1481.18591    0.83005    0.11149
1481.52747    0.99902    0.11385
1481.86829    0.75844    0.11020
1482.21008    0.68248    0.10837
1482.55103    0.89353    0.11686
1482.89282    0.75708    0.11657
1483.23401    0.80556    0.11697
1483.57520    0.96430    0.11504
1483.91736    0.80907    0.12506
1484.25867    0.63813    0.12163
1484.60095    0.60936    0.12749
1484.94238    0.70401    0.12202
1485.28491    0.76897    0.11441
1485.62659    0.78567    0.11176
1485.96838    0.83708    0.11594
1486.31104    0.91345    0.11954
1486.65295    0.85717    0.12199
1486.99585    1.01076    0.12698
1487.33789    1.05102    0.13493
1487.68079    0.87699    0.13666
1488.02307    0.72160    0.12317
1488.36536    0.74206    0.11959
1488.70862    0.84417    0.12006
1489.05103    0.82310    0.11681
1489.39441    0.93046    0.11918
1489.73706    0.99719    0.12219
1490.08057    0.85068    0.11971
1490.42346    0.93721    0.11740
1490.76709    0.87699    0.11955
1491.11011    0.81510    0.11424
1491.45300    0.85248    0.11905
1491.79700    0.77944    0.11737
1492.14026    0.58592    0.11260
1492.48438    0.77778    0.12740
1492.82764    0.79817    0.13304
1493.17188    0.81604    0.13104
1493.51538    0.78435    0.12433
1493.85889    0.75359    0.11736
1494.20337    0.81099    0.11705
1494.54712    0.80624    0.11531
1494.89185    0.64525    0.11488
1495.23572    0.84796    0.11818
1495.58057    0.97891    0.11996
1495.92456    0.89479    0.11972
1496.26880    0.83929    0.11839
1496.61377    0.81437    0.11653
1496.95801    0.66411    0.11501
1497.30322    0.79151    0.11616
1497.64758    1.10996    0.12621
1497.99304    1.11903    0.12246
1498.33765    0.79521    0.11815
1498.68237    1.00822    0.12288
1499.02795    1.00012    0.11971
1499.37280    0.84592    0.12053
1499.71851    0.99157    0.12166
1500.06348    1.10933    0.12704
1500.40942    0.87505    0.12393
1500.75452    1.03151    0.12171
1501.09973    1.17491    0.12413
1501.44604    1.01034    0.12366
1501.79138    1.01963    0.12299
1502.13770    1.08776    0.12690
1502.48328    0.92434    0.12540
1502.82971    1.01615    0.12653
1503.17542    1.02387    0.12539
1503.52124    0.95660    0.12365
1503.86804    0.97575    0.12503
1504.21387    0.96576    0.12572
1504.56091    0.84223    0.12160
1504.90698    0.92525    0.12290
1505.25403    0.90456    0.12505
1505.60022    0.62210    0.11749
1505.94653    0.48654    0.11802
1506.29395    0.47334    0.11881
1506.64038    0.33531    0.11344
1506.98779    0.29554    0.11154
1507.33447    0.27865    0.11049
1507.68213    0.09361    0.10099
1508.02893    0.20395    0.10753
1508.37585    0.29219    0.11360
1508.72363    0.02052    0.10439
1509.07068    0.25181    0.10590
1509.41870    0.19482    0.10755
1509.76599    0.06685    0.10555
1510.11414    0.25033    0.10618
1510.46155    0.45764    0.11136
1510.80896    0.31569    0.11017
1511.15747    0.28091    0.10664
1511.50513    0.32103    0.11145
1511.85352    0.30809    0.11372
1512.20142    0.31289    0.12314
1512.55005    0.45164    0.12871
1512.89807    0.61974    0.13438
1513.24609    0.48605    0.12813
1513.59509    0.50997    0.12355
1513.94336    0.78852    0.12841
1514.29236    0.70578    0.12211
1514.64075    0.52511    0.12510
1514.98999    0.80080    0.12392
1515.33862    0.94140    0.12420
1515.68713    0.89591    0.12136
1516.03662    0.88296    0.11915
1516.38550    0.84035    0.11897
1516.73511    0.80867    0.11769
1517.08398    0.88608    0.11943
1517.43384    0.90049    0.12141
1517.78296    0.59862    0.13000
1518.13281    0.14396    0.20986
1518.48218    0.25318    0.33229
1518.83154    0.57798    0.23225
1519.18176    0.59329    0.21094
1519.53125    1.03351    0.18894
1519.88171    0.65279    0.19230
1520.23132    0.30751    0.28557
1520.58179    0.24748    0.21578
1520.93164    0.24921    0.12009
1521.28162    0.20203    0.10009
1521.63232    0.40341    0.10351
1521.98230    0.79833    0.11369
1522.33337    1.03092    0.11815
1522.68347    0.84222    0.11782
1523.03467    0.57085    0.11409
1523.38501    0.54488    0.10567
1523.73560    0.33115    0.10327
1524.08679    0.45399    0.10236
1524.43750    0.64318    0.10741
1524.78894    0.87372    0.11565
1525.13977    1.06173    0.12908
1525.49146    1.03310    0.12283
1525.84241    0.87995    0.11672
1526.19348    1.09690    0.11536
1526.54529    0.96255    0.11447
1526.89661    1.02951    0.11522
1527.24866    1.17617    0.11529
1527.59998    0.94349    0.11648
1527.95227    1.03542    0.11707
1528.30383    1.13894    0.11103
1528.65527    1.36659    0.11720
1529.00781    1.30204    0.11597
1529.35962    1.08277    0.11491
1529.71228    1.13859    0.11794
1530.06421    1.18059    0.11749
1530.41699    1.09175    0.10884
1530.76904    1.01798    0.10822
1531.12122    0.76896    0.10004
1531.47424    0.60528    0.09705
1531.82654    0.81617    0.10118
1532.17981    0.89161    0.09703
1532.53235    1.17373    0.10284
1532.88574    1.11396    0.10288
1533.23828    0.99589    0.10103
1533.59106    0.88101    0.09582
1533.94470    0.71874    0.08946
1534.29761    1.00487    0.09386
1534.65149    1.12029    0.10185
1535.00452    1.10925    0.10204
1535.35840    1.03179    0.10015
1535.71167    1.01828    0.09260
1536.06494    1.10911    0.09176
1536.41907    1.04120    0.08914
1536.77258    0.98477    0.08742
1537.12695    0.98285    0.08624
1537.48059    0.94130    0.08681
1537.83508    0.93046    0.08577
1538.18896    1.03285    0.08530
1538.54272    1.03975    0.08635
1538.89746    1.04535    0.08604
1539.25159    1.06415    0.08540
1539.60645    1.03183    0.08434
1539.96069    1.00450    0.08137
1540.31580    1.03423    0.08150
1540.67017    0.99485    0.08039
1541.02466    1.16362    0.08281
1541.37988    1.00860    0.08111
1541.73462    1.01522    0.07892
1542.08997    1.19248    0.07761
1542.44482    1.06485    0.07574
1542.80042    0.84846    0.07090
1543.15540    0.98145    0.07225
1543.51038    0.93016    0.07147
1543.86633    0.90816    0.06921
1544.22156    0.93715    0.07000
1544.57764    0.88431    0.06882
1544.93286    1.07915    0.07045
1545.28918    0.94592    0.06770
1545.64478    1.00531    0.06865
1546.00110    1.05018    0.06835
1546.35669    0.96544    0.06848
1546.71252    0.98925    0.06705
1547.06921    1.17851    0.06892
1547.42505    1.08051    0.06889
1547.78186    1.07832    0.07042
1548.13794    1.02809    0.06920
1548.49487    0.97472    0.06557
1548.85120    1.07842    0.06638
1549.20752    0.98194    0.06461
1549.56470    0.97497    0.06394
1549.92126    1.08611    0.06754
1550.27869    1.15274    0.06730
1550.63525    1.07874    0.06713
1550.99280    0.95208    0.06542
1551.34961    0.97131    0.06669
1551.70654    1.02373    0.06664
1552.06433    0.99528    0.06825
1552.42139    0.95908    0.07040
1552.77930    1.00577    0.06819
1553.13660    1.06274    0.07188
1553.49475    0.93438    0.07117
1553.85217    1.08888    0.07308
1554.20959    1.01114    0.07317
1554.56799    1.01567    0.07394
1554.92554    1.05476    0.07691
1555.28418    0.84874    0.07438
1555.64197    1.05206    0.07847
1556.00073    1.00011    0.08060
1556.35864    1.03269    0.08013
1556.71667    1.06619    0.08218
1557.07568    0.95410    0.07953
1557.43384    0.88463    0.08019
1557.79297    1.17608    0.08467
1558.15137    0.98970    0.08340
1558.51062    0.82672    0.08273
1558.86926    0.92591    0.08371
1559.22778    0.96293    0.08583
1559.58740    0.73361    0.08489
1559.94617    0.96304    0.08742
1560.30591    1.28753    0.09445
1560.66479    1.03138    0.09186
1561.02466    0.87682    0.08792
1561.38391    1.06706    0.09511
1561.74304    1.09705    0.09522
1562.10315    1.01321    0.09526
1562.46240    0.92019    0.09487
1562.82275    0.99982    0.09722
1563.18237    0.94418    0.09460
1563.54285    0.84488    0.09508
1563.90247    1.00149    0.09882
1564.26221    0.96277    0.09947
1564.62292    1.10653    0.11000
1564.98291    0.99388    0.10099
1565.34387    0.96117    0.10219
1565.70398    1.13922    0.10737
1566.06506    1.12962    0.10685
1566.42517    0.82262    0.10230
1566.78552    1.02436    0.10189
1567.14685    1.01000    0.10423
1567.50745    0.98978    0.10471
1567.86890    1.10033    0.10667
1568.22949    1.05083    0.10712
1568.59119    0.92620    0.10650
1568.95203    1.03022    0.10518
1569.31299    1.08524    0.11021
1569.67480    0.98822    0.10637
1570.03589    0.93661    0.10750
1570.39807    1.09555    0.11006
1570.75928    1.13353    0.11160
1571.12146    0.97900    0.11115
1571.48291    1.11866    0.11559
1571.84521    1.03500    0.11682
1572.20691    0.82942    0.11242
1572.56860    1.05632    0.11392
1572.93115    1.00868    0.11345
1573.29297    1.10599    0.11793
1573.65588    1.27093    0.11801
1574.01782    1.18588    0.12136
1574.38086    1.02554    0.11779
1574.74304    1.05325    0.11696
1575.10522    0.72707    0.11182
1575.46851    1.08687    0.11797
1575.83093    1.09042    0.12142
1576.19434    0.92361    0.12125
1576.55688    0.90020    0.11918
1576.92053    0.92808    0.11960
1577.28320    1.11619    0.12087
1577.64600    1.01491    0.12089
1578.00989    0.92327    0.12062
1578.37292    0.94624    0.11502
1578.73682    0.99590    0.11673
1579.10010    1.07434    0.11763
1579.46423    1.35036    0.12418
1579.82751    1.09966    0.12034
1580.19104    0.92804    0.11565
1580.55542    0.98674    0.11703
1580.91895    1.06823    0.11721
1581.28357    0.98529    0.11717
1581.64734    0.80663    0.11466
1582.01208    0.76734    0.11324
1582.37610    0.83322    0.11537
1582.73999    0.99754    0.11775
1583.10498    1.05747    0.11719
1583.46924    0.92357    0.11838
1583.83435    1.11620    0.12122
1584.19873    0.81840    0.11731
1584.56396    1.03130    0.12015
1584.92859    1.15805    0.11976
1585.29321    0.98466    0.11690
1585.65869    1.04851    0.11682
1586.02356    0.88040    0.11737
1586.38928    0.96041    0.12026
1586.75415    1.03228    0.12308
1587.12012    1.03824    0.12088
1587.48523    1.02761    0.11980
1587.85034    1.01609    0.11852
1588.21655    0.99876    0.12455
1588.58191    0.79376    0.11984
1588.94824    0.85674    0.11993
1589.31384    0.96189    0.11616
1589.68018    0.90004    0.11518
1590.04590    0.85974    0.11289
1590.41174    1.00951    0.11677
1590.77856    0.97219    0.11878
1591.14441    1.14535    0.12130
1591.51147    1.14969    0.12126
1591.87756    1.02474    0.11708
1592.24451    1.13715    0.12040
1592.61096    0.81798    0.11613
1592.97729    0.96803    0.11658
1593.34448    0.88267    0.11341
1593.71118    0.93256    0.11337
1594.07861    1.23242    0.12339
1594.44531    1.25871    0.12147
1594.81299    1.15782    0.11657
1595.17993    1.08834    0.11596
1595.54688    0.99533    0.11730
1595.91479    0.89377    0.11171
1596.28198    0.91571    0.11150
1596.65002    1.09689    0.11468
1597.01733    1.06371    0.11349
1597.38562    0.70207    0.11642
1597.75305    0.88900    0.11713
1598.12073    1.04211    0.11408
1598.48926    0.94950    0.11325
1598.85681    1.09434    0.11693
1599.22559    0.96161    0.12043
1599.59351    0.96316    0.12034
1599.96240    0.86291    0.11565
1600.33044    0.93918    0.11303
1600.69946    1.13437    0.11575
1601.06763    1.02609    0.11360
1601.43604    0.95427    0.11293
1601.80530    1.08768    0.11555
1602.17383    0.94166    0.11598
1602.54321    0.86821    0.11436
1602.91199    0.98764    0.11104
1603.28149    0.97835    0.11127
1603.65039    1.06770    0.11356
1604.01929    0.84342    0.11196
1604.38916    0.74416    0.11033
1604.75830    0.84384    0.10883
1605.12830    1.06284    0.11367
1605.49756    1.23795    0.11620
1605.86780    0.95700    0.11305
1606.23730    0.93409    0.10973
1606.60681    0.91301    0.10981
1606.97717    0.88373    0.11442
1607.34692    0.84992    0.12133
1607.71765    0.77803    0.12680
1608.08740    0.95921    0.12732
1608.45825    0.99962    0.11959
1608.82825    0.98184    0.11809
1609.19836    1.01864    0.11740
1609.56946    1.04457    0.11660
1609.93970    0.98177    0.11378
1610.31104    1.06127    0.11186
1610.68140    1.05885    0.11076
1611.05286    1.00427    0.11205
1611.42346    1.08710    0.11124
1611.79419    1.18471    0.11060
1612.16577    1.00662    0.10789
1612.53674    0.87879    0.11069
1612.90857    1.05713    0.12616
1613.27966    0.96446    0.13539
1613.65173    0.94706    0.13599
1614.02283    1.08674    0.13294
1614.39417    0.95362    0.12649
1614.76636    0.92639    0.11428
1615.13794    0.97696    0.11389
1615.51038    0.95635    0.11294
1615.88196    0.84276    0.10805
1616.25464    0.79481    0.10582
1616.62646    0.94058    0.10617
1616.99841    0.99374    0.10616
1617.37122    0.88497    0.10659
1617.74329    0.94042    0.10922
1618.11633    1.09704    0.11250
1618.48865    1.14468    0.12707
1618.86182    1.03414    0.12397
1619.23425    0.94815    0.11918
1619.60681    0.92264    0.11384
1619.98022    1.02241    0.11651
1620.35278    1.09824    0.10937
1620.72656    1.00712    0.11600
1621.09949    0.85911    0.11990
1621.47327    0.98846    0.11901
1621.84631    0.91528    0.10466
1622.21936    1.14118    0.10941
1622.59338    1.22011    0.10771
1622.96667    0.95663    0.10979
1623.34094    0.97252    0.11890
1623.71436    1.43158    0.14453
1624.08875    1.21271    0.22620
1624.46252    0.79750    0.25782
1624.83618    0.85380    0.19373
1625.21082    1.19581    0.14280
1625.58472    1.10414    0.12116
1625.95959    0.89710    0.12444
1626.33362    1.06514    0.12640
1626.70862    1.16420    0.12175
1627.08289    1.03965    0.12069
1627.45715    0.89677    0.12076
1627.83240    0.94541    0.11846
1628.20691    1.01467    0.11706
1628.58240    1.15697    0.11837
1628.95715    0.98647    0.10266
1629.33264    0.93839    0.10404
1629.70752    1.04260    0.10461
1630.08325    0.84505    0.10459
1630.45837    1.06268    0.10379
1630.83337    1.17859    0.10402
1631.20947    0.99723    0.10387
1631.58472    0.73048    0.10555
1631.96094    0.79683    0.11647
1632.33643    1.20036    0.12139
1632.71277    0.91403    0.10272
1633.08838    1.07295    0.10254
1633.46411    1.08262    0.10229
1633.84070    0.98607    0.09921
1634.21655    0.97917    0.09788
1634.59351    0.98662    0.09849
1634.96948    1.17884    0.10193
1635.34656    0.94657    0.09822
1635.72266    0.83047    0.09551
1636.09900    0.96032    0.10073
1636.47632    1.05540    0.10253
1636.85278    0.97399    0.10126
1637.23022    1.12410    0.10260
1637.60693    0.93203    0.09765
1637.98450    0.99596    0.09789
1638.36133    1.19547    0.10414
1638.73828    1.15868    0.10833
1639.11609    0.96339    0.11917
1639.49316    1.07216    0.11657
1639.87122    0.97865    0.10110
1640.24854    1.00928    0.11932
1640.62671    0.93028    0.14217
1641.00415    0.83467    0.14505
1641.38159    1.13233    0.11943
1641.76025    0.96665    0.09900
1642.13794    1.02943    0.09730
1642.51648    1.08599    0.09688
1642.89441    1.05404    0.09572
1643.27332    1.04784    0.09570
1643.65125    1.05116    0.09734
1644.02942    0.81355    0.09542
1644.40857    1.13530    0.10898
1644.78687    1.07706    0.10922
1645.16602    0.78407    0.10500
1645.54456    0.72316    0.10290
1645.92395    0.90514    0.10536
1646.30273    1.24919    0.11112
1646.68140    0.75520    0.12111
1647.06116    0.76326    0.10529
1647.44006    1.09212    0.09611
1647.81995    1.15326    0.09781
1648.19897    1.07203    0.09677
1648.57910    0.91488    0.09190
1648.95825    0.74892    0.08913
1649.33765    0.87737    0.09034
1649.71790    0.96263    0.09282
