1410.28809    1.23823    0.06661
1410.61328    1.25335    0.06752
1410.93787    1.18146    0.06680
1411.26318    1.17031    0.06707
1411.58789    1.23121    0.06670
1411.91248    1.06808    0.06323
1412.23804    1.00068    0.06195
1412.56311    1.08509    0.06393
1412.88867    1.22952    0.06673
1413.21375    1.32948    0.06753
1413.53967    1.19321    0.06576
1413.86487    1.23435    0.06471
1414.19006    1.08995    0.06301
1414.51611    1.06494    0.06388
1414.84167    1.21390    0.06573
1415.16785    1.13172    0.06529
1415.49353    1.25353    0.06646
1415.81982    1.13006    0.06559
1416.14551    1.13058    0.06364
1416.47131    1.11283    0.06287
1416.79797    0.97536    0.05982
1417.12390    0.99519    0.06082
1417.45068    1.12869    0.06283
1417.77673    1.00603    0.06117
1418.10364    1.02266    0.06064
1418.42993    1.04445    0.06146
1418.75623    0.99883    0.06141
1419.08337    1.07578    0.06150
1419.40979    0.91611    0.05907
1419.73718    0.93696    0.05937
1420.06384    1.01998    0.06054
1420.39124    1.01154    0.06104
1420.71802    0.97755    0.06038
1421.04480    1.03263    0.06126
1421.37256    0.92756    0.06087
1421.69958    1.06960    0.06276
1422.02734    1.12609    0.06463
1422.35449    1.05692    0.06439
1422.68250    1.02371    0.06262
1423.00977    1.05150    0.06360
1423.33716    0.94421    0.06211
1423.66541    0.99000    0.06317
1423.99280    1.01477    0.06300
1424.32129    1.03789    0.06331
1424.64893    1.12227    0.06435
1424.97742    1.17543    0.06537
1425.30518    1.08851    0.06526
1425.63318    1.04367    0.06427
1425.96191    1.11395    0.06640
1426.28992    1.07551    0.06414
1426.61877    0.96021    0.06314
1426.94702    1.07330    0.06398
1427.27600    1.12902    0.06490
1427.60449    1.06567    0.06400
1427.93286    1.04539    0.06283
1428.26208    1.04256    0.06280
1428.59070    1.01581    0.06233
1428.92017    1.02672    0.06271
1429.24878    1.06003    0.06263
1429.57837    1.04294    0.06201
1429.90723    1.06041    0.06136
1430.23694    1.03039    0.05997
1430.56604    0.94809    0.05908
1430.89514    1.00348    0.06018
1431.22510    1.20402    0.06341
1431.55432    1.03763    0.06107
1431.88452    0.97664    0.05963
1432.21387    1.04937    0.06048
1432.54407    1.06144    0.06039
1432.87366    1.03987    0.06080
1433.20337    1.14479    0.06138
1433.53381    0.98702    0.06061
1433.86353    1.05271    0.06030
1434.19421    0.99863    0.06044
1434.52417    0.78605    0.05862
1434.85498    1.00254    0.06483
1435.18506    1.03286    0.06942
1435.51514    0.83044    0.07815
1435.84619    0.90952    0.07753
1436.17651    1.04096    0.06350
1436.50769    0.98632    0.05970
1436.83826    0.97174    0.05862
1437.16956    0.98305    0.05810
1437.50012    0.91279    0.05566
1437.83081    0.94069    0.05723
1438.16235    0.96941    0.05607
1438.49329    0.91617    0.05624
1438.82495    0.92364    0.05622
1439.15601    1.02689    0.05745
1439.48779    0.92736    0.05613
1439.81897    0.93511    0.05621
1440.15027    1.02317    0.05854
1440.48230    1.02683    0.05910
1440.81360    1.00289    0.05784
1441.14600    1.14880    0.05962
1441.47754    0.97719    0.05776
1441.80981    0.84101    0.05554
1442.14160    0.87533    0.05568
1442.47339    0.94041    0.05583
1442.80591    0.93639    0.05592
1443.13794    1.04220    0.05796
1443.47058    1.00438    0.05730
1443.80273    0.93883    0.05583
1444.13562    0.90061    0.05362
1444.46790    0.88376    0.05330
1444.80017    0.90538    0.05380
1445.13330    0.96044    0.05469
1445.46582    0.96594    0.05560
1445.79907    0.96192    0.05696
1446.13171    0.99877    0.05730
1446.46521    1.05655    0.06002
1446.79797    1.04019    0.05938
1447.13086    0.91310    0.05623
1447.46448    0.92984    0.05530
1447.79749    0.97162    0.05639
1448.13135    0.90035    0.05451
1448.46448    0.82601    0.05317
1448.79858    0.94793    0.05397
1449.13184    0.95046    0.05491
1449.46521    0.93172    0.05478
1449.79944    0.93859    0.05580
1450.13293    0.97171    0.05476
1450.46729    0.96015    0.05492
1450.80103    0.86268    0.05274
1451.13562    0.91565    0.05310
1451.46936    0.96427    0.05399
1451.80334    0.90409    0.05359
1452.13806    0.89794    0.05400
1452.47217    0.98779    0.05465
1452.80713    0.96017    0.05308
1453.14136    0.85937    0.05129
1453.47644    0.87654    0.05169
1453.81079    0.91809    0.05183
1454.14526    0.92145    0.05218
1454.48047    0.89662    0.05126
1454.81506    0.89707    0.05107
1455.15063    0.97821    0.05184
1455.48535    0.85350    0.05174
1455.82104    0.94310    0.05184
1456.15588    0.97987    0.05300
1456.49170    0.83990    0.05059
1456.82678    0.95267    0.05306
1457.16187    1.01148    0.05390
1457.49780    0.99206    0.05321
1457.83325    1.02195    0.05345
1458.16943    0.99868    0.05313
1458.50488    0.89292    0.05160
1458.84119    0.90237    0.05160
1459.17676    1.00748    0.05329
1459.51257    0.93819    0.05169
1459.84900    0.88390    0.05235
1460.18481    0.94249    0.05252
1460.52161    1.00262    0.05391
1460.85754    0.94232    0.05267
1461.19434    0.97946    0.05318
1461.53052    0.97847    0.05319
1461.86682    0.87932    0.05141
1462.20398    0.90629    0.05166
1462.54028    1.05461    0.05427
1462.87756    1.00076    0.05388
1463.21411    0.95623    0.05390
1463.55139    0.89617    0.05148
1463.88818    0.92363    0.05306
1464.22485    0.94441    0.05244
1464.56262    0.89661    0.05215
1464.89954    0.90352    0.05239
1465.23730    0.96922    0.05323
1465.57446    0.93993    0.05233
1465.91223    0.91309    0.05255
1466.24963    0.92186    0.05205
1466.58691    0.93721    0.05295
1466.92493    0.94344    0.05281
1467.26245    0.94765    0.05393
1467.60083    1.03309    0.05452
1467.93860    0.99019    0.05390
1468.27698    0.95232    0.05294
1468.61475    1.01669    0.05409
1468.95264    1.00591    0.05386
1469.29138    0.99093    0.05235
1469.62939    0.89350    0.05029
1469.96826    0.98862    0.05222
1470.30652    1.03879    0.05269
1470.64539    0.94765    0.05251
1470.98376    1.02442    0.05260
1471.32214    0.91159    0.05225
1471.66138    1.02024    0.05261
1472.00000    1.04223    0.05322
1472.33960    0.95993    0.05125
1472.67810    0.94782    0.05155
1473.01770    1.00934    0.05340
1473.35657    0.96955    0.05233
1473.69568    0.98259    0.05265
1474.03540    0.98019    0.05273
1474.37451    0.92867    0.05198
1474.71448    0.91480    0.05214
1475.05371    1.00231    0.05237
1475.39392    0.94819    0.05258
1475.73340    1.01209    0.05391
1476.07275    1.09616    0.05466
1476.41321    1.05982    0.05520
1476.75281    0.96169    0.05465
1477.09326    0.99625    0.05487
1477.43323    1.03615    0.05490
1477.77393    0.94182    0.05320
1478.11377    0.89995    0.05225
1478.45386    0.90252    0.05178
1478.79468    0.90040    0.05166
1479.13501    0.94355    0.05217
1479.47620    0.93373    0.05259
1479.81641    1.00122    0.05221
1480.15771    0.89021    0.05124
1480.49817    0.92218    0.05107
1480.83887    1.11566    0.05341
1481.18018    0.93611    0.05098
1481.52100    1.02212    0.05184
1481.86267    0.95727    0.05055
1482.20349    0.83426    0.04929
1482.54529    0.85855    0.04894
1482.88647    0.94336    0.04948
1483.22827    0.81863    0.04743
1483.56958    0.81041    0.04763
1483.91089    0.86944    0.04817
1484.25305    0.86022    0.04958
1484.59448    0.81947    0.04670
1484.93677    0.80879    0.04767
1485.27844    0.78165    0.04596
1485.62097    0.70803    0.04496
1485.96265    0.65614    0.04394
1486.30444    0.60088    0.04330
1486.64722    0.59759    0.04331
1486.98926    0.61804    0.04381
1487.33215    0.54554    0.04159
1487.67432    0.59611    0.04187
1488.01733    0.58969    0.04304
1488.35974    0.55397    0.04089
1488.70203    0.55839    0.04096
1489.04541    0.55954    0.03971
1489.38794    0.49049    0.03959
1489.73145    0.59952    0.04084
1490.07410    0.51932    0.03948
1490.41772    0.48747    0.03916
1490.76062    0.54705    0.04030
1491.10339    0.62086    0.04265
1491.44739    0.70965    0.04399
1491.79041    0.69927    0.04392
1492.13452    0.74631    0.04483
1492.47778    0.72098    0.04517
1492.82178    0.74846    0.04636
1493.16541    0.82345    0.04632
1493.50879    0.71273    0.04603
1493.85327    0.86807    0.04720
1494.19678    0.92943    0.04898
1494.54138    0.86838    0.04779
1494.88513    0.84474    0.04705
1495.22998    0.86237    0.04678
1495.57385    0.78260    0.04561
1495.91797    0.89683    0.04822
1496.26294    0.96306    0.04929
1496.60718    0.88314    0.04695
1496.95227    0.78931    0.04538
1497.29663    0.79672    0.04554
1497.64185    0.83287    0.04584
1497.98657    0.80019    0.04539
1498.33118    0.81397    0.04577
1498.67664    0.81811    0.04504
1499.02136    0.81562    0.04507
1499.36707    0.81436    0.04399
1499.71204    0.74933    0.04283
1500.05786    0.63478    0.04124
1500.40283    0.73049    0.04364
1500.74805    0.73907    0.04362
1501.09412    0.60351    0.04212
1501.43945    0.42525    0.03702
1501.78577    0.23765    0.03288
1502.13123    0.15732    0.02983
1502.47754    0.14525    0.02883
1502.82324    0.19109    0.03074
1503.16882    0.21884    0.03288
1503.51550    0.17629    0.03218
1503.86133    0.12594    0.03037
1504.20825    0.14951    0.02952
1504.55420    0.14446    0.02898
1504.90112    0.15816    0.02969
1505.24744    0.23982    0.03180
1505.59363    0.30050    0.03260
1505.94080    0.20356    0.03317
1506.28735    0.18789    0.03347
1506.63452    0.16611    0.03242
1506.98120    0.28720    0.03457
1507.32886    0.50786    0.03901
1507.67554    0.72903    0.04439
1508.02234    0.93530    0.04792
1508.37012    0.94101    0.04800
1508.71716    0.88051    0.04669
1509.06506    0.90260    0.04619
1509.41211    0.96526    0.04770
1509.76013    0.98093    0.04800
1510.10754    0.97974    0.04891
1510.45581    1.04778    0.04916
1510.80310    1.05486    0.04905
1511.15076    1.04323    0.04849
1511.49927    1.03720    0.04828
1511.84705    1.01485    0.04837
1512.19568    0.98175    0.04742
1512.54358    1.03000    0.04832
1512.89233    1.00463    0.04821
1513.24036    1.04717    0.04881
1513.58850    1.07082    0.04950
1513.93738    0.99299    0.04749
1514.28577    0.97066    0.04699
1514.63489    0.99406    0.04746
1514.98340    1.02724    0.04760
1515.33264    1.07725    0.04819
1515.68140    1.05364    0.04758
1516.03003    0.99360    0.04699
1516.37964    1.09346    0.04837
1516.72839    1.11037    0.04915
1517.07825    0.99538    0.04706
1517.42712    0.95873    0.04661
1517.77710    1.02814    0.04682
1518.12622    1.08605    0.04727
1518.47559    1.04164    0.04649
1518.82568    0.93317    0.04535
1519.17517    1.01505    0.04642
1519.52527    1.00110    0.04634
1519.87500    0.95891    0.04517
1520.22546    1.00909    0.04501
1520.57507    0.98854    0.04484
1520.92493    1.03142    0.04514
1521.27576    1.07097    0.04551
1521.62573    1.05705    0.04466
1521.97656    1.00086    0.04450
1522.32666    0.94865    0.04294
1522.67773    0.95244    0.04329
1523.02808    1.02600    0.04408
1523.37842    0.96951    0.04364
1523.72961    1.01679    0.04374
1524.08020    1.07671    0.04469
1524.43164    0.98777    0.04315
1524.78235    0.91295    0.04224
1525.13403    1.02320    0.04291
1525.48486    1.07469    0.04467
1525.83569    0.95468    0.04069
1526.18762    0.83572    0.03993
1526.53882    0.75408    0.03683
1526.89062    0.48235    0.03179
1527.24207    0.37108    0.03023
1527.59412    0.51410    0.03328
1527.94568    0.71651    0.03724
1528.29700    0.83866    0.03965
1528.64954    0.83438    0.03917
1529.00110    0.72512    0.03753
1529.35364    0.64544    0.03566
1529.70557    0.47280    0.03332
1530.05835    0.48388    0.03415
1530.41028    0.66959    0.03797
1530.76245    0.86914    0.04189
1531.11536    1.03492    0.04520
1531.46765    1.03032    0.04603
1531.82068    1.15127    0.04691
1532.17310    1.14085    0.04706
1532.52637    1.03344    0.04532
1532.87891    1.00345    0.04504
1533.23169    1.01476    0.04474
1533.58521    1.06921    0.04474
1533.93811    0.88343    0.04184
1534.29175    0.68654    0.03826
1534.64465    0.57998    0.03574
1534.99854    0.60216    0.03693
1535.35168    0.85503    0.04173
1535.70496    1.05577    0.04503
1536.05908    1.14063    0.04714
1536.41235    1.12747    0.04564
1536.76672    0.86329    0.04098
1537.12024    0.49259    0.03431
1537.47473    0.58662    0.03633
1537.82837    0.87281    0.04032
1538.18311    1.03564    0.04425
1538.53687    1.13522    0.04535
1538.89075    1.10528    0.04398
1539.24561    0.92002    0.04065
1539.59973    0.81843    0.03871
1539.95483    0.91106    0.03975
1540.30908    1.02360    0.04172
1540.66431    0.90620    0.03923
1541.01880    0.76381    0.03707
1541.37317    0.83731    0.03820
1541.72852    0.97579    0.04099
1542.08325    1.04936    0.04211
1542.43896    1.08721    0.04247
1542.79370    1.10088    0.04208
1543.14941    0.99869    0.04008
1543.50452    0.85741    0.03773
1543.85962    0.94305    0.03804
1544.21570    0.97159    0.03922
1544.57080    1.13209    0.04135
1544.92712    1.13128    0.04123
1545.28247    1.07257    0.04183
1545.63879    1.09649    0.04653
1545.99438    1.01298    0.05083
1546.34998    1.11427    0.04916
1546.70654    1.09399    0.04378
1547.06250    1.14633    0.04749
1547.41919    1.15774    0.04693
1547.77502    1.04319    0.04502
1548.13196    1.08763    0.03893
1548.48816    1.04459    0.03867
1548.84436    1.12453    0.03921
1549.20166    1.04839    0.03835
1549.55798    0.96992    0.03767
1549.91528    1.03655    0.03782
1550.27185    0.94292    0.03705
1550.62927    1.00636    0.03733
1550.98596    0.97627    0.03770
1551.34290    1.01421    0.03847
1551.70056    1.02038    0.03878
1552.05762    0.94170    0.03794
1552.41541    1.04920    0.03904
1552.77258    0.95082    0.03836
1553.13062    0.96569    0.03893
1553.48804    0.98245    0.03901
1553.84521    0.97473    0.03947
1554.20374    0.99281    0.03925
1554.56116    0.98561    0.03957
1554.91956    1.01750    0.03984
1555.27734    0.95968    0.03927
1555.63599    0.97041    0.04022
1555.99377    1.02804    0.04171
1556.35181    1.03439    0.04232
1556.71069    1.03432    0.04196
1557.06885    0.96624    0.04148
1557.42786    1.02854    0.04274
1557.78613    1.04391    0.04277
1558.14551    0.99088    0.04266
1558.50391    0.98906    0.04259
1558.86243    1.03554    0.04382
1559.22192    0.97820    0.04322
1559.58057    0.97030    0.04330
1559.94019    1.06097    0.04418
1560.29907    1.08800    0.04532
1560.65894    1.00696    0.04482
1561.01782    1.04895    0.04550
1561.37708    1.02606    0.04559
1561.73706    1.00045    0.04454
1562.09644    0.98228    0.04489
1562.45654    0.97209    0.04406
1562.81592    0.96592    0.04423
1563.17627    0.95273    0.04452
1563.53601    0.97678    0.04481
1563.89563    0.96434    0.04480
1564.25635    1.01209    0.04573
1564.61621    1.07149    0.04678
1564.97693    1.02968    0.04577
1565.33691    0.93533    0.04476
1565.69788    0.97736    0.04512
1566.05811    1.04610    0.04600
1566.41931    1.11706    0.04728
1566.77966    1.06308    0.04620
1567.14001    0.91408    0.04372
1567.50146    0.97218    0.04430
1567.86194    0.99298    0.04611
1568.22351    1.10858    0.04742
1568.58423    1.04612    0.04599
1568.94604    0.92071    0.04313
1569.30688    0.96224    0.04404
1569.66797    1.00675    0.04460
1570.02991    0.94862    0.04392
1570.39111    0.97893    0.04441
1570.75330    0.90905    0.04239
1571.11462    0.91601    0.04380
1571.47693    1.09514    0.04592
1571.83838    1.01870    0.04528
1572.19995    0.96055    0.04456
1572.56262    1.07030    0.04557
1572.92432    1.00827    0.04417
1573.28711    0.92679    0.04319
1573.64905    1.02194    0.04384
1574.01184    0.98216    0.04420
1574.37390    1.04693    0.04486
1574.73621    0.95811    0.04564
1575.09924    0.96749    0.04390
1575.46167    1.00578    0.04508
1575.82495    0.94147    0.04322
1576.18738    1.00606    0.04483
1576.55090    1.01963    0.04513
1576.91345    1.03270    0.04613
1577.27637    0.98855    0.04468
1577.64014    0.98153    0.04511
1578.00293    1.05181    0.04541
1578.36694    0.99861    0.04512
1578.72986    0.94623    0.04388
1579.09412    0.93992    0.04334
1579.45728    0.97485    0.04388
1579.82068    0.99810    0.04432
1580.18494    0.99461    0.04499
1580.54834    1.01181    0.04462
1580.91296    0.94234    0.04383
1581.27661    1.00400    0.04355
1581.64124    0.96875    0.04375
1582.00513    0.95586    0.04341
1582.36914    1.07598    0.04504
1582.73401    0.99381    0.04437
1583.09802    0.99821    0.04440
1583.46301    0.95993    0.04356
1583.82739    0.95308    0.04385
1584.19263    0.95246    0.04327
1584.55701    0.93816    0.04341
1584.92151    1.02863    0.04499
1585.28711    1.01630    0.04434
1585.65173    0.92736    0.04422
1586.01733    0.92091    0.04297
1586.38220    0.95268    0.04391
1586.74817    0.92895    0.04430
1587.11316    0.94795    0.04609
1587.47827    1.05229    0.04741
1587.84436    1.08435    0.04647
1588.20947    1.01732    0.04576
1588.57581    0.95758    0.04472
1588.94141    0.98686    0.04438
1589.30762    1.02611    0.04518
1589.67334    0.98338    0.04454
1590.03894    0.95706    0.04492
1590.40564    0.98788    0.04537
1590.77161    1.01165    0.04728
1591.13843    1.00629    0.04530
1591.50452    1.04986    0.04596
1591.87146    0.96680    0.04454
1592.23767    1.01667    0.04541
1592.60400    1.04099    0.04506
1592.97107    0.98256    0.04444
1593.33765    0.96440    0.04442
1593.70496    1.03844    0.04585
1594.07153    0.97359    0.04501
1594.43921    0.99913    0.04484
1594.80603    0.97805    0.04418
1595.17383    0.98890    0.04461
1595.54077    1.07025    0.04523
1595.90784    0.94231    0.04470
1596.27588    1.04038    0.04514
1596.64307    1.05959    0.04602
1597.01123    1.06032    0.04562
1597.37866    1.04889    0.04519
1597.74695    1.01356    0.04521
1598.11450    1.06975    0.04597
1598.48206    0.99177    0.04459
1598.85083    0.97468    0.04503
1599.21863    0.99280    0.04454
1599.58740    1.00735    0.04516
1599.95544    0.99552    0.04408
1600.32434    0.92855    0.04367
1600.69250    0.98023    0.04399
1601.06067    0.97367    0.04392
1601.42981    0.99534    0.04416
1601.79834    0.98731    0.04359
1602.16772    0.92753    0.04387
1602.53625    1.04367    0.04513
1602.90576    1.05566    0.04537
1603.27441    1.00914    0.04497
1603.64331    0.96971    0.04370
1604.01318    0.97410    0.04451
1604.38220    1.00958    0.04482
1604.75220    1.01449    0.04454
1605.12134    1.00010    0.04415
1605.49146    1.01320    0.04407
1605.86084    0.95226    0.04402
1606.23022    0.91922    0.04379
1606.60059    1.00181    0.04496
1606.97009    0.99411    0.04491
1607.34070    0.97781    0.04567
1607.71057    1.02866    0.04702
1608.08118    1.04820    0.04699
1608.45129    1.04410    0.04531
1608.82117    1.04263    0.04493
1609.19226    0.95800    0.04363
1609.56238    0.96247    0.04370
1609.93359    1.00358    0.04494
1610.30383    1.01730    0.04461
1610.67529    1.02047    0.04583
1611.04578    0.99540    0.04526
1611.41650    0.88252    0.04390
1611.78796    1.04168    0.04535
1612.15869    1.02607    0.04554
1612.53052    0.97899    0.04562
1612.90149    1.01083    0.04547
1613.27344    1.03903    0.04557
1613.64453    1.01044    0.04467
1614.01587    1.02606    0.04454
1614.38794    1.02548    0.04419
1614.75940    0.99906    0.04451
1615.13171    0.99943    0.04465
1615.50342    1.03478    0.04554
1615.87585    1.00922    0.04409
1616.24744    0.97230    0.04321
1616.61951    1.00947    0.04388
1616.99207    1.06659    0.04540
1617.36414    1.06178    0.04522
1617.73706    0.98512    0.04308
1618.10925    0.93579    0.04317
1618.48242    0.97548    0.04405
1618.85474    0.97646    0.04439
1619.22705    1.02298    0.04465
1619.60059    1.00538    0.04410
1619.97314    0.91360    0.04262
1620.34668    1.08314    0.04564
1620.71948    0.99132    0.04388
1621.09314    0.97132    0.04398
1621.46606    1.01434    0.04406
1621.84009    1.00799    0.04381
1622.21313    0.95577    0.04319
1622.58630    0.96697    0.04298
1622.96045    0.95860    0.04360
1623.33386    1.01482    0.04426
1623.70813    0.99622    0.04406
1624.08167    0.95040    0.04390
1624.45618    0.97923    0.04462
1624.82983    0.95136    0.04332
1625.20374    0.93380    0.04299
1625.57849    0.97512    0.04294
1625.95239    1.00970    0.04350
1626.32727    0.96305    0.04246
1626.70154    0.91999    0.04228
1627.07666    1.06860    0.04407
1627.45081    0.97381    0.04413
1627.82520    0.95158    0.04379
1628.20068    0.97347    0.04344
1628.57520    0.97256    0.04280
1628.95081    0.96591    0.04292
1629.32556    0.97042    0.04322
1629.70117    0.98878    0.04395
1630.07617    1.00206    0.04319
1630.45117    0.94779    0.04403
1630.82715    0.96239    0.04266
1631.20227    1.07898    0.04531
1631.57837    0.99075    0.04378
1631.95386    1.07387    0.04526
1632.33020    1.02199    0.04377
1632.70557    0.95490    0.04281
1633.08118    1.00542    0.04382
1633.45789    1.07975    0.04495
1633.83362    0.99462    0.04402
1634.21045    1.02490    0.04422
1634.58643    1.06284    0.04521
1634.96326    1.02146    0.04484
1635.33936    0.98460    0.04536
1635.71570    1.00580    0.04482
1636.09277    0.94121    0.04352
1636.46912    0.96817    0.04356
1636.84644    1.01989    0.04464
1637.22314    1.01154    0.04437
1637.60059    1.02894    0.04472
1637.97729    1.08287    0.04469
1638.35413    0.94812    0.04337
1638.73193    1.02988    0.04385
1639.10901    1.08582    0.04495
1639.48706    1.04631    0.04499
1639.86401    0.97029    0.04343
1640.24219    0.93947    0.04347
1640.61951    0.98529    0.04380
1640.99707    0.99967    0.04335
1641.37549    1.00679    0.04463
1641.75293    0.99341    0.04357
1642.13147    1.00559    0.04427
1642.50940    1.03397    0.04400
1642.88806    0.93918    0.04257
1643.26611    0.97935    0.04342
1643.64404    0.94205    0.04253
1644.02307    0.95537    0.04307
1644.40125    0.98166    0.04308
1644.78052    0.93032    0.04265
1645.15894    0.98641    0.04321
1645.53833    0.95579    0.04261
1645.91687    0.91292    0.04156
1646.29541    0.87397    0.04200
1646.67505    0.91643    0.04222
1647.05396    1.01277    0.04381
1647.43372    0.92513    0.04292
1647.81274    1.02180    0.04431
1648.19275    1.09845    0.04586
1648.57178    1.05655    0.04451
1648.95105    0.99083    0.04352
1649.33130    0.98612    0.04293
1649.71069    0.94849    0.04324
