1410.02441    1.74599    0.38080
1410.34961    1.53982    0.38713
1410.67407    1.40953    0.37435
1410.99939    1.44580    0.37787
1411.32397    1.21720    0.36901
1411.64941    1.39458    0.37399
1411.97412    1.86735    0.37959
1412.29895    1.53831    0.36659
1412.62463    1.39748    0.35813
1412.94958    1.22649    0.34908
1413.27551    1.29226    0.37497
1413.60059    2.46123    0.39227
1413.92651    1.31232    0.37169
1414.25183    1.46903    0.35208
1414.57715    1.31738    0.34467
1414.90332    1.01780    0.33735
1415.22888    1.35183    0.34485
1415.55518    1.30973    0.34540
1415.88086    0.50936    0.33663
1416.20728    1.38667    0.34401
1416.53320    1.51310    0.36292
1416.85901    1.20945    0.34574
1417.18567    1.68342    0.35748
1417.51172    2.03294    0.36797
1417.83862    1.60465    0.35073
1418.16479    1.45029    0.32960
1418.49182    1.11753    0.31989
1418.81812    0.89906    0.31351
1419.14453    1.25498    0.33039
1419.47180    1.62063    0.34547
1419.79834    0.89150    0.32139
1420.12573    0.74314    0.30639
1420.45239    0.74881    0.30469
1420.78003    1.14954    0.31459
1421.10693    1.69133    0.32251
1421.43384    1.22376    0.30438
1421.76160    1.40159    0.30814
1422.08862    1.12494    0.29706
1422.41663    1.33390    0.30184
1422.74377    1.62509    0.31203
1423.07190    1.51967    0.31837
1423.39929    1.67828    0.32019
1423.72668    1.46674    0.31167
1424.05505    1.34984    0.30680
1424.38269    1.33921    0.31518
1424.71106    0.90093    0.29047
1425.03882    0.49006    0.29144
1425.36743    1.15406    0.29615
1425.69531    0.38700    0.28489
1426.02332    0.30813    0.27137
1426.35217    0.69636    0.27495
1426.68030    0.91146    0.28431
1427.00928    0.86032    0.28148
1427.33752    0.93771    0.28717
1427.66675    1.25925    0.28897
1427.99512    0.92327    0.27888
1428.32446    1.15398    0.29157
1428.65295    1.26968    0.29637
1428.98169    0.87519    0.28705
1429.31116    1.25133    0.29517
1429.63989    0.95057    0.30112
1429.96960    2.11554    0.37749
1430.29858    1.23475    0.37072
1430.62842    0.09616    0.29378
1430.95764    0.88096    0.30530
1431.28674    1.11985    0.31423
1431.61682    1.22550    0.31576
1431.94617    1.16996    0.30836
1432.27637    0.91222    0.29950
1432.60583    0.93668    0.29708
1432.93628    1.30368    0.29838
1433.26587    1.22103    0.30313
1433.59558    0.79626    0.28322
1433.92615    0.63942    0.27288
1434.25610    0.93413    0.28044
1434.58667    1.33920    0.29452
1434.91675    1.10258    0.28226
1435.24768    0.17974    0.27101
1435.57788    1.16236    0.29247
1435.90808    0.85819    0.29569
1436.23926    0.90569    0.29101
1436.56970    1.12616    0.28472
1436.90088    0.99280    0.28759
1437.23145    1.43090    0.28347
1437.56287    0.54779    0.26807
1437.89355    0.64855    0.26246
1438.22437    1.04133    0.27027
1438.55603    1.12822    0.27335
1438.88696    0.88583    0.26588
1439.21875    0.52072    0.25738
1439.54980    0.96083    0.25999
1439.88184    1.14867    0.27294
1440.21301    0.93057    0.26308
1440.54431    0.91226    0.26055
1440.87659    1.12025    0.26228
1441.20801    0.84881    0.25847
1441.54041    1.11610    0.25655
1441.87195    0.77808    0.24828
1442.20447    0.81046    0.25035
1442.53625    1.00503    0.25627
1442.86804    0.89075    0.25713
1443.20081    0.93846    0.25493
1443.53284    0.62947    0.23759
1443.86572    0.68249    0.24153
1444.19788    1.27444    0.25890
1444.53088    1.27690    0.25721
1444.86316    0.63292    0.24169
1445.19568    1.00506    0.24037
1445.52893    0.90059    0.24246
1445.86133    0.84221    0.23715
1446.19482    0.88193    0.23981
1446.52747    0.86101    0.23439
1446.86108    0.73323    0.23910
1447.19397    0.67345    0.24193
1447.52686    0.88794    0.24509
1447.86060    1.00432    0.24186
1448.19373    0.64268    0.22071
1448.52759    0.27407    0.21709
1448.86084    0.40018    0.21569
1449.19507    0.75671    0.22551
1449.52844    0.97926    0.22889
1449.86182    0.73926    0.22417
1450.19617    0.47602    0.21851
1450.52979    0.66970    0.22270
1450.86438    1.06779    0.23494
1451.19812    0.88590    0.22608
1451.53271    0.81855    0.22089
1451.86670    0.38584    0.20870
1452.20068    0.41378    0.21012
1452.53552    0.79032    0.21719
1452.86963    1.03709    0.22223
1453.20471    1.16093    0.22945
1453.53894    0.66022    0.21742
1453.87427    0.91350    0.23202
1454.20862    0.70026    0.21911
1454.54395    0.69950    0.22151
1454.87854    1.24955    0.23448
1455.21326    0.64728    0.22595
1455.54883    0.65568    0.21785
1455.88367    0.88889    0.22764
1456.21948    0.79259    0.22266
1456.55444    0.89835    0.23571
1456.89026    1.16123    0.22978
1457.22546    0.56716    0.22621
1457.56067    1.03923    0.23317
1457.89673    0.57403    0.22868
1458.23218    0.51921    0.22658
1458.56848    0.51072    0.22360
1458.90405    0.28645    0.23424
1459.24036    1.12665    0.24936
1459.57605    0.33513    0.28398
1459.91187    0.99540    0.28579
1460.24854    1.05522    0.25133
1460.58447    0.86443    0.24281
1460.92126    1.19041    0.25093
1461.25745    0.44942    0.23396
1461.59436    0.21070    0.22444
1461.93054    0.60410    0.23150
1462.26685    0.82345    0.22962
1462.60400    0.65404    0.22511
1462.94055    0.43973    0.21957
1463.27795    0.51876    0.22501
1463.61450    0.76340    0.22521
1463.95203    0.43747    0.20355
1464.28882    0.34012    0.19890
1464.62573    0.57024    0.20323
1464.96338    0.70734    0.20475
1465.30042    0.70523    0.20471
1465.63831    0.71663    0.20196
1465.97559    0.64100    0.20657
1466.31348    0.62272    0.19338
1466.65088    0.78858    0.20405
1466.98828    0.79627    0.19423
1467.32654    0.24492    0.18534
1467.66406    0.57941    0.18672
1468.00256    0.60668    0.18515
1468.34033    0.50073    0.18366
1468.67883    0.32144    0.17589
1469.01672    0.12130    0.17221
1469.35474    0.37454    0.18150
1469.69348    0.85661    0.19110
1470.03162    0.40279    0.17678
1470.37061    0.40076    0.17845
1470.70886    0.63491    0.18728
1471.04797    0.36591    0.18159
1471.38635    0.21669    0.18621
1471.72485    0.16173    0.18968
1472.06421    0.25707    0.19340
1472.40283    0.43338    0.19771
1472.74243    0.48839    0.19897
1473.08118    0.39193    0.19703
1473.42090    0.38352    0.19685
1473.75989    0.31848    0.19592
1474.09900    0.20655    0.19280
1474.43884    0.37893    0.19655
1474.77808    0.62646    0.19877
1475.11816    0.59061    0.19594
1475.45740    0.40559    0.19444
1475.79773    0.41476    0.19025
1476.13721    0.10377    0.18195
1476.47681    0.01582    0.17273
1476.81726    0.12896    0.17519
1477.15698    0.19997    0.17811
1477.49768    0.37319    0.18018
1477.83752    0.27452    0.17982
1478.17834    0.53236    0.18681
1478.51843    0.30986    0.17987
1478.85925   -0.11882    0.16916
1479.19958    0.08282    0.17003
1479.53979    0.56888    0.17923
1479.88098   -0.24247    0.15675
1480.22144    0.24361    0.17311
1480.56274    0.58362    0.17335
1480.90344    0.23415    0.16275
1481.24487   -0.00927    0.15539
1481.58569    0.21236    0.15802
1481.92651    0.17973    0.16059
1482.26819    0.36430    0.16041
1482.60913    0.55829    0.17449
1482.95105    0.50238    0.17200
1483.29224    0.33103    0.17589
1483.63428    0.41626    0.17415
1483.97559    0.37487    0.17503
1484.31689    0.35731    0.17895
1484.65930    0.22771    0.18223
1485.00085    0.28666    0.17750
1485.34326    0.48550    0.18812
1485.68494    0.13604    0.17156
1486.02747    0.28476    0.17749
1486.36938    0.48805    0.18535
1486.71130    0.66717    0.19229
1487.05408    0.37508    0.17766
1487.39624   -0.03301    0.17592
1487.73926    0.64183    0.18411
1488.08142    0.13378    0.17563
1488.42468    0.32390    0.17441
1488.76709    0.52767    0.18737
1489.10950    0.53088    0.18966
1489.45288    0.56266    0.19108
1489.79565    0.34866    0.18808
1490.13916    0.39556    0.18708
1490.48193    0.27817    0.18107
1490.82556    0.46318    0.18665
1491.16858    0.57394    0.18575
1491.51172    0.30524    0.17881
1491.85559    0.45990    0.18413
1492.19873    0.81431    0.20104
1492.54285    0.62898    0.19535
1492.88623    0.36758    0.18688
1493.23047    0.48685    0.19209
1493.57397    0.71164    0.20055
1493.91760    0.38627    0.19445
1494.26208    0.42405    0.18931
1494.60583    0.73989    0.19185
1494.95044    0.74532    0.19949
1495.29443    0.59384    0.19392
1495.63916    0.65954    0.19331
1495.98328    0.71787    0.19121
1496.32739    0.51805    0.19139
1496.67249    0.41573    0.19023
1497.01685    0.50639    0.19393
1497.36194    0.66034    0.19795
1497.70642    0.67699    0.19761
1498.05176    0.51083    0.19247
1498.39648    0.55545    0.19263
1498.74109    0.72947    0.19616
1499.08679    0.64630    0.19510
1499.43164    0.66143    0.19447
1499.77747    0.77977    0.19066
1500.12244    0.23084    0.18009
1500.46838    0.65037    0.18694
1500.81348    0.50810    0.18221
1501.15881    0.32408    0.18089
1501.50500    0.55319    0.18896
1501.85034    0.85131    0.19830
1502.19666    0.75033    0.20221
1502.54224    0.94003    0.19858
1502.88867    0.55205    0.18918
1503.23450    0.35919    0.17189
1503.58032    0.62654    0.18189
1503.92700    0.81977    0.18496
1504.27295    0.61349    0.18070
1504.61987    0.92727    0.18175
1504.96594    0.73982    0.17819
1505.31311    0.68741    0.17654
1505.65942    0.81975    0.17977
1506.00659    0.80026    0.17988
1506.35303    0.77984    0.17540
1506.69958    0.43278    0.16204
1507.04700    0.77331    0.17315
1507.39368    1.07041    0.18197
1507.74133    0.84903    0.17353
1508.08813    0.64663    0.17308
1508.43591    1.08547    0.17680
1508.78296    0.50150    0.17088
1509.13000    0.93422    0.17680
1509.47803    1.06116    0.18851
1509.82520    0.73675    0.17692
1510.17346    0.78221    0.18321
1510.52075    0.97268    0.19277
1510.86914    0.98343    0.20767
1511.21667    0.75812    0.21945
1511.56433    0.86378    0.21996
1511.91296    1.02234    0.21255
1512.26074    0.88282    0.19414
1512.60950    0.91308    0.18457
1512.95752    0.78824    0.17712
1513.30627    1.25974    0.18489
1513.65454    1.16772    0.17496
1514.00269    0.72243    0.16565
1514.35181    0.76386    0.16173
1514.70020    0.94654    0.16361
1515.04944    1.01979    0.16574
1515.39807    1.05278    0.16445
1515.74744    0.96516    0.16305
1516.09619    0.93681    0.16343
1516.44495    1.07773    0.16390
1516.79456    1.10445    0.16642
1517.14355    1.07568    0.16486
1517.49341    0.82935    0.15918
1517.84253    0.88873    0.15991
1518.19250    1.21965    0.16355
1518.54175    1.36798    0.16681
1518.89111    1.18156    0.16265
1519.24133    1.01222    0.15371
1519.59094    1.02651    0.15102
1519.94128    1.08092    0.15235
1520.29089    1.11992    0.14991
1520.64148    1.10972    0.14566
1520.99133    0.98525    0.13992
1521.34119    1.08428    0.13925
1521.69202    1.02857    0.13838
1522.04211    1.18827    0.14299
1522.39307    1.30499    0.14369
1522.74329    1.16291    0.14339
1523.09448    1.29968    0.14356
1523.44482    1.13616    0.14267
1523.79529    1.25912    0.14053
1524.14673    1.39163    0.13772
1524.49731    1.39099    0.13734
1524.84888    1.29997    0.13369
1525.19971    1.06516    0.12625
1525.55139    0.95653    0.12042
1525.90234    1.23939    0.12367
1526.25342    1.16500    0.11917
1526.60535    1.04530    0.11701
1526.95654    1.29182    0.11901
1527.30859    1.19528    0.11463
1527.66003    1.09690    0.10936
1528.01233    0.92087    0.10520
1528.36377    0.95522    0.10341
1528.71545    1.02418    0.10522
1529.06787    0.96540    0.10247
1529.41968    1.10025    0.10462
1529.77234    0.94951    0.09946
1530.12427    0.91646    0.09708
1530.47717    1.00730    0.09824
1530.82922    1.05008    0.09734
1531.18140    1.02828    0.09702
1531.53442    1.09743    0.09539
1531.88672    0.99431    0.09347
1532.24011    1.18332    0.09510
1532.59253    1.01673    0.09177
1532.94592    0.92811    0.08960
1533.29858    1.24895    0.09498
1533.65210    0.95480    0.08997
1534.00500    1.07728    0.09033
1534.35779    0.95643    0.08873
1534.71155    0.95461    0.08709
1535.06482    1.03150    0.08798
1535.41870    0.97641    0.08629
1535.77197    1.08732    0.08804
1536.12610    1.10429    0.08798
1536.47949    1.02177    0.08517
1536.83301    1.01449    0.08594
1537.18726    1.03892    0.08531
1537.54089    0.98720    0.08356
1537.89551    0.92020    0.08046
1538.24927    0.77574    0.07878
1538.60400    0.97094    0.07914
1538.95789    1.00619    0.08465
1539.31201    0.92788    0.08068
1539.66699    1.01101    0.08422
1540.02112    0.97806    0.08347
1540.37634    0.99936    0.08439
1540.73071    0.96389    0.08367
1541.08582    0.90295    0.08307
1541.44055    0.91141    0.08263
1541.79504    1.02177    0.08373
1542.15063    1.12236    0.08638
1542.50537    1.06108    0.08569
1542.86096    0.96489    0.08557
1543.21606    1.04480    0.08597
1543.57178    1.05427    0.08742
1543.92700    0.92898    0.08646
1544.28223    1.20522    0.08961
1544.63818    1.03205    0.08723
1544.99353    0.99045    0.08721
1545.34985    1.05513    0.08984
1545.70544    1.07084    0.08976
1546.06177    0.95010    0.08639
1546.41748    0.76244    0.08615
1546.77319    1.20211    0.09465
1547.12988    1.08462    0.09134
1547.48584    1.02748    0.09119
1547.84265    1.05061    0.08861
1548.19885    0.90777    0.09061
1548.55566    1.18601    0.09287
1548.91199    0.94564    0.09110
1549.26831    0.87022    0.08971
1549.62549    1.02521    0.09455
1549.98193    1.14558    0.09794
1550.33960    1.09457    0.09877
1550.69604    1.04430    0.09714
1551.05359    1.05002    0.10064
1551.41052    0.91331    0.09735
1551.76758    0.82637    0.09595
1552.12524    0.96326    0.10051
1552.48230    1.10110    0.10087
1552.84021    0.81035    0.09927
1553.19751    0.92573    0.10060
1553.55579    0.99045    0.10485
1553.91321    0.94530    0.10781
1554.27063    0.96878    0.10695
1554.62903    1.07013    0.11134
1554.98669    0.97235    0.11264
1555.34521    0.85661    0.11284
1555.70312    0.94732    0.11622
1556.06177    0.98710    0.11464
1556.41968    0.96499    0.11776
1556.77783    0.88873    0.11475
1557.13672    0.59151    0.11253
1557.49500    1.18204    0.12401
1557.85425    0.89300    0.11802
1558.21252    0.71482    0.11794
1558.57190    0.89438    0.11606
1558.93042    0.87179    0.11979
1559.28918    0.94394    0.12301
1559.64856    0.83365    0.12290
1560.00745    1.12732    0.12823
1560.36719    1.18268    0.13215
1560.72595    1.01086    0.13041
1561.08594    0.99323    0.12675
1561.44519    0.80776    0.12190
1561.80518    0.81303    0.12433
1562.16455    0.96551    0.12801
1562.52393    0.87577    0.12427
1562.88428    0.76782    0.12546
1563.24365    0.91895    0.12768
1563.60413    0.88762    0.12775
1563.96399    1.02025    0.12931
1564.32458    0.86550    0.13224
1564.68433    1.00132    0.13376
1565.04431    1.14966    0.13772
1565.40515    0.87396    0.13350
1565.76538    0.92744    0.13561
1566.12634    0.87546    0.13282
1566.48669    0.77595    0.12722
1566.84790    1.05360    0.13856
1567.20837    1.15445    0.13766
1567.56897    0.74790    0.12994
1567.93054    0.96889    0.13093
1568.29114    0.93626    0.13070
1568.65283    1.02568    0.13579
1569.01367    1.13886    0.13678
1569.37537    0.96683    0.13580
1569.73645    0.70000    0.12904
1570.09753    0.99334    0.13300
1570.45959    0.68962    0.12771
1570.82092    0.97795    0.13625
1571.18323    1.08044    0.14244
1571.54456    0.91943    0.14040
1571.90698    1.02927    0.14137
1572.26868    1.05285    0.13985
1572.63025    0.83505    0.13664
1572.99304    0.97397    0.13788
1573.35474    1.06262    0.13884
1573.71765    1.01188    0.13962
1574.07959    1.02088    0.13825
1574.44263    0.92032    0.13989
1574.80481    0.80006    0.13655
1575.16711    0.88896    0.13348
1575.53040    0.85518    0.13237
1575.89282    0.95048    0.13602
1576.25623    1.30148    0.14119
1576.61877    1.04679    0.13782
1576.98242    0.89273    0.13320
1577.34521    0.88861    0.12972
1577.70813    0.88248    0.13449
1578.07190    0.88427    0.13481
1578.43494    0.95724    0.13116
1578.79895    0.98611    0.13168
1579.16211    0.89415    0.13014
1579.52625    0.95709    0.13625
1579.88953    0.81670    0.12854
1580.25305    0.78366    0.12792
1580.61743    1.09189    0.13287
1580.98108    0.93521    0.13348
1581.34570    1.17663    0.13526
1581.70947    0.93500    0.13402
1582.07422    0.97384    0.13175
1582.43811    1.11862    0.13672
1582.80212    0.86589    0.13086
1583.16724    1.04273    0.13400
1583.53137    1.05461    0.13194
1583.89661    0.97913    0.12965
1584.26086    0.89479    0.12773
1584.62610    0.80469    0.12505
1584.99084    0.78833    0.12763
1585.35535    1.01228    0.13421
1585.72095    1.14848    0.13897
1586.08582    0.97621    0.13847
1586.45142    0.99358    0.13785
1586.81653    0.96686    0.13610
1587.18250    0.70245    0.12717
1587.54749    1.06888    0.13541
1587.91272    1.05790    0.13547
1588.27893    0.98815    0.13798
1588.64429    1.18581    0.13612
1589.01062    1.12697    0.13305
1589.37610    0.71716    0.12904
1589.74255    1.21428    0.13385
1590.10840    1.10811    0.13710
1590.47510    1.13666    0.13623
1590.84082    1.20037    0.13724
1591.20679    1.09357    0.13557
1591.57385    1.02533    0.13052
1591.94006    1.26672    0.13754
1592.30713    0.91317    0.12841
1592.67346    0.99753    0.13387
1593.04065    1.28750    0.13732
1593.40723    1.25327    0.13755
1593.77368    0.97140    0.13023
1594.14111    1.06503    0.12987
1594.50806    0.89286    0.12909
1594.87561    1.21354    0.13211
1595.24255    1.08068    0.12912
1595.61035    0.74569    0.12323
1595.97754    0.97250    0.12520
1596.34460    0.94172    0.12739
1596.71277    0.91011    0.12633
1597.07996    0.98285    0.12859
1597.44836    0.94152    0.12957
1597.81580    0.90181    0.12534
1598.18433    1.05718    0.12994
1598.55188    1.13699    0.13037
1598.91968    1.13411    0.13081
1599.28845    1.14378    0.13148
1599.65637    1.03044    0.13000
1600.02515    0.95900    0.12694
1600.39319    0.99655    0.12353
1600.76233    0.75978    0.11913
1601.13049    1.17332    0.12567
1601.49878    1.05548    0.12507
1601.86829    0.85425    0.11911
1602.23682    0.91195    0.12044
1602.60620    1.01959    0.12368
1602.97485    1.05187    0.12594
1603.34448    0.89251    0.12122
1603.71338    1.04573    0.12561
1604.08228    1.02356    0.12428
1604.45215    0.98281    0.12567
1604.82129    1.21699    0.13441
1605.19128    1.02961    0.14371
1605.56055    1.15139    0.14603
1605.93091    1.12358    0.14447
1606.30029    1.12450    0.12475
1606.66980    1.10479    0.12342
1607.04028    0.97508    0.12110
1607.41016    1.13441    0.12498
1607.78064    1.00369    0.12149
1608.15063    1.00662    0.12069
1608.52136    0.99041    0.12216
1608.89148    0.95295    0.12332
1609.26147    0.99282    0.12367
1609.63269    0.89260    0.12083
1610.00293    0.93493    0.11893
1610.37415    0.77742    0.12053
1610.74463    1.08111    0.13054
1611.11609    1.39265    0.13588
1611.48669    1.05408    0.13035
1611.85754    1.07266    0.12605
1612.22913    0.93643    0.12490
1612.60010    1.09113    0.12986
1612.97180    1.20133    0.12958
1613.34290    1.06695    0.12781
1613.71497    0.88519    0.12326
1614.08618    0.90637    0.12454
1614.45764    1.23370    0.12760
1614.82983    1.19464    0.12675
1615.20142    0.87487    0.12139
1615.57373    0.87494    0.12142
1615.94543    1.30308    0.13099
1616.31812    1.20678    0.12528
1616.68994    1.02611    0.12233
1617.06189    1.09120    0.12107
1617.43481    1.15334    0.12122
1617.80676    1.10121    0.12432
1618.17981    1.04670    0.12040
1618.55225    1.01856    0.12073
1618.92542    1.01703    0.12016
1619.29785    0.95223    0.11755
1619.67126    0.87102    0.11663
1620.04382    0.91755    0.11692
1620.41650    1.16977    0.12262
1620.79016    1.38907    0.12625
1621.16309    1.02529    0.11817
1621.53687    0.91030    0.11482
1621.90991    0.90861    0.11261
1622.28394    0.85935    0.11803
1622.65723    0.93343    0.12069
1623.03040    1.21112    0.12678
1623.40466    1.24920    0.12813
1623.77808    1.42092    0.13282
1624.15259    1.31595    0.12950
1624.52625    1.06644    0.12779
1624.90076    1.12037    0.12339
1625.27454    1.12473    0.12056
1625.64856    0.86047    0.11774
1626.02344    1.18816    0.11871
1626.39746    1.17414    0.12242
1626.77258    0.94560    0.12271
1627.14673    1.18495    0.15022
1627.52197    1.07695    0.17962
1627.89636    1.18633    0.18917
1628.27087    0.92392    0.17758
1628.64636    1.06424    0.15709
1629.02112    1.25451    0.13577
1629.39673    0.88138    0.12337
1629.77136    1.13746    0.12322
1630.14722    0.95078    0.12085
1630.52234    1.17716    0.12411
1630.89746    1.24923    0.12327
1631.27356    1.09345    0.12003
1631.64880    1.07221    0.11545
1632.02502    0.82821    0.11409
1632.40051    1.08271    0.11576
1632.77686    0.92371    0.11429
1633.15247    0.90901    0.11434
1633.52832    1.14339    0.11976
1633.90479    1.08688    0.11844
1634.28088    0.85540    0.11543
1634.65759    1.14719    0.12134
1635.03369    1.04599    0.11763
1635.41064    0.94292    0.11428
1635.78699    1.04588    0.11700
1636.16321    1.12031    0.11761
1636.54065    1.20628    0.11898
1636.91699    1.06388    0.11633
1637.29443    1.12728    0.11555
1637.67114    1.11314    0.11610
1638.04883    0.96457    0.11280
1638.42554    0.91296    0.11236
1638.80249    0.90806    0.11202
1639.18042    1.00331    0.11129
1639.55762    1.07838    0.11549
1639.93555    0.98611    0.11521
1640.31287    0.98407    0.11175
1640.69116    1.18400    0.11635
1641.06873    0.95184    0.11176
1641.44617    0.90608    0.11053
1641.82471    0.99501    0.11085
1642.20227    0.89682    0.10862
1642.58105    0.84730    0.10888
1642.95886    1.08007    0.11279
1643.33777    0.97146    0.11406
1643.71582    0.98460    0.11333
1644.09399    1.06045    0.11415
1644.47302    0.97345    0.11196
1644.85144    0.86986    0.11053
1645.23071    0.99767    0.11312
1645.60913    1.11135    0.11486
1645.98853    1.03653    0.11361
1646.36731    0.79799    0.10910
1646.74597    0.82043    0.10862
1647.12585    0.95350    0.11409
1647.50476    0.88418    0.11216
1647.88464    1.03230    0.11403
1648.26367    0.92041    0.11272
1648.64368    0.81017    0.11039
1649.02295    1.01216    0.11385
1649.40332    1.04897    0.11269
1649.78284    0.66969    0.10919
