1410.01270    0.99049    0.10737
1410.33716    1.20313    0.11426
1410.66235    1.27271    0.11624
1410.98682    1.02797    0.10900
1411.31213    1.13469    0.10988
1411.63672    1.03502    0.11032
1411.96240    0.96003    0.10860
1412.28723    1.27031    0.11208
1412.61206    1.30161    0.11806
1412.93787    1.08074    0.11510
1413.26294    1.04650    0.11127
1413.58875    1.04013    0.11235
1413.91406    0.92477    0.11239
1414.23999    0.99991    0.11142
1414.56531    1.14387    0.11089
1414.89087    0.99501    0.10974
1415.21692    0.86391    0.10754
1415.54260    0.99359    0.10823
1415.86914    1.10650    0.10884
1416.19470    1.14440    0.10814
1416.52136    1.15931    0.10621
1416.84717    0.83939    0.10373
1417.17322    0.97228    0.10345
1417.49988    0.94525    0.10359
1417.82605    0.95678    0.10496
1418.15295    1.32506    0.11033
1418.47913    1.21628    0.11210
1418.80627    0.86788    0.10833
1419.13281    0.97295    0.10857
1419.45996    1.13698    0.10819
1419.78662    1.06243    0.10730
1420.11316    0.93366    0.10684
1420.44067    0.93764    0.10656
1420.76733    1.24267    0.10672
1421.09497    0.95555    0.10682
1421.42200    0.94253    0.10455
1421.74976    1.00613    0.10403
1422.07678    0.96649    0.10214
1422.40393    0.83943    0.10327
1422.73181    0.80190    0.10350
1423.05920    0.97693    0.10419
1423.38733    1.17557    0.10555
1423.71484    0.92989    0.10350
1424.04309    0.93913    0.10164
1424.37073    1.00269    0.10059
1424.69836    1.03372    0.10583
1425.02698    0.86452    0.10588
1425.35486    1.23356    0.10954
1425.68347    1.09725    0.10491
1426.01147    0.93416    0.10161
1426.34021    1.05741    0.10171
1426.66833    0.85330    0.10101
1426.99646    0.94459    0.10165
1427.32568    1.02476    0.10124
1427.65393    0.67595    0.09908
1427.98328    0.83160    0.09974
1428.31177    1.03306    0.10252
1428.64099    0.98132    0.10352
1428.96985    0.84605    0.10161
1429.29846    0.83482    0.10091
1429.62805    0.89921    0.09865
1429.95691    0.79053    0.09876
1430.28674    0.59388    0.09534
1430.61560    0.80068    0.09608
1430.94568    0.91762    0.09792
1431.27478    0.87177    0.09966
1431.60400    1.11170    0.10224
1431.93420    0.81421    0.10082
1432.26367    0.91150    0.10098
1432.59399    1.02709    0.10135
1432.92346    1.08667    0.10164
1433.25391    0.99488    0.10000
1433.58362    0.93965    0.10050
1433.91345    1.02743    0.09998
1434.24414    0.99065    0.09797
1434.57410    0.98622    0.09665
1434.90479    1.10315    0.09579
1435.23499    0.74323    0.09479
1435.56592    0.94541    0.09817
1435.89600    1.10928    0.10105
1436.22656    0.79643    0.10090
1436.55762    0.89580    0.10097
1436.88806    1.12594    0.10063
1437.21948    1.08353    0.09884
1437.55017    0.99581    0.09800
1437.88159    0.90854    0.09960
1438.21240    0.75614    0.09914
1438.54321    0.93739    0.10091
1438.87500    0.92291    0.09982
1439.20593    1.02315    0.09790
1439.53784    1.06928    0.09780
1439.86902    0.78045    0.09550
1440.20093    0.78723    0.09525
1440.53247    0.73958    0.09348
1440.86377    0.86422    0.09677
1441.19604    0.94961    0.09868
1441.52759    0.80471    0.10009
1441.85986    1.12583    0.10203
1442.19165    0.96077    0.10056
1442.52429    0.80217    0.10009
1442.85608    1.02806    0.10249
1443.18799    0.89346    0.10292
1443.52075    0.86203    0.10542
1443.85291    0.79037    0.10129
1444.18591    0.99037    0.09930
1444.51794    0.93399    0.09606
1444.85107    0.76542    0.09661
1445.18359    0.81996    0.09965
1445.51685    0.76805    0.09988
1445.84924    0.87648    0.10170
1446.18188    0.81512    0.09838
1446.51550    0.98989    0.09628
1446.84827    1.09945    0.09728
1447.18188    0.75469    0.09554
1447.51477    0.79733    0.09471
1447.84863    1.00919    0.09624
1448.18176    0.88914    0.09683
1448.51477    0.85289    0.09640
1448.84875    0.93343    0.09648
1449.18225    0.90452    0.09683
1449.51636    0.96887    0.09607
1449.84973    0.67516    0.09212
1450.18408    0.83818    0.09188
1450.51782    0.79465    0.09263
1450.85144    0.88789    0.09326
1451.18604    0.80773    0.09366
1451.51978    0.48589    0.09402
1451.85461    0.54292    0.09586
1452.18848    0.67812    0.09717
1452.52344    0.68803    0.09536
1452.85754    0.61960    0.09286
1453.19177    0.45474    0.09120
1453.52686    0.57790    0.09169
1453.86133    0.57957    0.09289
1454.19641    0.63332    0.09476
1454.53101    0.73076    0.09453
1454.86646    0.54075    0.09367
1455.20105    0.69555    0.09291
1455.53589    0.74927    0.09168
1455.87158    0.71013    0.09561
1456.20654    0.72936    0.09458
1456.54236    0.75896    0.08825
1456.87744    0.69467    0.09044
1457.21338    0.51637    0.09187
1457.54858    0.43716    0.09525
1457.88391    0.71309    0.09639
1458.21997    0.62667    0.09386
1458.55554    0.66330    0.09088
1458.89185    0.67924    0.08784
1459.22742    0.79090    0.08617
1459.56396    0.65198    0.08411
1459.89978    0.51875    0.08398
1460.23547    0.72170    0.08661
1460.57227    0.90872    0.08852
1460.90833    0.89356    0.08891
1461.24512    0.78506    0.08819
1461.58142    0.49694    0.08681
1461.91833    0.80995    0.09159
1462.25476    0.95433    0.09273
1462.59106    0.86889    0.08801
1462.92847    0.80087    0.08689
1463.26489    0.71179    0.09153
1463.60229    0.62619    0.09246
1463.93909    0.83684    0.09575
1464.27661    0.95347    0.09998
1464.61340    0.76476    0.09559
1464.95044    0.66740    0.09393
1465.28821    0.65784    0.09145
1465.62524    0.76998    0.09121
1465.96326    0.71841    0.09191
1466.30042    0.80163    0.09530
1466.63855    0.89498    0.09702
1466.97595    0.99112    0.09557
1467.31360    0.83113    0.09093
1467.65186    0.79087    0.08962
1467.98962    0.75024    0.08897
1468.32800    0.72873    0.08998
1468.66577    0.73153    0.09467
1469.00452    0.70339    0.09560
1469.34241    0.88699    0.09236
1469.68042    0.85829    0.09178
1470.01941    0.88399    0.09177
1470.35742    0.84143    0.09223
1470.69653    0.95938    0.09225
1471.03491    0.79813    0.09207
1471.37415    0.76518    0.09114
1471.71265    0.96700    0.09182
1472.05200    0.87656    0.08996
1472.39062    0.70141    0.08770
1472.72937    0.79034    0.08614
1473.06897    0.83398    0.08686
1473.40784    0.80967    0.08693
1473.74756    1.05543    0.08953
1474.08667    0.75891    0.09161
1474.42651    0.73930    0.09139
1474.76575    0.69894    0.09039
1475.10510    0.78886    0.09069
1475.44507    0.89227    0.09122
1475.78455    0.92365    0.09084
1476.12488    0.81666    0.08934
1476.46448    0.80174    0.08895
1476.80493    0.90648    0.09033
1477.14465    0.91387    0.09027
1477.48450    0.93639    0.09005
1477.82532    0.99189    0.09161
1478.16516    0.82772    0.09184
1478.50610    0.95743    0.09514
1478.84619    1.03344    0.10649
1479.18726    0.94222    0.12445
1479.52747    0.91520    0.13518
1479.86792    0.93071    0.12794
1480.20911    0.97988    0.10910
1480.54968    0.98201    0.09686
1480.89111    1.07018    0.09370
1481.23169    1.09945    0.09417
1481.57324    0.84696    0.09372
1481.91406    0.85260    0.09328
1482.25500    0.83512    0.09142
1482.59692    0.72453    0.08918
1482.93799    0.78886    0.08938
1483.27991    0.95110    0.09147
1483.62109    0.99643    0.09245
1483.96313    1.10738    0.09315
1484.30457    0.92456    0.09009
1484.64612    0.59838    0.08551
1484.98828    0.58094    0.08564
1485.33008    0.70499    0.08784
1485.67249    0.58877    0.08919
1486.01440    0.48818    0.08979
1486.35693    0.76660    0.09169
1486.69897    0.88910    0.09193
1487.04089    0.87699    0.08962
1487.38391    0.93627    0.08764
1487.72595    0.97803    0.08540
1488.06909    1.05596    0.08647
1488.41138    0.94316    0.08602
1488.75464    0.94062    0.08583
1489.09705    0.79509    0.08678
1489.43958    0.88378    0.08637
1489.78320    1.08716    0.08662
1490.12585    0.82346    0.08513
1490.46948    1.07538    0.08669
1490.81226    1.00012    0.08680
1491.15625    0.71655    0.08723
1491.49927    1.15696    0.09042
1491.84229    0.93073    0.08951
1492.18640    0.91859    0.08814
1492.52954    1.06732    0.08732
1492.87378    1.07191    0.08818
1493.21716    1.04548    0.08692
1493.56152    0.96122    0.08698
1493.90515    0.99740    0.08788
1494.24878    1.03833    0.08700
1494.59338    0.85938    0.08509
1494.93726    1.05634    0.08617
1495.28198    1.07192    0.08750
1495.62585    0.99496    0.09159
1495.97070    1.00053    0.09286
1496.31494    1.11431    0.08949
1496.65918    0.89850    0.08782
1497.00439    1.05720    0.08683
1497.34875    0.92746    0.08706
1497.69397    0.97441    0.08801
1498.03845    1.01374    0.08733
1498.38391    1.09114    0.08768
1498.72864    1.31089    0.08785
1499.07434    0.92345    0.08591
1499.41919    1.07163    0.08681
1499.76404    1.02649    0.08769
1500.10999    1.06073    0.08965
1500.45496    0.99025    0.09109
1500.80103    1.18314    0.09057
1501.14624    1.15364    0.08935
1501.49243    1.09594    0.08698
1501.83777    0.99151    0.08800
1502.18335    1.03522    0.08774
1502.52966    1.02365    0.08589
1502.87537    0.96506    0.08548
1503.22192    0.99605    0.08485
1503.56787    0.87021    0.08509
1503.91455    0.83060    0.08593
1504.26038    0.73669    0.08570
1504.60645    0.94620    0.08614
1504.95349    1.04331    0.08509
1505.29968    1.06562    0.08228
1505.64685    1.01672    0.08070
1505.99329    0.97544    0.08286
1506.34045    1.00430    0.08554
1506.68701    0.94619    0.08673
1507.03369    0.96023    0.08627
1507.38098    0.95957    0.08264
1507.72791    0.93036    0.08074
1508.07556    1.04444    0.08198
1508.42249    0.91730    0.08158
1508.77026    0.93434    0.08304
1509.11731    1.10526    0.08367
1509.46460    0.85220    0.08113
1509.81274    0.88915    0.08084
1510.15991    0.99815    0.08174
1510.50830    0.93545    0.08080
1510.85571    1.01614    0.08142
1511.20422    0.96813    0.08137
1511.55176    0.90766    0.08119
1511.89954    0.89908    0.07805
1512.24805    1.02695    0.07829
1512.59595    1.15843    0.07783
1512.94482    0.93245    0.07724
1513.29285    1.02239    0.07744
1513.64185    0.94980    0.07767
1513.99011    1.12615    0.07942
1514.33838    1.21368    0.07910
1514.68762    0.88116    0.07752
1515.03601    1.12871    0.07889
1515.38525    1.20984    0.07944
1515.73401    0.99299    0.07756
1516.08350    0.89173    0.07510
1516.43225    1.03310    0.07458
1516.78101    1.07202    0.07378
1517.13086    0.96022    0.07338
1517.47998    0.94427    0.07279
1517.82983    0.89679    0.07426
1518.17896    0.98890    0.07531
1518.52917    0.97618    0.07650
1518.87854    1.07223    0.07699
1519.22791    1.08036    0.07692
1519.57825    1.04679    0.07584
1519.92773    0.97382    0.07443
1520.27820    0.86121    0.07087
1520.62805    0.94501    0.07032
1520.97864    1.00168    0.06942
1521.32861    1.07392    0.07048
1521.67847    1.06007    0.07046
1522.02942    0.95680    0.07065
1522.37964    1.12522    0.07093
1522.73071    1.15584    0.07081
1523.08105    0.99854    0.06874
1523.43213    0.87336    0.06805
1523.78271    0.82612    0.06731
1524.13318    0.87652    0.06913
1524.48450    1.04135    0.06992
1524.83545    1.02845    0.06787
1525.18689    1.07653    0.06830
1525.53772    1.11553    0.06821
1525.88953    1.03796    0.06779
1526.24060    0.96442    0.06686
1526.59265    1.02877    0.06608
1526.94373    1.14449    0.06727
1527.29517    1.08478    0.06767
1527.64734    0.90645    0.06708
1527.99866    1.07511    0.06745
1528.35095    0.99318    0.06598
1528.70264    1.06201    0.06531
1529.05518    1.09252    0.06489
1529.40686    0.91910    0.06436
1529.75867    0.92835    0.06446
1530.11145    1.10537    0.06573
1530.46350    0.92283    0.06429
1530.81653    0.90408    0.06474
1531.16870    1.09597    0.06546
1531.52161    1.10710    0.06511
1531.87402    1.04429    0.06290
1532.22632    1.02312    0.06176
1532.57959    0.94461    0.06171
1532.93225    0.98389    0.06196
1533.28577    1.15989    0.06287
1533.63843    1.02555    0.06134
1533.99219    0.96821    0.06056
1534.34497    1.11623    0.06089
1534.69800    1.04396    0.06099
1535.05200    1.01479    0.06008
1535.40515    0.92448    0.05969
1535.75916    0.94111    0.05976
1536.11243    1.01923    0.06042
1536.46655    0.98226    0.05954
1536.82007    0.87091    0.05877
1537.17358    0.78138    0.05819
1537.52808    0.73601    0.05741
1537.88171    0.79257    0.05796
1538.23645    0.89768    0.05876
1538.59045    1.11574    0.05918
1538.94507    1.01810    0.05847
1539.29919    0.92356    0.05724
1539.65320    1.02124    0.05686
1540.00830    0.84205    0.05589
1540.36255    1.04468    0.05539
1540.71777    0.97519    0.05455
1541.07214    1.01179    0.05390
1541.42761    1.12991    0.05424
1541.78210    1.04661    0.05355
1542.13696    1.00679    0.05303
1542.49243    1.04253    0.05200
1542.84729    0.94799    0.05020
1543.20312    1.03277    0.04976
1543.55811    1.02967    0.04904
1543.91406    1.05923    0.04872
1544.26917    0.98682    0.04936
1544.62451    0.81737    0.04900
1544.98071    1.03426    0.04837
1545.33618    1.01460    0.04899
1545.69250    0.97106    0.04939
1546.04810    1.08567    0.05092
1546.40454    1.16124    0.05260
1546.76025    1.14631    0.05326
1547.11621    1.15817    0.05499
1547.47290    1.12226    0.05499
1547.82886    0.88331    0.05321
1548.18579    0.57221    0.05108
1548.54199    0.37267    0.05000
1548.89905    0.16599    0.04928
1549.25537    0.56986    0.05355
1549.61169    0.93373    0.05739
1549.96924    1.19658    0.05973
1550.32568    1.11473    0.06007
1550.68311    0.84451    0.05800
1551.03992    0.37250    0.05525
1551.39758    0.23497    0.05281
1551.75439    0.37369    0.05424
1552.11243    0.79249    0.05770
1552.46936    1.13400    0.06160
1552.82654    1.17510    0.06269
1553.18469    1.16649    0.06413
1553.54199    1.10130    0.06297
1553.90002    1.14848    0.06234
1554.25757    1.12147    0.06568
1554.61597    1.11493    0.06516
1554.97363    1.12296    0.06165
1555.33142    1.06199    0.06162
1555.69006    1.06503    0.06220
1556.04785    0.93401    0.06225
1556.40674    0.92393    0.06235
1556.76489    1.05507    0.06279
1557.12378    1.12211    0.06264
1557.48193    1.03558    0.06245
1557.84021    0.98766    0.06295
1558.19958    1.00214    0.06397
1558.55798    1.02119    0.06440
1558.91748    1.07174    0.06459
1559.27612    1.04113    0.06360
1559.63562    1.01588    0.06342
1559.99438    0.93882    0.06383
1560.35327    1.05537    0.06491
1560.71313    1.00555    0.06519
1561.07202    0.93327    0.06462
1561.43201    0.87376    0.06387
1561.79138    0.99989    0.06446
1562.15149    0.89079    0.06811
1562.51074    0.96079    0.06914
1562.87024    0.88774    0.07017
1563.23071    0.92374    0.06944
1563.59033    0.98698    0.06604
1563.95093    0.97896    0.06619
1564.31067    0.91296    0.06576
1564.67139    0.79629    0.06528
1565.03125    0.94763    0.06642
1565.39148    0.89360    0.06603
1565.75232    0.98529    0.06659
1566.11255    0.95885    0.06658
1566.47363    0.96131    0.06709
1566.83411    0.94664    0.06783
1567.19531    0.97522    0.06867
1567.55579    0.96133    0.06923
1567.91638    1.01707    0.06827
1568.27808    1.02474    0.06939
1568.63879    0.98359    0.07002
1569.00061    0.89783    0.07143
1569.36145    1.09910    0.07086
1569.72339    1.12474    0.07344
1570.08447    0.95793    0.07233
1570.44580    1.04855    0.07024
1570.80786    0.97454    0.06978
1571.16919    0.99911    0.07096
1571.53149    1.07311    0.07156
1571.89307    1.01224    0.07171
1572.25549    1.00627    0.07257
1572.61731    1.01540    0.07244
1572.97888    0.94562    0.07155
1573.34167    0.91324    0.07218
1573.70361    1.03969    0.07454
1574.06653    0.89188    0.07528
1574.42871    0.90822    0.07410
1574.79175    0.91276    0.07347
1575.15405    1.03476    0.07270
1575.51636    1.09563    0.07188
1575.87964    1.04105    0.07186
1576.24219    1.06932    0.07313
1576.60571    1.05412    0.07502
1576.96838    1.05692    0.07408
1577.33203    0.83030    0.06993
1577.69482    1.10117    0.07418
1578.05774    1.02771    0.07469
1578.42175    0.92599    0.07356
1578.78479    1.00826    0.07334
1579.14893    0.87485    0.07260
1579.51221    1.01944    0.07340
1579.87646    1.15127    0.07384
1580.23987    0.97839    0.07319
1580.60437    1.00680    0.07398
1580.96790    1.08564    0.07458
1581.33154    0.92350    0.07493
1581.69629    0.80772    0.07516
1582.06006    0.88756    0.07461
1582.42480    0.94586    0.07568
1582.78894    0.87584    0.07550
1583.15381    0.81346    0.07429
1583.51819    0.92585    0.07500
1583.88245    1.04542    0.07388
1584.24768    0.96382    0.07339
1584.61206    1.07249    0.07435
1584.97754    0.95546    0.07504
1585.34216    0.97596    0.07610
1585.70776    0.78019    0.07603
1586.07251    1.14738    0.07739
1586.43738    0.99515    0.07627
1586.80322    0.92071    0.07505
1587.16821    1.00057    0.07676
1587.53418    1.08665    0.07872
1587.89941    0.96379    0.07713
1588.26575    1.03165    0.07598
1588.63098    1.04548    0.07563
1588.99646    0.87918    0.07471
1589.36279    0.99130    0.07619
1589.72864    0.91146    0.07739
1590.09521    1.07621    0.08001
1590.46094    1.15859    0.07914
1590.82764    1.27772    0.08459
1591.19360    1.17598    0.08237
1591.55969    0.80009    0.07306
1591.92664    1.12951    0.07553
1592.29285    0.93847    0.07576
1592.66016    0.93274    0.07603
1593.02661    1.03048    0.07568
1593.39380    0.90024    0.07483
1593.76038    0.96210    0.07377
1594.12695    1.03740    0.07421
1594.49451    1.10090    0.07394
1594.86145    1.14184    0.07221
1595.22925    0.97319    0.07173
1595.59619    0.93551    0.07236
1595.96411    1.07785    0.07462
1596.33130    0.95311    0.07371
1596.69861    0.90120    0.07228
1597.06665    0.93399    0.07794
1597.43408    0.96463    0.08166
1597.80249    0.94360    0.07671
1598.17004    1.11017    0.07332
1598.53857    1.00802    0.07408
1598.90637    1.03958    0.07437
1599.27417    1.01176    0.07368
1599.64307    0.88766    0.07242
1600.01099    1.09479    0.07381
1600.37988    0.99562    0.07681
1600.74805    1.02442    0.08102
1601.11719    0.99443    0.07721
1601.48560    0.93845    0.07323
1601.85400    0.96994    0.07419
1602.22339    1.02792    0.07415
1602.59192    1.01696    0.07304
1602.96155    1.03233    0.07249
1603.33032    1.11241    0.07305
1603.70007    0.95384    0.07265
1604.06897    0.98100    0.07220
1604.43787    0.97220    0.07115
1604.80786    1.00982    0.07170
1605.17712    0.93316    0.07210
1605.54724    0.97302    0.07286
1605.91663    0.99545    0.07412
1606.28687    0.98432    0.07351
1606.65637    0.91275    0.07285
1607.02600    0.99017    0.07194
1607.39661    0.94176    0.07145
1607.76648    0.97590    0.07220
1608.13721    0.91494    0.07280
1608.50708    0.89284    0.07412
1608.87805    0.96418    0.07492
1609.24805    1.00509    0.07436
1609.61926    1.06264    0.07338
1609.98950    1.04801    0.07346
1610.35999    0.94115    0.07335
1610.73120    0.98044    0.07361
1611.10168    0.95617    0.07356
1611.47327    0.90816    0.07408
1611.84399    1.00783    0.07394
1612.21570    0.80381    0.07076
1612.58667    1.01581    0.07151
1612.95752    0.94906    0.07255
1613.32947    0.99922    0.07316
1613.70068    0.93793    0.07371
1614.07275    1.03852    0.07309
1614.44409    1.06476    0.07236
1614.81628    1.02115    0.07146
1615.18787    1.10191    0.07156
1615.55945    0.98421    0.07143
1615.93201    0.93143    0.07170
1616.30371    0.90609    0.07214
1616.67639    0.92023    0.07270
1617.04834    1.05312    0.07319
1617.42126    1.00973    0.07283
1617.79333    0.96052    0.07198
1618.16553    1.10030    0.07339
1618.53857    1.03759    0.07399
1618.91089    1.05178    0.07483
1619.28430    0.98463    0.07284
1619.65686    1.06467    0.07229
1620.03027    0.88207    0.07088
1620.40295    1.08369    0.07252
1620.77576    0.98810    0.07357
1621.14941    1.08405    0.07361
1621.52246    0.98083    0.07225
1621.89636    0.84873    0.07127
1622.26941    1.01542    0.07275
1622.64355    1.02669    0.07407
1623.01685    1.09358    0.07406
1623.39026    1.06624    0.07308
1623.76465    0.90437    0.07052
1624.13818    1.01872    0.07081
1624.51270    1.04023    0.07161
1624.88635    0.93235    0.07435
1625.26111    0.91097    0.07363
1625.63501    0.93398    0.07137
1626.00891    1.02800    0.07086
1626.38391    0.95165    0.07107
1626.75793    1.07893    0.07285
1627.13318    1.09787    0.07275
1627.50757    1.13102    0.07137
1627.88269    0.78069    0.06990
1628.25732    1.16703    0.07120
1628.63184    0.95128    0.06957
1629.00732    1.05003    0.07061
1629.38220    0.99047    0.07051
1629.75793    0.98798    0.07001
1630.13281    1.00670    0.07036
1630.50867    1.01467    0.07084
1630.88391    1.09364    0.07152
1631.25891    0.97086    0.07074
1631.63513    0.96522    0.06983
1632.01050    0.94818    0.06866
1632.38684    0.87021    0.06888
1632.76245    0.93092    0.07015
1633.13892    0.93767    0.06984
1633.51465    0.80699    0.06878
1633.89038    1.03340    0.07025
1634.26721    1.16302    0.07448
1634.64307    0.77222    0.07314
1635.02014    0.91869    0.07567
1635.39612    0.93244    0.07571
1635.77332    1.07063    0.07612
1636.14966    1.30234    0.07885
1636.52600    1.13505    0.07491
1636.90344    0.86823    0.07275
1637.27991    0.97356    0.07237
1637.65747    1.06284    0.07161
1638.03418    0.88636    0.07082
1638.41199    0.77820    0.07102
1638.78894    1.05557    0.07255
1639.16675    1.00711    0.07200
1639.54395    0.98848    0.07156
1639.92102    0.99193    0.07132
1640.29919    0.99874    0.07116
1640.67651    1.03312    0.07105
1641.05493    0.99483    0.07126
1641.43237    0.75596    0.07088
1641.81091    0.74753    0.07094
1642.18860    0.93933    0.07176
1642.56653    0.97144    0.07186
1642.94519    0.98607    0.07137
1643.32324    0.98727    0.07099
1643.70203    0.98755    0.07156
1644.08020    1.06682    0.07088
1644.45935    0.87876    0.07068
1644.83765    0.96241    0.07234
1645.21606    1.09430    0.07364
1645.59546    0.88888    0.07280
1645.97400    1.00585    0.07268
1646.35352    0.86690    0.07123
1646.73230    0.85620    0.07315
1647.11206    0.87553    0.07445
1647.49084    0.95288    0.07453
1647.86987    1.02571    0.07313
1648.24988    0.86246    0.06953
1648.62915    0.91073    0.07139
1649.00928    0.81717    0.07234
1649.38867    1.04377    0.07268
1649.76892    0.92463    0.07137
