1410.19800    1.05969    0.07937
1410.52319    1.19699    0.08221
1410.84778    1.22873    0.07656
1411.17297    1.14078    0.07452
1411.49768    1.00787    0.07205
1411.82239    1.07332    0.07204
1412.14795    1.18669    0.07417
1412.47278    1.12577    0.07187
1412.79858    1.12773    0.07204
1413.12354    1.27258    0.07471
1413.44934    1.26795    0.07704
1413.77454    1.08354    0.07464
1414.09985    1.03535    0.07578
1414.42590    1.21811    0.07726
1414.75122    1.14919    0.07657
1415.07751    1.11127    0.07562
1415.40295    1.18158    0.07606
1415.72937    1.09940    0.07461
1416.05518    0.96925    0.07086
1416.38086    1.04064    0.07238
1416.70752    1.16838    0.07390
1417.03333    1.15368    0.07329
1417.36011    1.02368    0.07144
1417.68616    1.04021    0.07139
1418.01318    1.14526    0.07276
1418.33936    1.12093    0.07244
1418.66565    1.02539    0.07086
1418.99280    1.04122    0.06926
1419.31921    1.02571    0.06834
1419.64648    1.04294    0.06959
1419.97314    1.05264    0.06997
1420.30054    1.05105    0.06949
1420.62732    1.19347    0.07104
1420.95483    1.02955    0.06847
1421.28174    1.10761    0.06790
1421.60876    1.14033    0.07051
1421.93652    1.08186    0.06860
1422.26367    1.10117    0.06834
1422.59167    1.06869    0.06747
1422.91895    1.13676    0.06694
1423.24695    1.14202    0.06727
1423.57446    1.00182    0.06393
1423.90198    0.95822    0.06283
1424.23022    1.11252    0.06598
1424.55786    1.04234    0.06420
1424.88635    0.94871    0.06208
1425.21423    0.99394    0.06338
1425.54285    1.10654    0.06541
1425.87085    1.10449    0.06663
1426.19873    1.01566    0.06660
1426.52771    1.14551    0.06892
1426.85596    1.10951    0.06835
1427.18494    1.06455    0.06713
1427.51331    1.07083    0.06791
1427.84241    1.11015    0.06816
1428.17090    1.13384    0.06853
1428.49939    1.07954    0.06700
1428.82886    0.96397    0.06476
1429.15759    1.01890    0.06717
1429.48706    0.99530    0.06480
1429.81592    1.01220    0.06685
1430.14563    1.16960    0.06759
1430.47473    1.02241    0.06627
1430.80371    1.07545    0.06609
1431.13367    1.05836    0.06669
1431.46301    1.05037    0.06839
1431.79309    1.11077    0.06807
1432.12244    1.11631    0.06722
1432.45264    0.94467    0.06300
1432.78223    0.87816    0.06120
1433.11182    0.76369    0.06009
1433.44226    0.62435    0.05819
1433.77197    0.56338    0.05574
1434.10266    0.67466    0.05776
1434.43250    0.93291    0.06220
1434.76331    0.97899    0.06496
1435.09338    1.00169    0.06668
1435.42346    0.96095    0.06685
1435.75452    0.97215    0.06540
1436.08484    1.00479    0.06388
1436.41589    0.70027    0.06023
1436.74646    0.87376    0.06150
1437.07776    0.92862    0.06308
1437.40833    0.94995    0.06423
1437.73901    0.96688    0.06277
1438.07056    0.94602    0.06473
1438.40137    1.06810    0.06680
1438.73303    0.94006    0.06760
1439.06396    0.96116    0.06745
1439.39587    0.97832    0.06650
1439.72705    0.95742    0.06616
1440.05823    1.00012    0.06729
1440.39038    0.98618    0.06705
1440.72168    0.83110    0.06408
1441.05396    0.91247    0.06377
1441.38538    0.92756    0.06403
1441.71777    0.92561    0.06376
1442.04944    1.04555    0.06563
1442.38123    0.94948    0.06667
1442.71387    1.05302    0.06794
1443.04565    0.91981    0.06649
1443.37854    0.95553    0.06676
1443.71045    1.09425    0.06951
1444.04333    0.98169    0.06626
1444.37573    0.86814    0.06561
1444.70801    1.04810    0.06666
1445.04102    1.00103    0.06705
1445.37341    0.82883    0.06107
1445.70679    0.87537    0.06300
1446.03931    1.07785    0.06595
1446.37280    0.87436    0.06261
1446.70557    0.84419    0.06095
1447.03918    0.89013    0.06011
1447.37207    0.89947    0.06065
1447.70508    0.82287    0.05854
1448.03894    0.78188    0.05857
1448.37195    0.95159    0.06037
1448.70593    0.71036    0.05970
1449.03918    0.88953    0.06135
1449.37329    0.93059    0.06173
1449.70691    0.72265    0.05706
1450.04041    0.71558    0.05779
1450.37463    0.90794    0.06034
1450.70837    0.82317    0.06065
1451.04285    0.93084    0.06105
1451.37671    0.90409    0.06222
1451.71143    0.77199    0.06241
1452.04529    0.81380    0.06863
1452.37939    0.85474    0.07102
1452.71423    0.83475    0.06865
1453.04846    0.95231    0.06853
1453.38354    0.94535    0.06320
1453.71790    0.89819    0.06120
1454.05310    0.97211    0.06091
1454.38770    0.89353    0.05941
1454.72229    0.97604    0.06083
1455.05762    0.93785    0.06145
1455.39233    0.93240    0.06212
1455.72803    0.97164    0.06106
1456.06287    0.95105    0.05930
1456.39868    0.95660    0.05871
1456.73364    0.94018    0.05934
1457.06885    1.05904    0.06012
1457.40479    0.95839    0.05972
1457.74011    0.78527    0.05623
1458.07629    0.86429    0.05835
1458.41174    0.92308    0.05989
1458.74792    0.92261    0.06088
1459.08362    0.97897    0.06204
1459.41931    0.90247    0.05803
1459.75574    0.85160    0.05746
1460.09155    0.99655    0.05889
1460.42822    0.97541    0.05897
1460.76428    0.89641    0.05717
1461.10107    0.83251    0.05793
1461.43713    0.92697    0.05805
1461.77344    0.97949    0.05723
1462.11047    0.85173    0.05562
1462.44690    0.92174    0.05751
1462.78406    0.97621    0.05939
1463.12061    0.99179    0.05972
1463.45801    0.95624    0.05834
1463.79468    0.89724    0.05762
1464.13147    0.89509    0.05785
1464.46912    0.97703    0.05933
1464.80603    0.88131    0.05792
1465.14368    1.02249    0.06021
1465.48083    0.96388    0.05669
1465.81873    0.82699    0.05491
1466.15588    0.95146    0.05653
1466.49316    0.93946    0.05695
1466.83142    0.88363    0.05543
1467.16882    0.86933    0.05514
1467.50708    0.90566    0.05480
1467.84473    0.93943    0.05520
1468.18323    0.91746    0.05570
1468.52100    0.87572    0.05538
1468.85889    0.95098    0.05522
1469.19751    0.97787    0.05580
1469.53552    0.93118    0.05426
1469.87439    0.88250    0.05385
1470.21265    0.87184    0.05390
1470.55164    0.84670    0.05222
1470.88989    0.84073    0.05298
1471.22827    0.73601    0.05090
1471.56750    0.80494    0.05146
1471.90601    0.92447    0.05256
1472.24548    0.84150    0.05116
1472.58423    0.79559    0.05049
1472.92371    0.83085    0.05123
1473.26257    0.76076    0.04980
1473.60229    0.72433    0.04976
1473.94128    0.74726    0.04978
1474.28040    0.74578    0.05043
1474.62024    0.75097    0.05009
1474.95959    0.74781    0.05095
1475.29968    0.73195    0.04789
1475.63904    0.71500    0.04903
1475.97937    0.67207    0.04715
1476.31885    0.61715    0.04709
1476.65857    0.63891    0.04688
1476.99902    0.59440    0.04625
1477.33875    0.62395    0.04744
1477.67957    0.76901    0.04987
1478.01941    0.80930    0.04974
1478.36023    0.69012    0.04702
1478.70032    0.80703    0.04983
1479.04053    0.77626    0.05096
1479.38171    0.79876    0.05178
1479.72192    0.84045    0.05222
1480.06323    0.86842    0.05179
1480.40369    0.89958    0.05355
1480.74500    0.89061    0.05346
1481.08569    0.82304    0.05199
1481.42627    0.83008    0.05164
1481.76794    0.86924    0.05249
1482.10889    0.84216    0.05744
1482.45056    0.80402    0.05685
1482.79175    0.93646    0.05260
1483.13354    0.82590    0.05222
1483.47485    0.89978    0.05286
1483.81616    0.92894    0.05389
1484.15820    0.89745    0.05377
1484.49963    0.91607    0.05326
1484.84192    0.79186    0.05180
1485.18359    0.88212    0.05297
1485.52600    0.76575    0.05094
1485.86780    0.74492    0.04954
1486.20959    0.84441    0.05034
1486.55237    0.84843    0.05049
1486.89441    0.85720    0.05000
1487.23718    0.80170    0.04920
1487.57935    0.82117    0.04968
1487.92224    0.74065    0.04963
1488.26465    0.56893    0.04484
1488.60693    0.43724    0.04067
1488.95020    0.30661    0.03643
1489.29272    0.28632    0.03746
1489.63635    0.38815    0.04007
1489.97888    0.55280    0.04403
1490.32239    0.63554    0.04579
1490.66528    0.61834    0.04517
1491.00842    0.71094    0.04663
1491.35217    0.63812    0.04630
1491.69519    0.65551    0.04802
1492.03906    0.69384    0.04815
1492.38232    0.62955    0.04662
1492.72656    0.55594    0.04523
1493.07007    0.71044    0.04744
1493.41345    0.69400    0.04864
1493.75793    0.72673    0.04938
1494.10144    0.69151    0.04803
1494.44592    0.68949    0.04902
1494.78979    0.79585    0.05070
1495.13452    0.67265    0.04925
1495.47839    0.72584    0.04995
1495.82251    0.85696    0.05241
1496.16736    0.87237    0.05083
1496.51160    0.83161    0.05231
1496.85681    0.84280    0.05043
1497.20105    0.79747    0.05031
1497.54639    0.88706    0.05079
1497.89087    0.87762    0.05049
1498.23547    0.88381    0.05106
1498.58081    0.88713    0.05100
1498.92566    0.82512    0.05070
1499.27124    0.85486    0.05024
1499.61609    0.74112    0.04829
1499.96191    0.76848    0.04722
1500.30713    0.81755    0.04875
1500.65295    0.82596    0.04874
1500.99829    0.88725    0.04965
1501.34363    0.99593    0.05040
1501.68982    0.87180    0.04925
1502.03516    0.82943    0.04779
1502.38159    0.80529    0.04817
1502.72729    0.81736    0.04767
1503.07385    0.89714    0.04913
1503.41943    0.83117    0.04808
1503.76538    0.76570    0.04711
1504.11206    0.66795    0.04435
1504.45813    0.56485    0.04175
1504.80505    0.47875    0.03904
1505.15125    0.44303    0.03885
1505.49829    0.49058    0.03831
1505.84473    0.38621    0.03641
1506.19104    0.29890    0.03351
1506.53845    0.23984    0.03288
1506.88501    0.20880    0.03275
1507.23254    0.24733    0.03350
1507.57922    0.35633    0.03491
1507.92688    0.42397    0.03649
1508.27380    0.41375    0.03565
1508.62061    0.36943    0.03528
1508.96863    0.35384    0.03467
1509.31567    0.40356    0.03570
1509.66382    0.50280    0.03919
1510.01111    0.60803    0.04167
1510.35925    0.53086    0.04204
1510.70679    0.58761    0.04106
1511.05432    0.72812    0.05112
1511.40271    0.75266    0.04962
1511.75037    0.90558    0.05489
1512.09900    1.04713    0.04907
1512.44678    0.92826    0.04741
1512.79565    0.80276    0.04517
1513.14355    0.73402    0.04456
1513.49170    0.70638    0.04849
1513.84070    0.93328    0.05152
1514.18909    0.98817    0.05258
1514.53821    0.98231    0.05198
1514.88660    0.98800    0.05251
1515.23596    0.95265    0.04609
1515.58459    0.90702    0.04545
1515.93323    1.03766    0.04717
1516.28284    1.00340    0.04756
1516.63159    0.99426    0.04726
1516.98132    1.00736    0.04650
1517.33032    0.96733    0.04547
1517.68018    0.91696    0.04531
1518.02930    1.01541    0.04733
1518.37866    1.05661    0.04746
1518.72864    0.99248    0.04656
1519.07800    1.02605    0.04578
1519.42847    1.02041    0.04671
1519.77795    0.89799    0.04521
1520.12842    1.10721    0.04833
1520.47815    1.18913    0.04935
1520.82776    1.04472    0.04694
1521.17859    0.97730    0.04515
1521.52844    1.07820    0.04616
1521.87939    1.15158    0.04690
1522.22949    1.03831    0.04558
1522.58044    1.01101    0.04459
1522.93079    0.97495    0.04383
1523.28101    0.97648    0.04353
1523.63232    1.01249    0.04501
1523.98291    1.02191    0.04557
1524.33423    1.02428    0.04596
1524.68494    1.10142    0.04619
1525.03662    1.09176    0.04527
1525.38745    1.05574    0.04402
1525.73828    1.02949    0.04341
1526.09009    1.00757    0.04262
1526.44128    1.04575    0.04352
1526.79321    1.10184    0.04342
1527.14441    1.03893    0.04179
1527.49658    1.00013    0.04149
1527.84802    1.02452    0.04164
1528.20032    1.03058    0.04156
1528.55176    1.00845    0.04051
1528.90344    0.97449    0.03938
1529.25610    0.92848    0.03882
1529.60791    0.97605    0.03933
1529.96057    1.02980    0.03998
1530.31262    0.96640    0.03885
1530.66553    0.93009    0.03803
1531.01770    0.99968    0.03895
1531.36987    0.98634    0.03848
1531.72290    0.98945    0.03821
1532.07532    1.00819    0.03841
1532.42859    0.98466    0.03763
1532.78113    1.02033    0.03811
1533.13452    1.03807    0.03872
1533.48730    0.99004    0.03778
1533.84009    1.00117    0.03804
1534.19385    1.03940    0.03759
1534.54663    0.99885    0.03705
1534.90063    0.95997    0.03656
1535.25366    1.01870    0.03753
1535.60767    1.03849    0.03703
1535.96094    0.99509    0.03692
1536.31433    0.93417    0.03553
1536.66858    0.92411    0.03506
1537.02209    0.99787    0.03581
1537.37646    1.00824    0.03599
1537.73022    0.95811    0.03491
1538.08484    0.94999    0.03489
1538.43848    0.95874    0.03440
1538.79248    0.94553    0.03467
1539.14746    1.00317    0.03473
1539.50146    0.93462    0.03447
1539.85645    0.99573    0.03496
1540.21069    1.00182    0.03536
1540.56592    0.96898    0.03517
1540.92029    1.02142    0.03586
1541.27478    0.99226    0.03572
1541.63013    1.01837    0.03566
1541.98486    0.98336    0.03509
1542.34033    0.97568    0.03509
1542.69519    1.00414    0.03572
1543.05103    0.99811    0.03529
1543.40601    0.98023    0.03484
1543.76099    0.96008    0.03457
1544.11694    0.99085    0.03496
1544.47229    0.99007    0.03543
1544.82825    1.00922    0.03586
1545.18384    1.08359    0.03661
1545.54004    1.02745    0.03611
1545.89563    1.07577    0.03741
1546.25110    1.06539    0.03717
1546.60791    1.01613    0.03638
1546.96350    1.03428    0.03689
1547.32031    1.09872    0.03786
1547.67627    1.02441    0.03742
1548.03320    1.04226    0.03777
1548.38916    1.04438    0.03804
1548.74561    1.00961    0.03807
1549.10266    1.05214    0.03875
1549.45898    1.17471    0.04020
1549.81628    1.11750    0.03952
1550.17285    1.09248    0.03913
1550.53027    1.10729    0.03986
1550.88696    1.04865    0.03989
1551.24390    1.02888    0.03876
1551.60144    1.11904    0.03964
1551.95850    1.01920    0.03829
1552.31628    1.00282    0.03904
1552.67334    1.04735    0.03966
1553.03149    1.03019    0.03922
1553.38867    1.04461    0.03951
1553.74609    1.14461    0.04113
1554.10449    1.06144    0.04086
1554.46191    1.11211    0.04139
1554.82031    1.01497    0.03994
1555.17810    0.89492    0.03748
1555.53674    0.79920    0.03648
1555.89453    0.72298    0.03529
1556.25330    0.86341    0.03816
1556.61133    0.98910    0.04079
1556.96936    1.08021    0.04136
1557.32837    1.07945    0.04109
1557.68677    0.97763    0.03943
1558.04590    0.84451    0.03817
1558.40430    0.78877    0.03829
1558.76367    0.88587    0.03951
1559.12231    0.91866    0.04031
1559.48096    1.01107    0.04140
1559.84058    1.06229    0.04260
1560.19934    0.96244    0.04195
1560.55920    1.04458    0.04339
1560.91821    1.08251    0.04488
1561.27808    0.97427    0.04257
1561.63721    0.91993    0.04121
1561.99658    0.97049    0.04168
1562.35681    0.97730    0.04133
1562.71619    0.90068    0.04139
1563.07654    1.12523    0.04479
1563.43616    1.06009    0.04989
1563.79663    1.05771    0.05488
1564.15637    1.08397    0.05780
1564.51624    0.94221    0.05495
1564.87695    1.10332    0.05145
1565.23706    1.03760    0.04710
1565.59802    1.03467    0.04428
1565.95801    1.03884    0.04459
1566.31909    0.99844    0.04369
1566.67957    0.99688    0.04405
1567.03992    1.05056    0.04465
1567.40137    0.92183    0.04287
1567.76196    0.89673    0.04345
1568.12341    0.98371    0.04390
1568.48413    1.05419    0.04482
1568.84583    1.03250    0.04459
1569.20667    0.99009    0.04491
1569.56787    1.02097    0.04505
1569.92957    0.99819    0.04537
1570.29089    1.02163    0.04513
1570.65283    1.07603    0.04683
1571.01428    1.05751    0.04589
1571.37646    1.01556    0.04439
1571.73804    1.00130    0.04375
1572.09949    1.05116    0.04480
1572.46228    1.03960    0.04508
1572.82385    1.01793    0.04549
1573.18652    1.05907    0.04487
1573.54846    0.98536    0.04359
1573.91138    0.96969    0.04308
1574.27332    1.03911    0.04443
1574.63550    1.02939    0.04419
1574.99866    0.98266    0.04448
1575.36096    0.99324    0.04420
1575.72424    0.93793    0.04382
1576.08667    1.09138    0.04548
1576.45032    1.02214    0.04504
1576.81299    0.93835    0.04340
1577.17566    1.01400    0.04510
1577.53931    1.10697    0.04594
1577.90222    1.01335    0.04407
1578.26611    0.99176    0.04349
1578.62915    0.93213    0.04360
1578.99316    0.99366    0.04503
1579.35645    1.05969    0.04556
1579.71985    0.98943    0.04425
1580.08411    1.08663    0.04527
1580.44763    1.04272    0.04458
1580.81201    0.97024    0.04380
1581.17554    0.93864    0.04382
1581.54016    0.96433    0.04436
1581.90405    0.99934    0.04464
1582.26807    0.95113    0.04410
1582.63293    0.98461    0.04466
1582.99707    1.01034    0.04390
1583.36194    0.99581    0.04598
1583.72620    0.98112    0.04398
1584.09143    1.01225    0.04497
1584.45581    1.06655    0.04554
1584.82129    1.06646    0.04590
1585.18591    1.03142    0.04531
1585.55054    0.98579    0.04418
1585.91614    0.96493    0.04464
1586.28088    0.97851    0.04500
1586.64673    0.97838    0.04475
1587.01172    1.00305    0.04513
1587.37769    1.03778    0.04509
1587.74292    1.01970    0.04541
1588.10815    1.01339    0.04559
1588.47437    1.09027    0.04618
1588.83984    1.10409    0.04596
1589.20618    0.96267    0.04366
1589.57190    0.99070    0.04347
1589.93835    0.99256    0.04397
1590.30408    0.96478    0.04328
1590.66980    1.02217    0.04434
1591.03674    0.96729    0.04360
1591.40271    0.99454    0.04382
1591.76978    1.00524    0.04292
1592.13599    0.99331    0.04350
1592.50305    0.98999    0.04356
1592.86938    0.99533    0.04437
1593.23596    0.98168    0.04443
1593.60315    0.99463    0.04336
1593.96985    0.97884    0.04314
1594.33740    0.98904    0.04299
1594.70422    1.02303    0.04391
1595.07190    1.00635    0.04338
1595.43884    0.94631    0.04295
1595.80591    1.07614    0.04479
1596.17395    1.06356    0.04492
1596.54102    0.95068    0.04279
1596.90930    0.92535    0.04193
1597.27649    1.02463    0.05127
1597.64502    1.05576    0.05196
1598.01245    1.10368    0.05226
1598.38013    1.09059    0.05224
1598.74866    1.08103    0.05134
1599.11633    1.03760    0.04992
1599.48523    0.94403    0.04219
1599.85315    1.01580    0.04257
1600.22217    1.11055    0.04420
1600.59021    1.00712    0.04345
1600.95850    0.94203    0.04181
1601.32764    0.97249    0.04253
1601.69592    0.97863    0.04287
1602.06531    1.01593    0.04363
1602.43396    1.02772    0.04417
1602.80347    0.99438    0.04317
1603.17212    0.99265    0.04345
1603.54089    1.00461    0.04246
1603.91077    0.98626    0.04254
1604.27979    1.01117    0.04325
1604.64954    0.99916    0.04328
1605.01880    1.06933    0.04457
1605.38892    1.05715    0.04396
1605.75830    0.99797    0.04408
1606.12769    1.02138    0.04347
1606.49805    0.99509    0.04319
1606.86755    1.03865    0.04430
1607.23804    1.04733    0.04412
1607.60791    1.04148    0.04440
1607.97852    1.00703    0.04318
1608.34851    0.94034    0.04222
1608.71838    0.96823    0.04224
1609.08948    1.02415    0.04266
1609.45972    0.99272    0.04324
1609.83081    0.97610    0.04270
1610.20117    0.98258    0.04258
1610.57239    0.96202    0.04187
1610.94299    0.98922    0.04225
1611.31360    0.96790    0.04271
1611.68506    0.93115    0.04151
1612.05591    0.89507    0.04052
1612.42749    0.91195    0.04168
1612.79846    1.00134    0.04275
1613.17041    1.06925    0.04415
1613.54150    1.16805    0.04499
1613.91357    1.01079    0.04330
1614.28491    0.99941    0.04306
1614.65637    1.07433    0.04516
1615.02869    0.96727    0.04276
1615.40002    1.04015    0.04328
1615.77258    1.01207    0.04319
1616.14441    0.99780    0.04351
1616.51697    1.06875    0.04380
1616.88879    1.06967    0.04391
1617.26074    0.94853    0.04303
1617.63379    1.04439    0.04694
1618.00598    1.06783    0.04784
1618.37915    1.04235    0.04324
1618.75146    1.01272    0.04251
1619.12463    0.97124    0.04182
1619.49707    0.97304    0.04272
1619.86963    1.12277    0.04392
1620.24316    0.94763    0.04187
1620.61597    0.95161    0.04069
1620.98975    1.00501    0.04247
1621.36255    0.96609    0.04146
1621.73645    0.94476    0.04164
1622.10950    1.04397    0.04284
1622.48267    1.01920    0.04289
1622.85681    1.05396    0.04331
1623.23022    0.98847    0.04324
1623.60449    0.94731    0.04251
1623.97803    1.07011    0.04301
1624.35242    0.97152    0.04178
1624.72620    1.00979    0.04254
1625.09985    1.02870    0.04324
1625.47461    1.01629    0.04255
1625.84851    1.01735    0.04261
1626.22351    1.02406    0.04228
1626.59766    0.98975    0.04208
1626.97266    0.99903    0.04277
1627.34705    1.04430    0.04258
1627.72131    1.05241    0.04377
1628.09680    1.01716    0.04268
1628.47119    1.00704    0.04288
1628.84680    1.05906    0.04329
1629.22144    1.03999    0.04332
1629.59729    1.04651    0.04358
1629.97205    1.01767    0.04230
1630.34717    1.00220    0.04415
1630.72290    1.05608    0.04381
1631.09802    1.01790    0.04350
1631.47424    1.03124    0.04350
1631.84949    0.97903    0.04204
1632.22583    0.96646    0.04138
1632.60132    1.00934    0.04221
1632.97693    1.01117    0.04145
1633.35352    0.98254    0.04181
1633.72937    1.04781    0.04300
1634.10596    1.06882    0.04284
1634.48206    1.00750    0.04148
1634.85889    0.95491    0.04178
1635.23486    1.00289    0.04247
1635.61121    1.08097    0.04317
1635.98828    1.03885    0.04257
1636.36462    1.00979    0.04156
1636.74194    0.96736    0.04099
1637.11853    0.97237    0.04136
1637.49609    1.05510    0.04336
1637.87280    1.00216    0.04241
1638.24951    1.00218    0.04151
1638.62744    0.92564    0.04037
1639.00427    0.94921    0.04054
1639.38220    1.01466    0.04147
1639.75940    0.97691    0.04146
1640.13745    1.02950    0.04248
1640.51465    0.95128    0.04139
1640.89319    0.96600    0.04213
1641.27051    1.03410    0.04158
1641.64807    1.07489    0.04234
1642.02673    1.06267    0.04265
1642.40454    0.99865    0.04303
1642.78308    1.03095    0.04233
1643.16101    0.92233    0.04140
1643.54004    0.94367    0.04071
1643.91809    1.03999    0.04258
1644.29639    0.96511    0.04047
1644.67554    0.94913    0.04082
1645.05383    1.04467    0.04264
1645.43311    1.01588    0.04125
1645.81177    0.98730    0.04107
1646.19116    0.98505    0.04134
1646.56982    0.93507    0.04074
1646.94861    0.94354    0.04136
1647.32849    1.00063    0.04126
1647.70752    0.98707    0.04058
1648.08752    0.95508    0.04095
1648.46667    0.94961    0.04107
1648.84668    0.96318    0.04095
1649.22595    0.99116    0.04103
1649.60547    0.98486    0.04108
1649.98584    1.01456    0.04101
