1410.27283    1.32175    0.10631
1410.59729    1.18672    0.10561
1410.92249    1.28370    0.10779
1411.24719    1.31536    0.10894
1411.57178    1.06845    0.10433
1411.89734    1.33949    0.10756
1412.22205    1.29528    0.10807
1412.54773    1.24544    0.10611
1412.87268    1.29182    0.10726
1413.19849    1.26487    0.10955
1413.52356    1.11930    0.11048
1413.84888    1.12937    0.11058
1414.17480    0.97858    0.10678
1414.50012    1.15645    0.10524
1414.82629    1.23520    0.10888
1415.15173    1.06492    0.10438
1415.47803    1.20838    0.10979
1415.80371    1.13566    0.11067
1416.12952    1.26423    0.11000
1416.45593    1.22325    0.10503
1416.78198    1.13856    0.10421
1417.10852    1.11419    0.10356
1417.43457    0.91789    0.09919
1417.76147    0.85155    0.09829
1418.08765    1.24172    0.10388
1418.41394    1.18677    0.10272
1418.74097    1.00661    0.10107
1419.06726    1.09202    0.10199
1419.39453    1.10327    0.10250
1419.72107    1.23471    0.10326
1420.04858    1.12279    0.10124
1420.37512    1.07236    0.10019
1420.70276    1.03756    0.10092
1421.02954    1.04891    0.10304
1421.35645    1.25563    0.10365
1421.68408    0.97151    0.09748
1422.01123    0.95176    0.09435
1422.33911    1.04933    0.09741
1422.66638    1.11526    0.10061
1422.99438    1.05669    0.10295
1423.32178    0.86223    0.09992
1423.64929    0.96045    0.09812
1423.97742    1.01536    0.09858
1424.30505    1.10191    0.10125
1424.63354    1.08259    0.10239
1424.96130    0.97676    0.10087
1425.28979    1.03043    0.09921
1425.61768    0.95818    0.09667
1425.94580    1.22610    0.10050
1426.27454    1.09330    0.10186
1426.60266    0.94963    0.09917
1426.93164    1.10939    0.10212
1427.25989    1.05629    0.11556
1427.58899    1.02282    0.14007
1427.91736    0.76746    0.15739
1428.24597    0.76822    0.15436
1428.57520    0.80594    0.13113
1428.90393    0.82038    0.11078
1429.23340    1.15690    0.10775
1429.56213    1.04368    0.10206
1429.89172    0.98256    0.10192
1430.22083    0.95851    0.10162
1430.54980    0.91440    0.09816
1430.87976    1.00396    0.09846
1431.20886    1.28904    0.10186
1431.53894    1.08419    0.09946
1431.86816    0.90422    0.09487
1432.19836    0.88643    0.09514
1432.52783    0.98885    0.09834
1432.85754    1.06839    0.10069
1433.18774    0.98563    0.09695
1433.51758    0.91062    0.09846
1433.84802    0.95497    0.09875
1434.17798    0.94666    0.09802
1434.50854    0.90046    0.09299
1434.83875    0.91567    0.09598
1435.16870    0.95487    0.09415
1435.49976    0.83151    0.09136
1435.82996    0.84859    0.09108
1436.16101    0.95348    0.09338
1436.49146    1.00044    0.09401
1436.82275    1.00707    0.09402
1437.15320    1.05893    0.09451
1437.48376    0.87439    0.09251
1437.81531    0.82393    0.09245
1438.14612    0.90509    0.09405
1438.47766    0.89828    0.09018
1438.80859    0.85008    0.09370
1439.14050    0.98019    0.09715
1439.47156    0.82592    0.09266
1439.80261    1.00196    0.09481
1440.13464    1.15791    0.09912
1440.46594    0.94638    0.09548
1440.79822    0.74660    0.09251
1441.12952    1.10615    0.09468
1441.46191    0.89425    0.09725
1441.79346    1.06084    0.09967
1442.12524    0.99735    0.10105
1442.45776    0.95203    0.09690
1442.78967    1.11269    0.10333
1443.12231    0.98184    0.10129
1443.45422    1.00429    0.09995
1443.78711    0.98547    0.09838
1444.11926    1.00923    0.10065
1444.45154    1.07506    0.10651
1444.78467    1.03698    0.10457
1445.11707    0.85907    0.09619
1445.45020    0.96337    0.09966
1445.78271    0.86083    0.09994
1446.11609    0.85802    0.09704
1446.44873    0.99782    0.09759
1446.78235    1.00854    0.09702
1447.11523    0.79106    0.09581
1447.44812    0.91713    0.09658
1447.78186    0.97876    0.09628
1448.11487    0.96746    0.10014
1448.44885    0.93575    0.09886
1448.78198    0.91942    0.09702
1449.11609    0.99645    0.09879
1449.44946    1.21573    0.10544
1449.78296    1.06903    0.10616
1450.11719    0.97050    0.10089
1450.45093    0.99922    0.10164
1450.78540    0.96986    0.09744
1451.11914    0.91607    0.09662
1451.45374    1.21493    0.09881
1451.78760    1.16717    0.10165
1452.12158    1.09713    0.10244
1452.45642    0.97310    0.09658
1452.79053    0.79723    0.09104
1453.12561    0.90355    0.09207
1453.45996    1.01759    0.09556
1453.79504    0.88955    0.09581
1454.12952    0.96473    0.09719
1454.46411    1.06493    0.09747
1454.79932    0.98662    0.09513
1455.13416    0.99949    0.09233
1455.46973    1.08822    0.09653
1455.80444    1.10517    0.09746
1456.14014    1.02547    0.09441
1456.47510    0.97914    0.10130
1456.81018    1.03131    0.09895
1457.14624    1.05321    0.09701
1457.48132    0.92856    0.09737
1457.81750    0.91140    0.09999
1458.15271    1.02340    0.10154
1458.48914    1.04766    0.10023
1458.82458    0.97198    0.09678
1459.16028    1.00574    0.09415
1459.49658    0.84296    0.09345
1459.83240    0.85605    0.09305
1460.16907    0.96969    0.09353
1460.50488    1.00146    0.09159
1460.84180    0.88841    0.08847
1461.17786    0.80016    0.08748
1461.51404    1.03288    0.09511
1461.85107    0.90746    0.09207
1462.18726    0.92724    0.09461
1462.52441    1.05017    0.09389
1462.86096    1.04333    0.09363
1463.19824    0.99074    0.09069
1463.53479    0.81559    0.08853
1463.87146    0.96518    0.09154
1464.20911    1.00270    0.09479
1464.54602    0.97149    0.09365
1464.88367    1.03727    0.09197
1465.22058    1.04649    0.09129
1465.55859    1.02679    0.09363
1465.89575    1.05322    0.09778
1466.23291    1.20237    0.09995
1466.57104    1.18039    0.09809
1466.90833    0.95611    0.09286
1467.24670    0.93595    0.09054
1467.58435    0.87077    0.08860
1467.92261    0.87987    0.08400
1468.26038    0.99480    0.09151
1468.59802    1.07335    0.09093
1468.93677    1.00529    0.10037
1469.27478    0.90066    0.09709
1469.61353    1.00472    0.09324
1469.95166    0.96074    0.09283
1470.29053    0.96642    0.09341
1470.62891    1.07788    0.09333
1470.96716    1.02704    0.09905
1471.30627    0.70762    0.09515
1471.64490    1.01902    0.08887
1471.98413    0.94356    0.09178
1472.32275    1.01028    0.09358
1472.66223    1.05608    0.09688
1473.00098    0.88671    0.09267
1473.34070    0.93524    0.09072
1473.67969    0.95787    0.09161
1474.01880    0.82423    0.08894
1474.35864    0.83322    0.09189
1474.69775    0.84067    0.08710
1475.03772    0.79224    0.08529
1475.37720    0.92265    0.09028
1475.71741    0.72773    0.08584
1476.05676    0.72088    0.08460
1476.39636    0.79810    0.08643
1476.73694    0.93345    0.09263
1477.07666    0.99763    0.09203
1477.41724    0.78478    0.08740
1477.75720    0.87174    0.08768
1478.09790    0.89236    0.08912
1478.43787    0.85458    0.08958
1478.77795    0.91515    0.08981
1479.11890    1.01765    0.08916
1479.45935    0.90502    0.08758
1479.80054    0.75276    0.08687
1480.14087    0.79922    0.08610
1480.48218    0.76572    0.08413
1480.82275    0.75515    0.08362
1481.16333    0.90305    0.08724
1481.50500    1.00518    0.09400
1481.84583    0.96065    0.09366
1482.18750    0.89184    0.08970
1482.52856    0.94063    0.08542
1482.87036    0.81893    0.08892
1483.21155    0.67076    0.08459
1483.55261    1.02809    0.09055
1483.89478    0.77536    0.08475
1484.23608    0.75348    0.08584
1484.57837    0.88020    0.09150
1484.92004    0.81903    0.08972
1485.26233    0.73624    0.09001
1485.60413    1.02903    0.09027
1485.94580    0.79180    0.08503
1486.28857    0.76166    0.08511
1486.63037    0.87669    0.08868
1486.97327    0.84020    0.08848
1487.31519    0.74660    0.08712
1487.65833    0.90456    0.08689
1488.00049    0.68405    0.08540
1488.34290    0.78836    0.08699
1488.68591    0.80628    0.08954
1489.02844    0.82993    0.08876
1489.37183    0.87005    0.08802
1489.71436    0.59332    0.08399
1490.05798    0.88822    0.08808
1490.40076    0.73677    0.08578
1490.74365    0.79037    0.08493
1491.08740    0.84450    0.08602
1491.43042    0.58688    0.08494
1491.77441    0.52941    0.08144
1492.11755    0.74763    0.08228
1492.46167    0.78429    0.08208
1492.80493    0.62560    0.08018
1493.14844    0.65336    0.08204
1493.49268    0.89544    0.08798
1493.83618    0.85436    0.08867
1494.18079    0.72757    0.08378
1494.52441    0.69454    0.08142
1494.86914    0.79578    0.08234
1495.21301    0.84843    0.08542
1495.55688    0.81848    0.08562
1495.90198    0.90583    0.08738
1496.24597    0.88866    0.08522
1496.59094    0.81822    0.08258
1496.93530    0.90901    0.08566
1497.28052    0.93216    0.08554
1497.62488    0.81702    0.08418
1497.97034    0.88451    0.08553
1498.31482    0.76170    0.08365
1498.65955    0.80367    0.08298
1499.00525    0.88002    0.08575
1499.34998    0.91144    0.08588
1499.69568    0.91337    0.08662
1500.04065    0.88492    0.08542
1500.38660    0.85926    0.08846
1500.73181    0.87740    0.08609
1501.07715    0.94482    0.08685
1501.42322    0.86266    0.08372
1501.76855    0.72879    0.08197
1502.11487    0.88342    0.08241
1502.46045    0.64812    0.07812
1502.80701    0.77235    0.08173
1503.15259    0.86410    0.08359
1503.49841    0.82341    0.08349
1503.84521    0.76266    0.08348
1504.19116    0.70665    0.08376
1504.53809    0.96868    0.08504
1504.88416    0.78264    0.08135
1505.23108    0.78859    0.08098
1505.57739    0.89404    0.08182
1505.92383    0.79129    0.08095
1506.27100    0.76340    0.08133
1506.61755    0.87433    0.08312
1506.96484    0.79307    0.08163
1507.31165    0.84981    0.07979
1507.65918    0.98593    0.08381
1508.00598    0.94733    0.08511
1508.35291    0.78516    0.08269
1508.70081    0.84422    0.08191
1509.04785    0.93641    0.08263
1509.39587    0.73333    0.08155
1509.74316    0.68941    0.08227
1510.09119    0.93801    0.08770
1510.43860    0.83143    0.08557
1510.78613    0.91923    0.08355
1511.13452    0.95495    0.08357
1511.48206    0.78014    0.07968
1511.83057    0.72310    0.08147
1512.17847    0.83754    0.08109
1512.52722    0.69872    0.08029
1512.87500    0.81411    0.08056
1513.22314    0.79745    0.08118
1513.57214    0.81470    0.08026
1513.92029    0.74500    0.07866
1514.26941    0.61534    0.07643
1514.61768    0.77986    0.07813
1514.96704    0.73135    0.07602
1515.31555    0.84756    0.07915
1515.66418    0.76006    0.07798
1516.01367    0.72167    0.07986
1516.36230    0.81280    0.07765
1516.71204    0.57706    0.07441
1517.06104    0.86087    0.07683
1517.41077    0.80321    0.07870
1517.76001    0.87040    0.07984
1518.10901    0.92235    0.07894
1518.45911    0.81836    0.07847
1518.80847    0.94066    0.07844
1519.15869    0.67286    0.07486
1519.50818    0.71918    0.07399
1519.85864    0.85483    0.07658
1520.20825    0.90770    0.07688
1520.55786    0.92787    0.07675
1520.90845    0.94906    0.07727
1521.25842    0.87019    0.08396
1521.60925    0.96349    0.08356
1521.95935    1.09702    0.07891
1522.31030    1.05441    0.07778
1522.66040    0.93732    0.07625
1523.01062    1.07712    0.07942
1523.36194    1.10003    0.08096
1523.71240    0.90772    0.07531
1524.06372    0.88413    0.07320
1524.41431    1.04060    0.07579
1524.76587    1.11096    0.07667
1525.11670    0.99419    0.07394
1525.46838    1.05678    0.07667
1525.81934    1.18046    0.08223
1526.17029    1.11533    0.07996
1526.52234    0.95578    0.07400
1526.87341    0.90296    0.07507
1527.22546    0.95179    0.07520
1527.57678    0.95706    0.07334
1527.92896    1.11285    0.07453
1528.28052    1.10221    0.07563
1528.63208    0.97476    0.07029
1528.98462    0.98079    0.07218
1529.33643    1.09514    0.07214
1529.68909    0.93934    0.07104
1530.04089    0.97434    0.07249
1530.39380    1.09080    0.07484
1530.74585    1.11444    0.07286
1531.09802    1.04054    0.07051
1531.45105    1.01388    0.07032
1531.80334    1.11217    0.07280
1532.15649    1.10181    0.07257
1532.50903    0.96880    0.06852
1532.86255    0.94853    0.06563
1533.21509    1.06112    0.06516
1533.56775    0.97219    0.06404
1533.92139    0.78896    0.06135
1534.27441    0.64864    0.05674
1534.62817    0.41181    0.04960
1534.98120    0.35758    0.04836
1535.33521    0.49413    0.04938
1535.68835    0.30102    0.04581
1536.04163    0.24976    0.04157
1536.39575    0.11754    0.03959
1536.74927    0.15316    0.04115
1537.10364    0.23848    0.04383
1537.45728    0.17858    0.04095
1537.81177    0.11686    0.04033
1538.16553    0.16614    0.04325
1538.51929    0.18483    0.04218
1538.87415    0.11661    0.03979
1539.22827    0.07465    0.03795
1539.58313    0.11287    0.03880
1539.93726    0.10970    0.03789
1540.29236    0.08703    0.03674
1540.64673    0.09278    0.03821
1541.00122    0.07212    0.03608
1541.35645    0.07049    0.03533
1541.71106    0.09600    0.03585
1542.06665    0.07534    0.03674
1542.42139    0.19451    0.04048
1542.77710    0.12941    0.03731
1543.13208    0.09719    0.03710
1543.48694    0.12499    0.03727
1543.84302    0.13436    0.03804
1544.19812    0.15551    0.03769
1544.55408    0.08217    0.03678
1544.90955    0.21054    0.04445
1545.26575    0.24794    0.04701
1545.62122    0.33070    0.04856
1545.97681    0.59938    0.05549
1546.33337    0.77953    0.06034
1546.68909    1.05629    0.06652
1547.04578    1.12946    0.06101
1547.40161    1.08102    0.06042
1547.75842    1.10218    0.06155
1548.11450    1.18219    0.06313
1548.47058    1.12810    0.06183
1548.82776    1.14305    0.06151
1549.18408    1.08058    0.06327
1549.54126    1.10638    0.06257
1549.89771    1.17661    0.06514
1550.25500    1.17204    0.06260
1550.61169    1.12267    0.06312
1550.96838    0.99441    0.06072
1551.32605    0.99599    0.06173
1551.68311    0.99378    0.06127
1552.04089    0.99906    0.06192
1552.39783    1.07791    0.06372
1552.75586    1.13676    0.06593
1553.11292    1.08151    0.06500
1553.47119    0.98567    0.06373
1553.82861    0.99738    0.06358
1554.18604    0.98683    0.06333
1554.54431    0.92407    0.06285
1554.90198    1.04489    0.06377
1555.26062    1.00013    0.06238
1555.61841    0.96561    0.06326
1555.97717    1.02940    0.06571
1556.33508    1.02182    0.06389
1556.69299    0.91096    0.06242
1557.05200    0.97453    0.06522
1557.41028    1.04151    0.06728
1557.76929    0.93197    0.06353
1558.12781    0.95127    0.06376
1558.48694    1.00729    0.06319
1558.84558    0.93235    0.06304
1559.20422    0.90019    0.06276
1559.56372    0.85645    0.06332
1559.92249    0.87723    0.06305
1560.28223    0.91163    0.06308
1560.64111    1.01345    0.06676
1561.00098    1.09943    0.06651
1561.36011    0.94254    0.06554
1561.71936    1.01707    0.06641
1562.07935    1.04113    0.06688
1562.43872    1.00072    0.06801
1562.79919    0.96617    0.06654
1563.15869    0.98889    0.06879
1563.51904    1.05316    0.06809
1563.87878    1.00915    0.06770
1564.23853    1.15895    0.07026
1564.59912    1.11081    0.07083
1564.95923    0.95509    0.07025
1565.32007    0.94116    0.06930
1565.68005    0.94527    0.06957
1566.04126    1.03328    0.07190
1566.40149    0.90768    0.06985
1566.76184    0.99583    0.07111
1567.12317    1.08117    0.07355
1567.48364    0.97056    0.07354
1567.84509    1.12093    0.07363
1568.20581    1.12691    0.07259
1568.56738    1.02714    0.07106
1568.92822    0.90336    0.06831
1569.28906    0.92946    0.06987
1569.65100    1.04470    0.07404
1570.01208    0.94592    0.07260
1570.37415    1.08742    0.07387
1570.73547    1.13370    0.07457
1571.09766    1.03291    0.07300
1571.45911    1.01407    0.07377
1571.82056    1.12259    0.07472
1572.18298    1.07778    0.07606
1572.54480    1.09205    0.07659
1572.90735    1.07469    0.07543
1573.26917    1.02936    0.07386
1573.63196    0.99475    0.07412
1573.99402    0.97175    0.07422
1574.35608    0.94711    0.07481
1574.71912    1.02837    0.07518
1575.08142    0.99557    0.07487
1575.44458    0.95513    0.07521
1575.80701    0.98566    0.07501
1576.17041    1.02602    0.07543
1576.53308    0.99630    0.07506
1576.89563    1.04174    0.07717
1577.25940    0.93713    0.07753
1577.62207    0.88484    0.07540
1577.98596    0.90337    0.07462
1578.34888    0.91949    0.07430
1578.71301    0.99544    0.07866
1579.07617    1.05464    0.08050
1579.43945    1.07587    0.07996
1579.80359    0.97607    0.07758
1580.16699    0.96352    0.07993
1580.53137    1.05012    0.08049
1580.89490    0.88891    0.07634
1581.25964    1.02995    0.07983
1581.62329    1.01982    0.08161
1581.98804    0.96569    0.07958
1582.35205    0.94136    0.07959
1582.71594    0.86973    0.07555
1583.08093    0.78746    0.07669
1583.44507    1.06736    0.08392
1583.81030    1.08109    0.07952
1584.17468    1.01841    0.07832
1584.53992    0.97262    0.07749
1584.90442    0.90944    0.07776
1585.26917    0.92183    0.07858
1585.63464    0.94989    0.07762
1585.99939    0.83107    0.07674
1586.36511    0.88169    0.07671
1586.73010    0.99156    0.07793
1587.09607    0.94602    0.07886
1587.46106    0.92479    0.08060
1587.82629    0.99099    0.08002
1588.19250    0.85942    0.07444
1588.55774    0.89740    0.07462
1588.92407    0.98868    0.07675
1589.28967    0.93257    0.07535
1589.65613    0.97311    0.07850
1590.02173    0.93792    0.07985
1590.38757    0.99333    0.07723
1590.75427    0.96997    0.07509
1591.12024    0.91678    0.07357
1591.48718    0.93239    0.07177
1591.85327    0.89591    0.07299
1592.22034    0.85303    0.07391
1592.58667    1.04028    0.07706
1592.95312    0.93682    0.07606
1593.32031    0.90811    0.07541
1593.68689    1.12578    0.07967
1594.05444    0.79258    0.07868
1594.42114    0.85972    0.07877
1594.78882    0.95742    0.08481
1595.15576    0.99571    0.08257
1595.52258    0.90814    0.07502
1595.89062    0.77365    0.07259
1596.25769    0.87317    0.07459
1596.62573    0.94605    0.07533
1596.99316    0.82354    0.07266
1597.36133    0.97255    0.07532
1597.72888    1.12991    0.07803
1598.09644    0.97275    0.07595
1598.46497    0.94199    0.07617
1598.83276    1.06109    0.07734
1599.20142    0.96690    0.07722
1599.56921    0.89638    0.07441
1599.93811    0.93096    0.07665
1600.30615    1.00907    0.08967
1600.67432    1.12283    0.08931
1601.04346    1.05495    0.07812
1601.41162    1.02863    0.07719
1601.78101    0.92153    0.07492
1602.14954    0.86128    0.07569
1602.51904    0.94553    0.07668
1602.88770    0.95694    0.07507
1603.25635    1.08263    0.07711
1603.62610    0.93560    0.07661
1603.99500    0.98237    0.07704
1604.36487    1.14171    0.08016
1604.73389    1.08362    0.07905
1605.10400    0.95898    0.07469
1605.47314    0.95879    0.07453
1605.84253    1.03742    0.07686
1606.21289    1.04647    0.07790
1606.58240    0.97974    0.07454
1606.95288    0.95203    0.07563
1607.32251    1.00956    0.07585
1607.69324    0.91469    0.07456
1608.06299    0.98738    0.07582
1608.43298    1.02498    0.07542
1608.80396    1.03714    0.07697
1609.17407    1.11823    0.07731
1609.54504    1.08897    0.07754
1609.91541    0.85868    0.07448
1610.28662    1.02628    0.07801
1610.65698    0.92157    0.07272
1611.02844    0.83439    0.07159
1611.39905    1.09757    0.07681
1611.76978    0.99401    0.07719
1612.14136    1.05273    0.07656
1612.51221    0.95399    0.07703
1612.88416    1.03593    0.08087
1613.25525    1.14311    0.07880
1613.62720    1.03953    0.07815
1613.99829    1.02359    0.07629
1614.36975    0.97285    0.07679
1614.74194    0.99770    0.07651
1615.11340    0.94462    0.07553
1615.48584    0.94083    0.07280
1615.85754    1.06295    0.07606
1616.22998    1.02326    0.07539
1616.60193    1.00481    0.07447
1616.97375    1.13253    0.07577
1617.34656    1.09247    0.07686
1617.71875    1.01440    0.07722
1618.09180    1.04567    0.07514
1618.46399    0.91299    0.07237
1618.83728    0.98107    0.07382
1619.20972    1.15888    0.07855
1619.58215    1.08668    0.07726
1619.95569    0.92185    0.07230
1620.32837    0.96270    0.07287
1620.70190    1.07175    0.07426
1621.07483    1.03532    0.07458
1621.44861    1.04229    0.07551
1621.82153    1.02581    0.07413
1622.19470    1.08775    0.07712
1622.56885    1.18806    0.07846
1622.94202    0.98668    0.07729
1623.31628    0.95184    0.07520
1623.68970    0.91307    0.07203
1624.06421    0.94549    0.07305
1624.43787    1.01033    0.07142
1624.81140    1.02297    0.07465
1625.18616    1.03326    0.07692
1625.55994    1.00422    0.07643
1625.93494    0.98442    0.07283
1626.30884    1.01483    0.07676
1626.68396    0.95555    0.07476
1627.05823    0.86739    0.07404
1627.43250    1.09092    0.07831
1627.80774    1.05995    0.07731
1628.18213    1.01329    0.07736
1628.55774    1.05668    0.07987
1628.93225    1.09355    0.08334
1629.30798    1.07894    0.07962
1629.68274    1.11642    0.07976
1630.05762    1.00359    0.07826
1630.43359    0.87737    0.07618
1630.80859    0.94868    0.07629
1631.18469    1.04553    0.07952
1631.55994    0.99515    0.08079
1631.93628    1.01012    0.08073
1632.31165    1.04290    0.08132
1632.68713    0.99599    0.08205
1633.06372    0.94502    0.08257
1633.43921    0.97953    0.08268
1633.81592    1.07573    0.08075
1634.19177    1.08903    0.08080
1634.56860    1.01991    0.08036
1634.94470    1.08628    0.08080
1635.32080    1.06819    0.07898
1635.69788    1.00413    0.08007
1636.07422    1.00005    0.07845
1636.45154    0.93014    0.07801
1636.82800    1.02980    0.07724
1637.20532    0.98818    0.07562
1637.58203    0.97277    0.07712
1637.95862    1.06623    0.07670
1638.33643    1.15056    0.08841
1638.71326    1.11185    0.08479
1639.09131    1.06920    0.07397
1639.46826    1.08445    0.07687
1639.84631    1.04809    0.07137
1640.22363    1.00046    0.07505
1640.60181    1.06666    0.07530
1640.97925    1.18023    0.07764
1641.35669    0.96629    0.08195
1641.73535    0.93254    0.07810
1642.11292    1.08621    0.08335
1642.49158    1.13900    0.08194
1642.86951    1.01735    0.07378
1643.24829    1.04553    0.07432
1643.62634    1.11948    0.07484
1644.00452    1.21211    0.07690
1644.38354    1.15309    0.07699
1644.76184    1.05837    0.07499
1645.14099    1.09147    0.07613
1645.51965    1.11010    0.07509
1645.89905    1.01767    0.07550
1646.27759    0.99697    0.07529
1646.65637    1.03985    0.07182
1647.03613    1.10693    0.07728
1647.41504    1.12380    0.07658
1647.79492    0.99449    0.07296
1648.17395    0.92013    0.07011
1648.55396    0.87530    0.07171
1648.93335    0.99019    0.07156
1649.31262    1.09463    0.07394
1649.69299    1.02975    0.07312
