1410.02441    0.53905    0.06305
1410.34949    0.62395    0.06423
1410.67407    0.86320    0.06924
1410.99927    0.99479    0.07338
1411.32385    1.23384    0.07914
1411.64856    1.11783    0.07832
1411.97412    1.01166    0.07511
1412.29895    1.14948    0.07774
1412.62463    1.13325    0.07822
1412.94971    0.97049    0.07636
1413.27539    1.07851    0.07442
1413.60046    1.11395    0.07919
1413.92578    1.09313    0.07445
1414.25183    1.07859    0.07718
1414.57715    0.99337    0.07359
1414.90332    1.07004    0.07597
1415.22888    1.06366    0.07481
1415.55518    1.11891    0.07716
1415.88074    1.07989    0.07573
1416.20654    0.93932    0.07225
1416.53308    0.97247    0.07265
1416.85901    1.01797    0.07375
1417.18579    0.96167    0.07296
1417.51160    1.04441    0.07578
1417.83862    1.10786    0.07500
1418.16479    1.01860    0.07683
1418.49109    0.95763    0.07223
1418.81812    1.01269    0.07313
1419.14453    0.97597    0.07296
1419.47168    1.01621    0.07378
1419.79834    1.00384    0.07263
1420.12573    0.94974    0.07306
1420.45251    1.08054    0.07467
1420.77917    1.05532    0.07573
1421.10681    1.02883    0.07599
1421.43372    1.04728    0.07521
1421.76160    1.08457    0.07484
1422.08862    1.02070    0.07263
1422.41663    0.83197    0.06992
1422.74377    0.96348    0.07221
1423.07104    1.04204    0.07425
1423.39917    0.94595    0.07250
1423.72668    0.91452    0.07192
1424.05493    1.03478    0.07422
1424.38269    1.05670    0.07327
1424.71106    0.91582    0.06997
1425.03870    0.86040    0.06980
1425.36658    0.97947    0.07247
1425.69531    1.00699    0.07362
1426.02319    0.90790    0.07074
1426.35217    0.98034    0.07219
1426.68030    1.00289    0.07295
1427.00928    0.90277    0.07103
1427.33752    0.98250    0.07077
1427.66675    1.04097    0.07436
1427.99512    0.97884    0.07358
1428.32361    1.07172    0.07606
1428.65308    1.10620    0.07679
1428.98157    0.95464    0.07360
1429.31104    0.92804    0.07082
1429.63989    1.05747    0.07659
1429.96960    1.08197    0.07559
1430.29858    0.87825    0.07037
1430.62756    1.01188    0.07376
1430.95752    1.10358    0.07692
1431.28674    1.04537    0.07507
1431.61682    0.96123    0.07216
1431.94604    0.97452    0.07545
1432.27637    1.02704    0.07476
1432.60583    0.90015    0.07304
1432.93542    1.03374    0.07605
1433.26575    1.10853    0.07529
1433.59558    1.00717    0.07485
1433.92603    0.93477    0.07277
1434.25598    1.02898    0.07371
1434.58679    0.88153    0.07124
1434.91675    1.05569    0.07391
1435.24683    1.03299    0.07373
1435.57776    0.89357    0.07255
1435.90808    0.91795    0.07233
1436.23926    0.99966    0.07350
1436.56958    1.01440    0.07467
1436.90088    1.06645    0.07523
1437.23145    0.97249    0.07267
1437.56201    0.88949    0.07044
1437.89343    0.92649    0.07142
1438.22424    0.88603    0.07162
1438.55603    0.81473    0.06951
1438.88696    0.88034    0.06939
1439.21875    0.90475    0.07045
1439.54980    0.95284    0.07257
1439.88098    1.02888    0.07254
1440.21289    0.96316    0.07197
1440.54431    1.01559    0.07136
1440.87659    0.81012    0.06815
1441.20789    0.82364    0.06753
1441.54028    0.94365    0.06983
1441.87195    0.91962    0.07083
1442.20374    0.89580    0.07100
1442.53613    0.88958    0.07029
1442.86804    0.87154    0.06960
1443.20081    0.91111    0.07024
1443.53284    0.95160    0.07081
1443.86572    0.90440    0.07040
1444.19788    0.83474    0.07030
1444.53003    0.98849    0.07247
1444.86328    1.01826    0.07205
1445.19556    0.94753    0.07145
1445.52881    0.93016    0.07039
1445.86145    0.98847    0.07182
1446.19470    0.97598    0.07210
1446.52747    0.89692    0.07199
1446.86023    0.98259    0.07111
1447.19397    0.86743    0.06957
1447.52686    0.81056    0.06764
1447.86072    0.99353    0.07125
1448.19373    0.99739    0.07149
1448.52771    0.90196    0.07074
1448.86096    0.97464    0.07228
1449.19409    0.99688    0.07254
1449.52844    0.91836    0.07113
1449.86194    0.90275    0.07084
1450.19617    1.00967    0.07357
1450.52979    0.84515    0.07158
1450.86426    0.88653    0.06957
1451.19800    0.83913    0.07030
1451.53186    0.86166    0.07133
1451.86658    1.01063    0.07462
1452.20068    0.91820    0.07226
1452.53552    1.06961    0.07437
1452.86963    0.89085    0.07303
1453.20471    0.94490    0.07243
1453.53894    1.06595    0.07694
1453.87427    0.95279    0.07569
1454.20862    0.91581    0.07484
1454.54321    0.94025    0.07620
1454.87854    0.92122    0.07549
1455.21326    0.88889    0.07385
1455.54883    0.89212    0.07258
1455.88367    0.88499    0.07262
1456.21948    0.80271    0.07082
1456.55444    0.87815    0.07046
1456.88940    0.86530    0.07266
1457.22534    0.94032    0.07163
1457.56067    1.02430    0.07652
1457.89673    0.98906    0.07362
1458.23218    0.93064    0.07045
1458.56836    0.83754    0.06819
1458.90405    0.83481    0.06825
1459.23962    0.87645    0.06961
1459.57617    0.88408    0.06948
1459.91187    0.86176    0.06901
1460.24854    0.89027    0.07016
1460.58447    0.92412    0.07076
1460.92126    0.84641    0.06921
1461.25732    0.82876    0.06849
1461.59351    0.87359    0.07005
1461.93042    0.88676    0.06924
1462.26685    0.88314    0.07006
1462.60413    0.95330    0.07132
1462.94055    0.97111    0.07323
1463.27783    0.98357    0.07276
1463.61450    0.96331    0.07055
1463.95117    0.89769    0.07019
1464.28870    0.91349    0.07081
1464.62561    1.06354    0.07467
1464.96338    0.95460    0.07339
1465.30029    0.88529    0.07099
1465.63831    0.84707    0.06964
1465.97546    0.80354    0.06739
1466.31262    0.95306    0.07120
1466.65088    0.86534    0.06843
1466.98828    0.84167    0.06928
1467.32654    0.84982    0.06819
1467.66406    0.89079    0.06941
1468.00256    0.95405    0.07009
1468.34021    0.91503    0.06996
1468.67798    0.83613    0.06812
1469.01672    0.87855    0.06891
1469.35461    0.90256    0.06919
1469.69348    0.92622    0.07107
1470.03162    0.99777    0.07331
1470.37048    0.99752    0.07181
1470.70886    0.91749    0.06986
1471.04712    0.92726    0.07207
1471.38635    0.98366    0.07133
1471.72498    0.93114    0.07024
1472.06433    0.83924    0.06815
1472.40283    0.97916    0.07143
1472.74243    0.95427    0.07119
1473.08130    1.01825    0.07403
1473.42004    1.03700    0.07292
1473.75989    0.99501    0.07166
1474.09888    0.95088    0.07036
1474.43884    0.86548    0.06815
1474.77808    0.83353    0.06771
1475.11816    0.97305    0.07054
1475.45752    0.83716    0.07012
1475.79688    0.84942    0.07125
1476.13721    1.13734    0.07552
1476.47668    0.81891    0.06904
1476.81726    0.86243    0.06978
1477.15698    0.92260    0.07045
1477.49768    0.99737    0.07306
1477.83752    1.00610    0.07353
1478.17749    0.95317    0.07337
1478.51831    1.02641    0.07336
1478.85852    0.81050    0.06956
1479.19946    0.88585    0.06987
1479.53967    0.95804    0.07218
1479.88098    0.93052    0.07186
1480.22144    0.90202    0.07174
1480.56274    0.84705    0.07078
1480.90344    0.95139    0.07277
1481.24390    0.94392    0.07505
1481.58557    1.07726    0.07687
1481.92639    1.08096    0.07612
1482.26819    0.85051    0.07160
1482.60913    0.99238    0.07273
1482.95105    0.97775    0.07374
1483.29211    0.93256    0.07489
1483.63342    0.94888    0.07478
1483.97546    0.96559    0.07690
1484.31702    0.90601    0.08039
1484.65918    0.88062    0.08024
1485.00073    1.18192    0.08466
1485.34326    1.02315    0.07885
1485.68481    0.96023    0.07150
1486.02673    0.96602    0.07139
1486.36938    0.85433    0.07097
1486.71130    1.01677    0.07149
1487.05408    0.83326    0.06882
1487.39624    0.91754    0.06974
1487.73926    1.04715    0.07353
1488.08142    1.01290    0.07204
1488.42371    0.92757    0.07118
1488.76697    0.99316    0.07086
1489.10950    1.00143    0.07116
1489.45288    0.94947    0.07047
1489.79553    0.95377    0.07129
1490.13904    0.97304    0.07090
1490.48181    0.95132    0.07266
1490.82483    0.98603    0.07332
1491.16846    1.02313    0.07351
1491.51160    0.94205    0.07224
1491.85559    0.90767    0.07058
1492.19861    0.89394    0.06931
1492.54285    0.84354    0.06883
1492.88623    0.90863    0.06968
1493.22961    0.98065    0.07120
1493.57397    0.97328    0.07111
1493.91760    0.96672    0.06959
1494.26196    0.95743    0.07089
1494.60583    0.98136    0.07152
1494.95044    1.18052    0.07697
1495.29443    1.23734    0.07878
1495.63843    1.09430    0.07485
1495.98328    1.05594    0.07344
1496.32739    1.05262    0.07467
1496.67249    0.95633    0.07139
1497.01672    0.99041    0.07257
1497.36194    0.91813    0.07096
1497.70642    1.01858    0.07159
1498.05103    1.09618    0.07605
1498.39648    1.08932    0.07436
1498.74109    1.03527    0.07367
1499.08667    0.89520    0.07035
1499.43164    1.02544    0.07164
1499.77734    1.03732    0.07455
1500.12244    1.00942    0.07027
1500.46741    1.03294    0.07348
1500.81360    1.08348    0.07546
1501.15869    1.10272    0.07547
1501.50500    0.95791    0.07124
1501.85034    0.96523    0.06996
1502.19666    0.97387    0.07017
1502.54224    0.94237    0.07056
1502.88782    0.96740    0.07079
1503.23450    0.99890    0.07024
1503.58032    0.86825    0.06825
1503.92700    0.96136    0.07025
1504.27295    1.11056    0.07355
1504.61987    1.07333    0.07321
1504.96594    0.90344    0.06982
1505.31226    0.91850    0.06867
1505.65930    0.93529    0.06992
1506.00574    0.89333    0.06956
1506.35303    1.02748    0.07203
1506.69958    1.12045    0.07263
1507.04700    0.96329    0.07114
1507.39368    0.96611    0.06973
1507.74121    1.03723    0.07144
1508.08813    1.05466    0.07203
1508.43506    1.08152    0.07235
1508.78284    1.08831    0.07101
1509.13000    0.99022    0.06999
1509.47803    0.86963    0.06745
1509.82532    1.00086    0.06970
1510.17346    1.04559    0.07109
1510.52075    0.98741    0.06874
1510.86829    1.01498    0.07148
1511.21667    1.08553    0.09018
1511.56433    0.87529    0.08817
1511.91284    1.02148    0.09133
1512.26074    0.96003    0.06934
1512.60938    0.85449    0.06360
1512.95740    0.93827    0.06842
1513.30542    1.11749    0.07362
1513.65442    1.08528    0.07194
1514.00269    0.97390    0.06878
1514.35181    0.97998    0.06823
1514.70007    1.00452    0.07009
1515.04944    1.04727    0.06894
1515.39795    1.09865    0.07023
1515.74658    0.98907    0.06828
1516.09619    1.05933    0.06960
1516.44495    1.15617    0.07052
1516.79456    1.11366    0.06968
1517.14355    0.97656    0.06694
1517.49341    0.96013    0.06741
1517.84241    1.15956    0.06977
1518.19165    1.03987    0.06776
1518.54175    0.96087    0.06481
1518.89099    0.76189    0.06010
1519.24133    0.58126    0.05644
1519.59082    0.70002    0.05835
1519.94128    0.93201    0.06330
1520.29089    1.14355    0.06695
1520.64062    1.04041    0.06549
1520.99133    1.03936    0.06627
1521.34119    1.13548    0.06741
1521.69202    1.07404    0.06550
1522.04199    1.04476    0.06546
1522.39307    1.00180    0.06608
1522.74329    1.00450    0.06432
1523.09363    0.95323    0.06375
1523.44482    0.90051    0.06046
1523.79517    0.97156    0.06332
1524.14673    1.08434    0.06425
1524.49731    1.05864    0.06606
1524.84888    1.02362    0.06383
1525.19958    0.94494    0.06274
1525.55054    0.82248    0.05852
1525.90222    0.65027    0.05451
1526.25330    0.34524    0.04808
1526.60522    0.20400    0.04378
1526.95642    0.13146    0.04030
1527.30859    0.09855    0.04113
1527.65991    0.07491    0.04059
1528.01147    0.04864    0.03916
1528.36377    0.08164    0.03893
1528.71521    0.08641    0.03896
1529.06775    0.04899    0.03731
1529.41956    0.09692    0.03805
1529.77222    0.12396    0.03822
1530.12415    0.02002    0.03569
1530.47620    0.03466    0.03632
1530.82910    0.05269    0.03669
1531.18127    0.10122    0.03711
1531.53442    0.14742    0.03851
1531.88684    0.16677    0.04401
1532.23987    0.15344    0.04681
1532.59241    0.10046    0.04287
1532.94495    0.07740    0.04085
1533.29846    0.07358    0.05180
1533.65125    0.06308    0.03357
1534.00488    0.07635    0.03357
1534.35779    0.10647    0.03553
1534.71155    0.04328    0.03276
1535.06470    0.04584    0.03044
1535.41858    0.08445    0.03168
1535.77185    0.10419    0.03209
1536.12512    0.09398    0.03203
1536.47949    0.07784    0.03051
1536.83289    0.08697    0.03168
1537.18726    0.15270    0.03162
1537.54089    0.17514    0.03199
1537.89539    0.17138    0.03118
1538.24927    0.17753    0.03100
1538.60315    0.20280    0.03211
1538.95789    0.23656    0.03321
1539.31189    0.23788    0.03291
1539.66687    0.27828    0.03313
1540.02112    0.30134    0.03285
1540.37622    0.35261    0.03542
1540.73059    0.51956    0.03806
1541.08496    0.71800    0.04229
1541.44043    0.85678    0.04571
1541.79504    1.01515    0.04901
1542.15051    1.12708    0.05166
1542.50525    1.10926    0.05067
1542.86096    1.00482    0.04851
1543.21606    0.99772    0.04812
1543.57092    1.02016    0.04748
1543.92688    1.00618    0.04761
1544.28210    1.05465    0.04728
1544.63818    1.11252    0.05077
1544.99365    1.08154    0.05317
1545.34985    1.09788    0.04833
1545.70520    1.08903    0.04687
1546.06091    1.04480    0.04725
1546.41748    1.04512    0.04692
1546.77319    1.09003    0.04871
1547.12988    1.08084    0.04768
1547.48584    0.97874    0.04631
1547.84265    1.03781    0.04706
1548.19861    0.98984    0.04620
1548.55493    0.98136    0.04677
1548.91199    1.02110    0.04746
1549.26831    0.96117    0.04703
1549.62549    0.92371    0.04650
1549.98206    0.95114    0.04712
1550.33936    0.99257    0.04827
1550.69604    1.00343    0.04892
1551.05286    0.94837    0.04823
1551.41052    0.91521    0.04838
1551.76746    1.10645    0.05170
1552.12524    1.01015    0.05151
1552.48242    1.02706    0.05145
1552.84033    1.00704    0.05162
1553.19763    0.94818    0.05149
1553.55493    1.00015    0.05249
1553.91309    0.90228    0.05164
1554.27063    0.96798    0.05293
1554.62891    0.99774    0.05423
1554.98657    0.95577    0.05482
1555.34521    0.99332    0.05625
1555.70300    1.13449    0.05799
1556.06091    1.04717    0.05666
1556.41968    1.01187    0.05731
1556.77771    1.00329    0.05486
1557.13672    0.96667    0.05812
1557.49487    1.02758    0.05740
1557.85425    1.17917    0.06334
1558.21252    0.97377    0.06126
1558.57092    0.99541    0.06172
1558.93030    1.09752    0.06398
1559.28894    1.11344    0.06412
1559.64856    1.05096    0.06274
1560.00732    1.01360    0.06225
1560.36707    1.03863    0.06160
1560.72607    1.08750    0.06151
1561.08508    1.04596    0.06075
1561.44519    1.01796    0.06018
1561.80420    1.03992    0.06160
1562.16443    1.03130    0.06072
1562.52380    0.99708    0.06060
1562.88416    1.05398    0.06138
1563.24365    1.03416    0.06272
1563.60413    0.99090    0.06054
1563.96387    0.98892    0.06053
1564.32373    1.00047    0.06071
1564.68433    0.98567    0.05942
1565.04431    0.94245    0.05901
1565.40527    0.99650    0.05998
1565.76538    1.06765    0.06163
1566.12646    1.08414    0.06215
1566.48669    1.02845    0.06069
1566.84705    0.90790    0.05955
1567.20837    1.14933    0.06228
1567.56885    1.00788    0.06001
1567.93042    0.91183    0.05991
1568.29114    1.03922    0.06047
1568.65283    1.02445    0.06256
1569.01355    0.97710    0.06206
1569.37463    1.01232    0.06215
1569.73645    1.03528    0.06373
1570.09766    0.97586    0.06070
1570.45959    0.91400    0.05909
1570.82092    0.96538    0.06047
1571.18311    1.02674    0.06196
1571.54456    0.95185    0.06130
1571.90613    0.85983    0.05823
1572.26855    0.89265    0.05941
1572.63025    0.99132    0.06135
1572.99292    0.97721    0.06127
1573.35474    0.87499    0.05993
1573.71753    0.91098    0.06094
1574.07971    1.03156    0.06443
1574.44177    0.99628    0.06267
1574.80481    0.89819    0.06313
1575.16699    0.99507    0.06428
1575.53040    1.06366    0.06655
1575.89270    1.05297    0.06483
1576.25623    0.97391    0.06400
1576.61877    0.94982    0.06259
1576.98145    0.96021    0.06439
1577.34521    0.94566    0.06414
1577.70801    1.07774    0.06661
1578.07178    0.98071    0.06545
1578.43481    0.95615    0.06385
1578.79883    1.02608    0.06589
1579.16199    1.02578    0.06597
1579.52527    0.95636    0.06573
1579.88953    1.11066    0.06761
1580.25293    0.95985    0.06713
1580.61743    0.92091    0.06515
1580.98108    0.98942    0.06670
1581.34558    1.04510    0.06540
1581.70947    1.05535    0.06672
1582.07324    0.96311    0.06444
1582.43799    1.06847    0.06662
1582.80200    1.05389    0.06716
1583.16711    1.01071    0.06481
1583.53137    0.99590    0.06549
1583.89648    0.95039    0.06407
1584.26074    1.04924    0.06485
1584.62524    0.97130    0.06371
1584.99072    0.90098    0.06230
1585.35535    0.97991    0.06543
1585.72083    1.08881    0.06621
1586.08569    1.04267    0.06634
1586.45154    0.99078    0.06451
1586.81653    0.99785    0.06617
1587.18140    1.05900    0.06644
1587.54736    1.08062    0.06794
1587.91272    1.03072    0.06604
1588.27881    0.98807    0.06528
1588.64417    1.03072    0.06594
1589.01050    1.02346    0.06555
1589.37610    1.03441    0.06596
1589.74170    1.05583    0.06586
1590.10840    1.03683    0.06577
1590.47424    1.00753    0.06699
1590.84094    1.09932    0.06825
1591.20691    0.99563    0.06669
1591.57385    0.98333    0.06419
1591.93994    1.03028    0.06647
1592.30701    1.01732    0.06581
1592.67334    0.97986    0.06408
1593.03979    1.03048    0.06810
1593.40710    0.97735    0.07276
1593.77368    0.90074    0.07861
1594.14111    0.93891    0.08037
1594.50793    1.04406    0.07990
1594.87561    1.02625    0.07231
1595.24243    0.90183    0.06809
1595.60950    1.01238    0.06739
1595.97742    0.97654    0.06460
1596.34460    0.85451    0.06073
1596.71277    0.84807    0.06087
1597.08008    0.97464    0.06480
1597.44836    1.07121    0.06649
1597.81580    1.03896    0.06812
1598.18335    0.97063    0.06408
1598.55188    0.96612    0.06579
1598.91968    1.01729    0.06489
1599.28833    1.06083    0.06706
1599.65625    1.12048    0.06850
1600.02515    1.05906    0.06693
1600.39319    1.06965    0.06785
1600.76147    1.04056    0.06558
1601.13062    0.99534    0.06560
1601.49878    1.04631    0.06629
1601.86804    0.85043    0.06185
1602.23657    0.88241    0.06360
1602.60608    0.98650    0.06257
1602.97473    0.95803    0.06468
1603.34363    0.91028    0.06298
1603.71338    1.03810    0.06716
1604.08215    1.03248    0.06772
1604.45203    1.03639    0.06562
1604.82117    0.93803    0.06297
1605.19128    0.95106    0.06334
1605.56055    1.03062    0.06533
1605.92993    0.90867    0.06390
1606.30029    0.91295    0.06442
1606.66980    1.02524    0.06818
1607.04028    1.06842    0.06602
1607.40991    0.99856    0.06621
1607.78064    0.93470    0.06309
1608.15051    0.98715    0.06548
1608.52051    1.00783    0.06586
1608.89136    1.09821    0.06622
1609.26147    1.03338    0.06603
1609.63257    0.95258    0.06452
1610.00293    0.97217    0.06505
1610.37415    1.01883    0.06616
1610.74463    1.09513    0.06693
1611.11511    0.91297    0.06463
1611.48669    0.93156    0.06268
1611.85742    1.04086    0.06896
1612.22913    1.04541    0.06673
1612.60010    1.00602    0.06517
1612.97192    0.95893    0.06340
1613.34302    0.96225    0.06416
1613.71411    0.98836    0.06326
1614.08618    1.04094    0.06552
1614.45740    1.06227    0.06408
1614.82983    0.98287    0.06374
1615.20129    0.94786    0.06238
1615.57373    0.98205    0.06407
1615.94531    0.96019    0.06260
1616.31726    0.99274    0.06390
1616.68994    1.03131    0.06475
1617.06177    0.94565    0.06438
1617.43469    1.11230    0.06689
1617.80676    1.00729    0.06628
1618.17981    0.85182    0.06289
1618.55212    0.96324    0.06429
1618.92529    1.08311    0.06537
1619.29773    0.82071    0.06019
1619.67029    0.94172    0.06240
1620.04382    0.91144    0.06401
1620.41650    1.01506    0.06416
1620.79016    1.02536    0.06651
1621.16296    0.89762    0.06303
1621.53674    0.97210    0.06420
1621.90979    1.02558    0.06499
1622.28296    1.00372    0.06521
1622.65710    0.96679    0.06399
1623.03040    0.99556    0.06620
1623.40466    1.06456    0.06511
1623.77808    1.07037    0.06809
1624.15247    1.03021    0.06517
1624.52612    0.90442    0.06361
1624.89990    0.97412    0.06519
1625.27454    1.06924    0.06769
1625.64856    1.05982    0.06740
1626.02332    1.04838    0.06581
1626.39746    0.91694    0.06349
1626.77234    0.99261    0.06352
1627.14661    0.98537    0.06480
1627.52100    1.03456    0.06447
1627.89624    1.11797    0.06760
1628.27075    0.95410    0.06335
1628.64624    0.94224    0.06303
1629.02087    1.00286    0.06591
1629.39661    1.08646    0.06604
1629.77148    1.02477    0.06471
1630.14648    0.91152    0.06289
1630.52234    1.00716    0.06469
1630.89746    0.98227    0.06505
1631.27344    0.95357    0.06435
1631.64868    1.05389    0.06665
1632.02490    1.03471    0.06500
1632.40051    0.92334    0.06329
1632.77588    1.03293    0.06529
1633.15259    0.98635    0.06380
1633.52808    1.02314    0.06465
1633.90491    0.96487    0.06319
1634.28076    0.98134    0.06520
1634.65759    1.08577    0.06675
1635.03369    1.00484    0.06597
1635.40979    0.95611    0.06329
1635.78699    0.93976    0.06245
1636.16333    0.94698    0.06513
1636.54053    0.98035    0.06435
1636.91699    1.03441    0.06537
1637.29456    1.05045    0.06456
1637.67114    0.92604    0.06260
1638.04785    0.95008    0.06278
1638.42554    1.00546    0.06511
1638.80249    1.09435    0.06643
1639.18042    1.14883    0.06874
1639.55750    1.01304    0.06461
1639.93567    0.92505    0.06403
1640.31287    1.01313    0.06551
1640.69031    0.97985    0.06549
1641.06848    0.89224    0.06208
1641.44604    0.90530    0.06232
1641.82458    0.97966    0.06416
1642.20227    1.02242    0.06628
1642.58105    0.98451    0.06710
1642.95886    1.02655    0.06653
1643.33679    1.00650    0.06421
1643.71582    0.89860    0.06158
1644.09387    0.91139    0.06163
1644.47290    0.88158    0.06065
1644.85132    0.94363    0.06203
1645.23071    0.94237    0.06204
1645.60913    0.94700    0.06327
1645.98767    1.00171    0.06384
1646.36731    0.99039    0.06332
1646.74597    0.98765    0.06351
1647.12573    0.98802    0.06291
1647.50464    0.98374    0.06459
1647.88452    0.96684    0.06379
1648.26355    0.98705    0.06491
1648.64380    1.05916    0.06513
1649.02295    0.94636    0.06411
1649.40234    0.98023    0.06456
1649.78259    0.95237    0.06159
