1410.19800    1.06015    0.08851
1410.52319    1.19832    0.08791
1410.84778    1.37235    0.09229
1411.17297    1.29794    0.08997
1411.49768    1.19158    0.08820
1411.82239    1.10555    0.08659
1412.14795    1.06482    0.08577
1412.47278    1.27247    0.08880
1412.79858    1.34655    0.09119
1413.12354    1.15275    0.08831
1413.44934    1.18563    0.08892
1413.77454    1.22101    0.08969
1414.09985    1.13125    0.08910
1414.42590    0.91074    0.08409
1414.75122    1.14093    0.09157
1415.07751    1.60412    0.09720
1415.40295    1.22599    0.09359
1415.72937    1.18107    0.09060
1416.05518    1.21181    0.09158
1416.38086    1.23565    0.09194
1416.70752    1.22827    0.09166
1417.03333    1.20680    0.09156
1417.36011    1.20725    0.09028
1417.68616    1.11064    0.08853
1418.01318    1.17535    0.08793
1418.33936    1.20810    0.08989
1418.66565    1.22269    0.08956
1418.99280    1.24043    0.09001
1419.31921    1.12142    0.08791
1419.64648    1.05999    0.08679
1419.97314    1.17591    0.08903
1420.30054    1.27315    0.08963
1420.62732    1.22280    0.08769
1420.95483    1.13822    0.08682
1421.28174    1.19799    0.08744
1421.60876    1.10263    0.08685
1421.93652    1.20104    0.08769
1422.26367    1.14526    0.08563
1422.59167    1.14609    0.08405
1422.91895    1.26111    0.08431
1423.24695    1.00730    0.07919
1423.57446    0.93383    0.07723
1423.90198    1.02008    0.07812
1424.23022    1.00635    0.07904
1424.55786    1.08764    0.07933
1424.88635    1.24598    0.08435
1425.21423    1.04057    0.07974
1425.54285    1.04276    0.08071
1425.87085    1.20811    0.08344
1426.19873    1.14049    0.08395
1426.52771    1.07590    0.08347
1426.85596    1.19336    0.08652
1427.18494    1.16564    0.08653
1427.51331    1.21984    0.08673
1427.84241    0.99331    0.08269
1428.17090    1.02028    0.08465
1428.49939    1.09693    0.08407
1428.82886    0.98493    0.08286
1429.15759    1.05218    0.08201
1429.48706    1.00260    0.08187
1429.81592    1.04955    0.08386
1430.14563    1.07452    0.08334
1430.47473    1.03911    0.08304
1430.80371    1.05577    0.08287
1431.13367    1.15947    0.08405
1431.46301    1.00744    0.08240
1431.79309    1.13723    0.08424
1432.12244    1.14024    0.08628
1432.45264    0.98564    0.08284
1432.78223    0.92837    0.08174
1433.11182    0.95205    0.08053
1433.44226    0.70643    0.07435
1433.77197    0.44127    0.06871
1434.10266    0.59323    0.07284
1434.43250    0.87746    0.07952
1434.76331    0.93372    0.08226
1435.09338    0.95207    0.08371
1435.42346    1.02523    0.08524
1435.75452    1.05548    0.08495
1436.08484    1.06476    0.08598
1436.41589    1.06063    0.08312
1436.74646    1.06447    0.08259
1437.07776    1.12208    0.08469
1437.40833    1.11518    0.08375
1437.73901    0.90475    0.08079
1438.07056    0.87304    0.08033
1438.40137    0.96690    0.08325
1438.73303    1.07177    0.08671
1439.06396    1.27635    0.09091
1439.39587    0.99173    0.08407
1439.72705    0.95531    0.08380
1440.05823    0.96626    0.08329
1440.39038    1.03866    0.08738
1440.72168    1.15897    0.08463
1441.05396    1.00682    0.08321
1441.38538    0.99203    0.08209
1441.71777    0.97513    0.08175
1442.04944    0.96183    0.08158
1442.38123    1.03439    0.08813
1442.71387    1.11051    0.08913
1443.04565    0.99213    0.08638
1443.37854    1.00800    0.08680
1443.71045    1.07871    0.08865
1444.04333    0.93161    0.08636
1444.37573    0.84246    0.08484
1444.70801    1.01500    0.08716
1445.04102    1.05263    0.08576
1445.37341    0.92799    0.08220
1445.70679    0.93306    0.08143
1446.03931    1.06075    0.08314
1446.37280    1.07113    0.08128
1446.70557    0.84634    0.07472
1447.03918    0.67514    0.07172
1447.37207    0.95839    0.07556
1447.70508    0.94759    0.07781
1448.03894    0.82912    0.07616
1448.37195    0.82691    0.07514
1448.70593    0.85459    0.07442
1449.03918    0.76826    0.07232
1449.37329    0.95363    0.07692
1449.70691    0.77144    0.07359
1450.04041    0.72677    0.07323
1450.37463    0.85882    0.07506
1450.70837    0.86642    0.07454
1451.04285    0.80038    0.07520
1451.37671    0.88617    0.07687
1451.71143    0.73477    0.07849
1452.04529    0.77713    0.09168
1452.37939    0.83644    0.09670
1452.71423    0.74571    0.09390
1453.04846    0.87999    0.08386
1453.38354    0.53440    0.07490
1453.71790    0.83390    0.07299
1454.05310    0.77880    0.07464
1454.38770    0.58265    0.07141
1454.72229    0.78795    0.07251
1455.05762    0.77752    0.07361
1455.39233    0.80264    0.07550
1455.72803    0.67926    0.07182
1456.06287    0.77878    0.07188
1456.39868    0.85736    0.07120
1456.73364    0.69905    0.06921
1457.06885    0.73193    0.06763
1457.40479    0.59358    0.06787
1457.74011    0.72832    0.06824
1458.07629    0.69398    0.06899
1458.41174    0.59109    0.06547
1458.74792    0.68142    0.06734
1459.08362    0.70380    0.06853
1459.41931    0.72699    0.06874
1459.75574    0.72507    0.07009
1460.09155    0.71447    0.06874
1460.42822    0.69194    0.06757
1460.76428    0.67586    0.06741
1461.10107    0.73155    0.06803
1461.43713    0.80233    0.07016
1461.77344    0.68136    0.07482
1462.11047    0.62260    0.07409
1462.44690    0.71061    0.07686
1462.78406    0.81909    0.07351
1463.12061    0.83085    0.07495
1463.45801    0.75874    0.07351
1463.79468    0.83908    0.07203
1464.13147    0.86019    0.07270
1464.46912    0.78993    0.07263
1464.80603    0.75526    0.07265
1465.14368    0.77286    0.06976
1465.48083    0.76661    0.06965
1465.81873    0.74498    0.06837
1466.15588    0.78543    0.06942
1466.49316    0.74930    0.06790
1466.83142    0.62284    0.06511
1467.16882    0.73683    0.06696
1467.50708    0.88986    0.06888
1467.84473    0.71633    0.06524
1468.18323    0.73109    0.06658
1468.52100    0.81489    0.06738
1468.85889    0.71643    0.06752
1469.19751    0.79310    0.06706
1469.53552    0.72575    0.06686
1469.87439    0.70297    0.06542
1470.21265    0.63642    0.06402
1470.55164    0.67360    0.06426
1470.88989    0.83077    0.06790
1471.22827    0.73547    0.06666
1471.56750    0.80522    0.06782
1471.90601    0.61020    0.06248
1472.24548    0.66250    0.06381
1472.58423    0.70702    0.06078
1472.92371    0.49202    0.05976
1473.26257    0.65958    0.05956
1473.60229    0.50774    0.05925
1473.94128    0.65319    0.06158
1474.28040    0.58991    0.06254
1474.62024    0.41377    0.05705
1474.95959    0.48661    0.05851
1475.29968    0.51221    0.05658
1475.63904    0.43254    0.05630
1475.97937    0.45018    0.05686
1476.31885    0.39333    0.05418
1476.65857    0.29028    0.05241
1476.99902    0.27934    0.05322
1477.33875    0.30616    0.05379
1477.67957    0.33523    0.05341
1478.01941    0.45615    0.05419
1478.36023    0.39750    0.05444
1478.70032    0.35195    0.05384
1479.04053    0.50893    0.05784
1479.38171    0.49086    0.05864
1479.72192    0.49840    0.05945
1480.06323    0.63896    0.06202
1480.40369    0.61897    0.06155
1480.74500    0.56972    0.06053
1481.08569    0.67703    0.06280
1481.42627    0.64549    0.06333
1481.76794    0.55978    0.06180
1482.10889    0.64100    0.06149
1482.45056    0.71169    0.06271
1482.79175    0.71145    0.06430
1483.13354    0.67882    0.06448
1483.47485    0.59397    0.06195
1483.81616    0.65540    0.06240
1484.15820    0.58241    0.06190
1484.49963    0.49785    0.05933
1484.84192    0.47948    0.05744
1485.18359    0.50735    0.05822
1485.52600    0.59063    0.05946
1485.86780    0.61132    0.06056
1486.20959    0.48407    0.05726
1486.55237    0.55302    0.06130
1486.89441    0.63663    0.06136
1487.23718    0.46241    0.05721
1487.57935    0.37668    0.05468
1487.92224    0.44046    0.05384
1488.26465    0.33013    0.05208
1488.60693    0.28498    0.04994
1488.95020    0.24277    0.04835
1489.29272    0.11572    0.04379
1489.63635    0.22962    0.04926
1489.97888    0.23333    0.05079
1490.32239    0.34970    0.05304
1490.66528    0.35810    0.05400
1491.00842    0.36073    0.05387
1491.35217    0.45542    0.05342
1491.69519    0.32129    0.05230
1492.03906    0.48086    0.05436
1492.38232    0.48577    0.05504
1492.72656    0.39156    0.05388
1493.07007    0.39096    0.05331
1493.41345    0.53326    0.05704
1493.75793    0.67085    0.05978
1494.10144    0.63221    0.06055
1494.44592    0.57819    0.06208
1494.78979    0.74397    0.06522
1495.13452    0.85215    0.06587
1495.47839    0.70292    0.06495
1495.82251    0.77790    0.06480
1496.16736    0.85575    0.06653
1496.51160    0.91982    0.06919
1496.85681    0.86019    0.06630
1497.20105    0.83823    0.06503
1497.54639    0.99011    0.06651
1497.89087    1.02986    0.06717
1498.23547    0.91980    0.06480
1498.58081    0.83049    0.06317
1498.92566    0.89081    0.06477
1499.27124    0.86839    0.06429
1499.61609    0.58043    0.05757
1499.96191    0.41210    0.05405
1500.30713    0.64475    0.05792
1500.65295    0.84100    0.06298
1500.99829    0.88821    0.06344
1501.34363    0.85650    0.06337
1501.68982    0.77745    0.06005
1502.03516    0.61910    0.05719
1502.38159    0.61686    0.05809
1502.72729    0.57831    0.05715
1503.07385    0.65067    0.05667
1503.41943    0.70722    0.05716
1503.76538    0.56077    0.05481
1504.11206    0.43845    0.05167
1504.45813    0.34801    0.04812
1504.80505    0.15725    0.04206
1505.15125    0.14959    0.04441
1505.49829    0.24125    0.04434
1505.84473    0.19758    0.04351
1506.19104    0.19679    0.04335
1506.53845    0.24969    0.04297
1506.88501    0.08165    0.03972
1507.23254    0.06371    0.03893
1507.57922    0.18378    0.04138
1507.92688    0.17441    0.04240
1508.27380    0.14381    0.04167
1508.62061    0.13096    0.03971
1508.96863    0.14545    0.04061
1509.31567    0.15521    0.04309
1509.66382    0.28043    0.04791
1510.01111    0.52090    0.05424
1510.35925    0.52928    0.05568
1510.70679    0.51596    0.05476
1511.05432    0.70554    0.05642
1511.40271    0.80643    0.05914
1511.75037    0.84058    0.05997
1512.09900    0.92974    0.06086
1512.44678    0.81682    0.05940
1512.79565    0.82011    0.05841
1513.14355    0.72600    0.05892
1513.49170    0.89731    0.06058
1513.84070    1.07151    0.06548
1514.18909    0.86107    0.06090
1514.53821    0.83324    0.06037
1514.88660    1.11102    0.06216
1515.23596    0.83653    0.05798
1515.58459    0.82673    0.05753
1515.93323    1.06979    0.06209
1516.28284    1.00374    0.06189
1516.63159    1.02602    0.06066
1516.98132    0.95045    0.05980
1517.33032    1.01330    0.07090
1517.68018    0.96821    0.07625
1518.02930    0.89320    0.06552
1518.37866    1.03214    0.06079
1518.72864    1.15851    0.06269
1519.07800    1.03983    0.06050
1519.42847    1.00665    0.05948
1519.77795    1.01380    0.05881
1520.12842    1.03893    0.05979
1520.47815    1.11886    0.06099
1520.82776    1.16408    0.06221
1521.17859    1.20083    0.06188
1521.52844    1.12724    0.06142
1521.87939    1.16404    0.06071
1522.22949    1.19250    0.06200
1522.58044    1.05139    0.05849
1522.93079    1.06742    0.05795
1523.28101    0.98166    0.05829
1523.63232    1.05015    0.05943
1523.98291    1.00413    0.05922
1524.33423    0.90204    0.05738
1524.68494    1.00966    0.05779
1525.03662    1.13339    0.05799
1525.38745    1.01013    0.05658
1525.73828    1.12813    0.05610
1526.09009    1.06692    0.05614
1526.44128    0.95361    0.05382
1526.79321    1.10627    0.05537
1527.14441    1.00610    0.05345
1527.49658    0.98161    0.05225
1527.84802    1.02294    0.05318
1528.20032    1.05638    0.05369
1528.55176    0.99324    0.05239
1528.90344    0.90270    0.05117
1529.25610    1.04131    0.05075
1529.60791    1.02846    0.05080
1529.96057    1.07816    0.05112
1530.31262    1.02464    0.05133
1530.66553    0.96546    0.04992
1531.01770    1.05802    0.05082
1531.36987    0.99963    0.05006
1531.72290    0.98536    0.04966
1532.07532    1.06886    0.05023
1532.42859    1.07238    0.04930
1532.78113    0.98996    0.04797
1533.13452    0.94323    0.04661
1533.48730    0.92335    0.04585
1533.84009    0.94465    0.04619
1534.19385    0.97764    0.04654
1534.54663    0.99243    0.04723
1534.90063    1.00148    0.04746
1535.25366    1.02246    0.04782
1535.60767    1.02451    0.04770
1535.96094    1.01074    0.04622
1536.31433    0.90406    0.04433
1536.66858    0.95043    0.04549
1537.02209    0.97709    0.04525
1537.37646    0.82328    0.04401
1537.73022    1.00840    0.04495
1538.08484    0.91646    0.04425
1538.43848    0.95632    0.04522
1538.79248    1.05554    0.04639
1539.14746    1.03516    0.04544
1539.50146    0.95693    0.04446
1539.85645    1.04684    0.04526
1540.21069    0.98139    0.04483
1540.56592    0.99547    0.04542
1540.92029    1.00260    0.04525
1541.27478    0.99738    0.04566
1541.63013    1.02560    0.04553
1541.98486    0.92426    0.04367
1542.34033    0.92974    0.04363
1542.69519    0.93492    0.04345
1543.05103    0.99749    0.04446
1543.40601    1.03908    0.04502
1543.76099    0.99705    0.04491
1544.11694    1.10164    0.04531
1544.47229    0.99133    0.04532
1544.82825    1.08984    0.04528
1545.18384    1.06166    0.04583
1545.54004    0.93489    0.04438
1545.89563    1.02245    0.04721
1546.25110    1.03579    0.04841
1546.60791    1.05049    0.04879
1546.96350    1.06563    0.04968
1547.32031    1.08667    0.04814
1547.67627    1.09416    0.04849
1548.03320    1.06415    0.04869
1548.38916    1.03995    0.04916
1548.74561    1.10559    0.05024
1549.10266    1.10742    0.05035
1549.45898    1.04302    0.04890
1549.81628    1.04358    0.04919
1550.17285    1.12181    0.05071
1550.53027    1.03410    0.04995
1550.88696    1.12842    0.05173
1551.24390    1.07421    0.04979
1551.60144    1.02176    0.05024
1551.95850    1.02427    0.04943
1552.31628    0.99841    0.04914
1552.67334    1.08611    0.05012
1553.03149    0.98417    0.04959
1553.38867    1.10463    0.05197
1553.74609    1.09904    0.05184
1554.10449    0.97623    0.05112
1554.46191    1.04982    0.05138
1554.82031    1.01408    0.05116
1555.17810    0.94863    0.04917
1555.53674    0.78595    0.04691
1555.89453    0.73473    0.04573
1556.25330    0.84772    0.04843
1556.61133    0.95056    0.05104
1556.96936    0.95105    0.05192
1557.32837    0.97209    0.05186
1557.68677    0.98017    0.05217
1558.04590    0.87759    0.04929
1558.40430    0.73627    0.04804
1558.76367    0.74570    0.04832
1559.12231    0.91453    0.05122
1559.48096    0.97934    0.05375
1559.84058    1.11462    0.05745
1560.19934    1.14275    0.05895
1560.55920    1.01906    0.05766
1560.91821    0.94979    0.05601
1561.27808    1.02525    0.05673
1561.63721    0.99910    0.05655
1561.99658    1.00426    0.05662
1562.35681    0.98110    0.05521
1562.71619    0.91277    0.05428
1563.07654    0.92677    0.05644
1563.43616    1.09259    0.06708
1563.79663    1.09184    0.07958
1564.15637    1.11351    0.08884
1564.51624    1.15396    0.09073
1564.87695    1.11112    0.07649
1565.23706    0.98105    0.06554
1565.59802    0.95083    0.06100
1565.95801    1.09282    0.06029
1566.31909    1.09891    0.06087
1566.67957    1.07667    0.06002
1567.03992    1.02898    0.05863
1567.40137    0.93724    0.05815
1567.76196    1.15221    0.06152
1568.12341    1.13610    0.06171
1568.48413    1.14622    0.06175
1568.84583    1.06718    0.05929
1569.20667    1.00005    0.05790
1569.56787    1.14185    0.05986
1569.92957    1.13054    0.06141
1570.29089    1.18942    0.06228
1570.65283    1.04669    0.06023
1571.01428    0.94544    0.05836
1571.37646    1.03681    0.06097
1571.73804    1.12989    0.06004
1572.09949    1.02586    0.05865
1572.46228    0.95740    0.05816
1572.82385    1.04896    0.05795
1573.18652    1.05790    0.05833
1573.54846    0.99663    0.05670
1573.91138    1.03574    0.05735
1574.27332    0.98338    0.05736
1574.63550    1.15413    0.06080
1574.99866    0.98041    0.05850
1575.36096    0.90007    0.05563
1575.72424    1.04815    0.06000
1576.08667    1.03867    0.05822
1576.45032    0.96667    0.05781
1576.81299    1.03745    0.05833
1577.17566    1.00621    0.05803
1577.53931    0.93173    0.05634
1577.90222    0.98048    0.05773
1578.26611    1.11539    0.06014
1578.62915    1.01893    0.06003
1578.99316    0.92814    0.05905
1579.35645    0.92182    0.05804
1579.71985    0.95405    0.05874
1580.08411    1.01978    0.05944
1580.44763    1.05729    0.05961
1580.81201    0.87037    0.05690
1581.17554    1.04293    0.05914
1581.54016    1.06301    0.05948
1581.90405    0.96390    0.05785
1582.26807    0.92837    0.05782
1582.63293    0.96772    0.05885
1582.99707    1.02664    0.05935
1583.36194    1.09869    0.06036
1583.72620    0.94087    0.05783
1584.09143    0.95447    0.05909
1584.45581    1.10432    0.06045
1584.82129    1.02531    0.06044
1585.18591    1.08500    0.06131
1585.55054    1.04473    0.06138
1585.91614    1.06194    0.06095
1586.28088    1.03877    0.06053
1586.64673    1.02541    0.06063
1587.01172    1.16880    0.06280
1587.37769    1.20424    0.06237
1587.74292    1.01931    0.05993
1588.10815    1.00047    0.05944
1588.47437    1.00873    0.05810
1588.83984    0.99444    0.05906
1589.20618    1.08135    0.06010
1589.57190    1.07354    0.05985
1589.93835    1.07470    0.06008
1590.30408    1.04554    0.05925
1590.66980    1.03303    0.06110
1591.03674    1.00038    0.06067
1591.40271    0.92432    0.05821
1591.76978    1.03471    0.05937
1592.13599    1.07884    0.06100
1592.50305    1.06264    0.06018
1592.86938    1.04622    0.06002
1593.23596    0.99459    0.05815
1593.60315    0.90443    0.05717
1593.96985    0.99485    0.05851
1594.33740    1.03609    0.05825
1594.70422    0.96509    0.05757
1595.07190    0.92035    0.05700
1595.43884    0.95376    0.05766
1595.80591    1.04167    0.06043
1596.17395    1.23366    0.06358
1596.54102    1.04208    0.05884
1596.90930    0.97690    0.05872
1597.27649    1.04111    0.05868
1597.64502    1.05109    0.05911
1598.01245    1.00759    0.05833
1598.38013    1.05232    0.05884
1598.74866    0.99882    0.05818
1599.11633    1.05065    0.05842
1599.48523    1.01763    0.05845
1599.85315    1.03878    0.05998
1600.22217    1.26684    0.06137
1600.59021    0.91729    0.05843
1600.95850    1.06092    0.05816
1601.32764    1.06062    0.05921
1601.69592    1.04856    0.05840
1602.06531    1.10546    0.05922
1602.43396    1.02469    0.05825
1602.80347    1.09522    0.05957
1603.17212    1.05856    0.05841
1603.54089    0.94061    0.05757
1603.91077    0.96181    0.05668
1604.27979    1.09599    0.06006
1604.64954    1.09059    0.05973
1605.01880    0.96435    0.05812
1605.38892    0.99433    0.05751
1605.75830    1.02020    0.05868
1606.12769    0.95531    0.05629
1606.49805    0.90132    0.05709
1606.86755    0.96632    0.05833
1607.23804    0.97901    0.05797
1607.60791    0.92814    0.05717
1607.97852    0.96763    0.05864
1608.34851    0.89958    0.05613
1608.71838    0.86138    0.05631
1609.08948    1.07942    0.05793
1609.45972    0.92217    0.05807
1609.83081    1.02147    0.05824
1610.20117    0.96902    0.05808
1610.57239    0.96376    0.05764
1610.94299    1.00237    0.05726
1611.31360    0.82136    0.05492
1611.68506    0.86024    0.05467
1612.05591    0.87571    0.05735
1612.42749    0.98306    0.05831
1612.79846    1.09558    0.06130
1613.17041    1.06473    0.06048
1613.54150    0.96110    0.05951
1613.91357    1.11254    0.06001
1614.28491    1.02854    0.05894
1614.65637    1.04659    0.05954
1615.02869    1.01005    0.05991
1615.40002    0.93836    0.05765
1615.77258    1.08923    0.06021
1616.14441    1.12387    0.06148
1616.51697    1.09727    0.06150
1616.88879    1.07143    0.06115
1617.26074    1.05168    0.05920
1617.63379    1.02960    0.05937
1618.00598    1.02894    0.05988
1618.37915    1.08724    0.06004
1618.75146    1.01449    0.05922
1619.12463    1.02093    0.05861
1619.49707    1.01792    0.05844
1619.86963    1.00816    0.05854
1620.24316    1.08197    0.05930
1620.61597    0.95617    0.05784
1620.98975    1.01638    0.05736
1621.36255    1.00380    0.05785
1621.73645    0.93957    0.05706
1622.10950    0.97456    0.05802
1622.48267    1.09416    0.05981
1622.85681    1.06476    0.05886
1623.23022    1.03201    0.05978
1623.60449    1.04191    0.05920
1623.97803    1.05478    0.05982
1624.35242    1.00923    0.05750
1624.72620    0.91830    0.05591
1625.09985    0.95839    0.05698
1625.47461    1.13657    0.06069
1625.84851    1.04070    0.05763
1626.22351    0.89593    0.05718
1626.59766    0.94492    0.05663
1626.97266    1.03711    0.05893
1627.34705    0.94894    0.05796
1627.72131    1.05573    0.05936
1628.09680    1.09583    0.05994
1628.47119    1.08931    0.06049
1628.84680    1.02569    0.05907
1629.22144    0.87201    0.05676
1629.59729    1.03486    0.05810
1629.97205    1.06391    0.06013
1630.34717    1.09565    0.05954
1630.72290    1.04521    0.05973
1631.09802    0.96355    0.05829
1631.47424    1.05224    0.05932
1631.84949    1.06907    0.05906
1632.22583    1.04327    0.05827
1632.60132    0.94372    0.05735
1632.97693    0.97679    0.05780
1633.35352    1.10977    0.05956
1633.72937    1.07239    0.05904
1634.10596    1.01543    0.05788
1634.48206    1.00319    0.05877
1634.85889    0.94867    0.05537
1635.23486    0.98344    0.05792
1635.61121    1.09805    0.05925
1635.98828    1.09103    0.06027
1636.36462    1.01337    0.05751
1636.74194    0.86538    0.05527
1637.11853    0.97439    0.05713
1637.49609    1.04197    0.05870
1637.87280    0.92453    0.05529
1638.24951    0.91354    0.05513
1638.62744    0.99492    0.05727
1639.00427    0.96426    0.05820
1639.38220    1.00983    0.05873
1639.75940    0.93364    0.05704
1640.13745    0.85506    0.05589
1640.51465    1.08340    0.05797
1640.89319    0.95613    0.05768
1641.27051    0.96016    0.05787
1641.64807    0.99931    0.05819
1642.02673    1.00858    0.05835
1642.40454    0.98562    0.05786
1642.78308    0.94340    0.05754
1643.16101    0.98065    0.05775
1643.54004    1.08325    0.05896
1643.91809    1.04871    0.05819
1644.29639    0.95780    0.05675
1644.67554    0.95810    0.05711
1645.05383    1.00504    0.05649
1645.43311    0.88377    0.05557
1645.81177    1.00808    0.05646
1646.19116    0.99731    0.05622
1646.56982    0.93697    0.05618
1646.94861    0.97319    0.05703
1647.32849    1.00443    0.05720
1647.70752    1.02005    0.05812
1648.08752    0.98918    0.05590
1648.46667    0.99566    0.05779
1648.84668    0.96070    0.05569
1649.22595    0.91895    0.05716
1649.60547    1.01146    0.05741
1649.98584    1.03522    0.05771
