1410.05847    1.06672    0.09419
1410.38281    1.05122    0.09522
1410.70801    1.04195    0.09311
1411.03259    0.88035    0.08923
1411.35791    0.94908    0.09134
1411.68262    1.31041    0.10057
1412.00818    1.31379    0.10292
1412.33301    1.17030    0.09623
1412.65784    0.95084    0.09015
1412.98364    0.98122    0.09116
1413.30884    1.06351    0.09366
1413.63452    1.04285    0.09281
1413.95984    1.13387    0.09280
1414.28577    0.98081    0.09166
1414.61133    1.00726    0.09145
1414.93665    1.13408    0.09420
1415.26306    1.14331    0.09436
1415.58850    1.05511    0.09293
1415.91492    1.07696    0.09228
1416.24072    0.98278    0.09237
1416.56726    1.12634    0.09819
1416.89307    1.05663    0.09874
1417.21912    1.04554    0.10032
1417.54590    1.25667    0.09922
1417.87207    1.16324    0.09761
1418.19897    1.13269    0.09680
1418.52515    1.08920    0.09493
1418.85229    1.06134    0.09533
1419.17871    1.05742    0.09462
1419.50525    1.02268    0.09239
1419.83252    0.95931    0.08745
1420.15930    1.12092    0.09142
1420.48657    1.15451    0.09446
1420.81335    1.01401    0.09434
1421.14111    0.92706    0.08785
1421.46802    0.99404    0.08887
1421.79504    1.03281    0.09005
1422.12292    1.05092    0.09145
1422.44995    0.97343    0.08850
1422.77808    0.99225    0.08913
1423.10547    1.03120    0.08912
1423.43359    0.98285    0.08877
1423.76099    0.94455    0.08792
1424.08936    0.88813    0.08618
1424.41687    0.91308    0.08683
1424.74463    1.00320    0.08682
1425.07312    1.02004    0.08649
1425.40100    0.94403    0.08645
1425.72961    1.00225    0.08654
1426.05774    1.27850    0.09396
1426.38647    0.99795    0.08886
1426.71472    0.91051    0.08750
1427.04285    1.00602    0.09049
1427.37183    0.95737    0.08909
1427.70020    0.99342    0.09045
1428.02954    1.24039    0.09412
1428.35803    1.07279    0.09196
1428.68738    0.98105    0.09081
1429.01599    1.02112    0.09057
1429.34485    0.97886    0.08891
1429.67456    0.93303    0.08724
1430.00330    1.04481    0.08941
1430.33313    1.05170    0.10034
1430.66211    0.98204    0.10771
1430.99207    0.85465    0.13598
1431.32117    0.83477    0.14447
1431.65051    1.11839    0.13852
1431.98059    1.09147    0.11830
1432.31018    1.23634    0.10479
1432.64038    1.10768    0.09561
1432.96985    0.90747    0.08995
1433.30029    0.90735    0.08704
1433.63013    0.82877    0.08443
1433.95984    0.88246    0.08419
1434.29065    0.87463    0.08701
1434.62061    0.84492    0.08481
1434.95129    0.96080    0.08661
1435.28149    1.08073    0.10062
1435.61243    0.86652    0.09937
1435.94263    0.93257    0.08606
1436.27307    0.85407    0.08481
1436.60413    1.06407    0.08996
1436.93481    1.15945    0.09371
1437.26599    0.91599    0.09054
1437.59680    1.00912    0.09027
1437.92810    0.98539    0.08997
1438.25903    0.95318    0.08735
1438.58984    0.98830    0.08795
1438.92175    0.96017    0.08569
1439.25256    0.86082    0.08494
1439.58447    0.90849    0.08549
1439.91577    0.93729    0.08416
1440.24780    1.00346    0.08515
1440.57898    0.96115    0.08544
1440.91040    0.95262    0.08562
1441.24280    1.06585    0.08667
1441.57434    1.07527    0.08748
1441.90662    1.01712    0.08687
1442.23840    0.83004    0.08443
1442.57104    0.90681    0.08531
1442.90295    0.99362    0.08660
1443.23486    0.92417    0.08604
1443.56763    1.05639    0.08718
1443.89966    0.87631    0.08494
1444.23267    1.05819    0.08596
1444.56494    0.96514    0.08496
1444.89807    0.84599    0.08329
1445.23035    0.98021    0.08879
1445.56287    0.83303    0.08752
1445.89624    0.81834    0.08635
1446.22888    0.92584    0.09149
1446.56238    1.19483    0.09334
1446.89514    1.16336    0.09226
1447.22876    0.82702    0.09021
1447.56177    0.94577    0.09197
1447.89478    0.94062    0.09184
1448.22864    0.95669    0.09118
1448.56189    0.91278    0.09151
1448.89575    0.95813    0.09289
1449.22913    1.04567    0.09290
1449.56323    0.87445    0.08799
1449.89673    1.09904    0.09336
1450.23120    0.91727    0.09212
1450.56482    0.88827    0.09244
1450.89844    0.94680    0.08794
1451.23303    0.86189    0.08791
1451.56689    0.93769    0.08970
1451.90161    0.98073    0.09172
1452.23560    1.00183    0.08891
1452.57056    1.00863    0.08892
1452.90466    1.04607    0.08946
1453.23889    1.08445    0.09216
1453.57397    1.00900    0.09188
1453.90845    0.97228    0.09205
1454.24365    1.24379    0.09341
1454.57825    0.98931    0.08809
1454.91370    0.77596    0.08443
1455.24829    1.07247    0.09057
1455.58301    1.04674    0.09146
1455.91882    1.16029    0.09171
1456.25366    0.90619    0.08595
1456.58960    0.89757    0.08356
1456.92468    1.00378    0.08711
1457.26050    0.91787    0.08513
1457.59583    0.93248    0.08815
1457.93115    0.94158    0.08955
1458.26721    0.96376    0.08664
1458.60278    0.94491    0.08570
1458.93921    0.97141    0.08674
1459.27478    1.06021    0.08680
1459.61133    1.01788    0.08612
1459.94702    0.86427    0.08568
1460.28284    0.92583    0.08700
1460.61975    0.96166    0.08595
1460.95557    0.87032    0.08213
1461.29260    0.79588    0.08006
1461.62866    0.88058    0.08305
1461.96582    0.93290    0.08566
1462.30200    0.95318    0.08545
1462.63855    0.80284    0.07947
1462.97571    0.76965    0.07956
1463.31226    0.94316    0.08233
1463.64978    0.90077    0.08316
1463.98645    0.97046    0.08402
1464.32410    0.96380    0.08298
1464.66089    0.91283    0.08310
1464.99792    0.99366    0.08456
1465.33582    1.12288    0.08461
1465.67273    0.97223    0.08375
1466.01074    0.92730    0.08327
1466.34802    0.89153    0.08172
1466.68616    0.82349    0.08022
1467.02356    0.87443    0.08085
1467.36096    1.00888    0.08356
1467.69946    0.90599    0.08185
1468.03711    0.78869    0.07684
1468.37561    0.78435    0.07646
1468.71338    0.74022    0.07862
1469.05212    0.73495    0.07732
1469.39014    0.82902    0.08142
1469.72803    0.85543    0.08294
1470.06702    0.91390    0.08311
1470.40515    0.84835    0.07964
1470.74426    0.70976    0.07672
1471.08264    0.72078    0.07620
1471.42175    0.86235    0.07836
1471.76038    0.80320    0.07744
1472.09888    0.78431    0.07892
1472.43835    0.88897    0.08188
1472.77722    0.68975    0.07849
1473.11670    0.44535    0.07312
1473.45569    0.48788    0.07328
1473.79541    0.60280    0.07385
1474.13452    0.90715    0.07966
1474.47363    0.94397    0.08002
1474.81348    0.77943    0.07912
1475.15295    0.74427    0.07719
1475.49292    0.79642    0.08037
1475.83240    0.56294    0.07436
1476.17273    0.75476    0.07793
1476.51233    0.80812    0.07813
1476.85291    0.82268    0.07948
1477.19263    0.90220    0.08048
1477.53247    0.94722    0.08075
1477.87317    0.87347    0.08063
1478.21313    0.98324    0.08222
1478.55396    1.11371    0.08411
1478.89417    1.02245    0.08357
1479.23511    0.83639    0.08091
1479.57532    0.85541    0.08089
1479.91577    1.09109    0.08452
1480.25708    0.96679    0.08253
1480.59766    0.94853    0.08104
1480.93909    0.91128    0.08016
1481.27979    0.83892    0.07916
1481.62134    0.87679    0.08023
1481.96216    1.03125    0.08438
1482.30298    1.01186    0.08211
1482.64490    0.96935    0.08272
1482.98596    0.93372    0.07791
1483.32800    0.93373    0.08308
1483.66919    0.99808    0.08068
1484.01135    1.03684    0.08217
1484.35266    0.82236    0.07848
1484.69409    1.05647    0.08226
1485.03662    1.07841    0.08397
1485.37830    0.93280    0.08405
1485.72070    0.97924    0.08307
1486.06250    1.02635    0.08173
1486.40515    0.97763    0.08116
1486.74707    0.93418    0.08182
1487.08911    1.02202    0.08237
1487.43201    1.01601    0.08272
1487.77417    0.89060    0.08030
1488.11731    1.01336    0.08189
1488.45972    0.90167    0.08090
1488.80286    0.86357    0.08027
1489.14551    0.88273    0.08128
1489.48792    0.97589    0.08386
1489.83154    1.13222    0.08667
1490.17407    1.16965    0.08818
1490.51782    1.02315    0.08538
1490.86060    1.02364    0.08326
1491.20459    1.16583    0.08622
1491.54749    1.16708    0.08620
1491.89075    0.98897    0.08403
1492.23462    0.98425    0.08257
1492.57788    0.94399    0.08380
1492.92212    0.95915    0.08389
1493.26550    0.94190    0.08307
1493.60999    1.02723    0.08364
1493.95349    1.22256    0.08483
1494.29724    1.17164    0.08396
1494.64185    0.96324    0.08176
1494.98572    0.89616    0.08090
1495.33044    0.98629    0.08073
1495.67444    1.00360    0.08120
1496.01929    0.91305    0.07975
1496.36340    0.99931    0.08049
1496.70776    1.02744    0.07936
1497.05286    0.94210    0.08432
1497.39722    1.01389    0.08552
1497.74255    0.99748    0.08132
1498.08704    0.83620    0.07576
1498.43262    1.00591    0.07860
1498.77722    0.83871    0.07567
1499.12195    0.96198    0.07781
1499.46777    1.07182    0.08229
1499.81262    0.95755    0.07913
1500.15845    0.82189    0.07547
1500.50366    0.93299    0.07823
1500.84961    0.88863    0.08972
1501.19482    0.83804    0.08669
1501.54114    0.74627    0.07262
1501.88647    0.56225    0.06679
1502.23206    0.37853    0.06590
1502.57849    0.38104    0.06524
1502.92419    0.44785    0.06612
1503.27063    0.42071    0.06755
1503.61646    0.49156    0.06972
1503.96326    0.53262    0.07169
1504.30920    0.45929    0.06935
1504.65540    0.51872    0.06904
1505.00232    0.44349    0.06804
1505.34839    0.39445    0.06471
1505.69556    0.41441    0.06664
1506.04199    0.58075    0.06789
1506.38928    0.77000    0.07343
1506.73572    0.65963    0.07229
1507.08240    0.61230    0.07106
1507.42993    0.47719    0.06801
1507.77673    0.55858    0.06756
1508.12451    0.69987    0.07149
1508.47144    0.62475    0.07131
1508.81921    0.50185    0.06773
1509.16626    0.52729    0.06630
1509.51355    0.36898    0.06173
1509.86169    0.36406    0.06507
1510.20898    0.41143    0.06477
1510.55713    0.31837    0.06137
1510.90479    0.28209    0.05797
1511.25317    0.15272    0.05625
1511.60071    0.17241    0.05838
1511.94849    0.22236    0.05756
1512.29724    0.19817    0.05828
1512.64514    0.15958    0.05665
1512.99402    0.22106    0.05733
1513.34204    0.22305    0.05754
1513.69092    0.16156    0.05710
1514.03918    0.21368    0.05777
1514.38757    0.20088    0.05564
1514.73669    0.09690    0.05488
1515.08508    0.24644    0.05604
1515.43445    0.09201    0.05515
1515.78320    0.14239    0.05418
1516.13269    0.13967    0.05468
1516.48145    0.10287    0.05481
1516.83032    0.16724    0.05524
1517.18005    0.17357    0.05533
1517.52917    0.17654    0.05574
1517.87915    0.24878    0.05973
1518.22815    0.29002    0.05720
1518.57837    0.32024    0.06076
1518.92773    0.35136    0.06363
1519.27722    0.32143    0.06327
1519.62756    0.49481    0.06303
1519.97705    0.48088    0.06218
1520.32751    0.53585    0.06433
1520.67737    0.61684    0.06532
1521.02795    0.68788    0.06748
1521.37793    0.99117    0.07597
1521.72778    0.95965    0.07667
1522.07874    0.94967    0.07560
1522.42896    0.92859    0.07250
1522.78003    0.99204    0.08124
1523.13037    1.16272    0.08328
1523.48157    1.16023    0.07840
1523.83203    1.05895    0.07538
1524.18262    0.97061    0.07397
1524.53406    1.07366    0.07673
1524.88477    1.13636    0.07830
1525.23645    1.08452    0.07640
1525.58740    1.27605    0.07747
1525.93909    1.18509    0.07654
1526.29004    1.09684    0.07402
1526.64124    1.04907    0.07338
1526.99329    1.07625    0.07342
1527.34448    1.12263    0.07484
1527.69678    1.04750    0.07460
1528.04822    1.20583    0.07566
1528.40063    1.16209    0.07577
1528.75220    1.09658    0.07444
1529.10474    1.12670    0.07589
1529.45654    1.14899    0.07730
1529.80823    1.04932    0.07637
1530.16113    0.99267    0.07640
1530.51306    1.09286    0.07620
1530.86597    1.00305    0.07476
1531.21826    0.68915    0.06694
1531.57129    0.49506    0.06391
1531.92358    0.63709    0.06540
1532.27600    0.41807    0.06267
1532.62939    0.28443    0.05662
1532.98193    0.22877    0.05480
1533.33545    0.12391    0.05121
1533.68823    0.03368    0.05142
1534.04187    0.13554    0.05134
1534.39478    0.11444    0.05104
1534.74780    0.05558    0.05355
1535.10168    0.06383    0.05166
1535.45483    0.11771    0.05220
1535.80884    0.13904    0.05008
1536.16223    0.11752    0.04880
1536.51648    0.16526    0.04974
1536.86987    0.19589    0.04817
1537.22339    0.13171    0.04766
1537.57788    0.06057    0.04520
1537.93176    0.08127    0.04824
1538.28638    0.14505    0.04716
1538.64026    0.19428    0.04836
1538.99500    0.23082    0.04992
1539.34900    0.32295    0.05145
1539.70325    0.42326    0.05142
1540.05811    0.59059    0.05594
1540.41248    0.95559    0.06231
1540.76782    0.90111    0.06160
1541.12219    0.76097    0.05886
1541.47754    0.73088    0.05739
1541.83215    0.75694    0.05760
1542.18677    0.84862    0.05854
1542.54248    1.10847    0.06256
1542.89734    1.05762    0.06192
1543.25317    1.11151    0.06127
1543.60815    1.10589    0.06116
1543.96411    1.03954    0.06694
1544.31934    1.01414    0.06490
1544.67468    1.00005    0.06297
1545.03076    1.15606    0.06497
1545.38611    1.15903    0.06065
1545.74255    1.13283    0.06005
1546.09814    1.04086    0.05781
1546.45471    0.90931    0.05582
1546.81055    1.00054    0.05664
1547.16626    0.96158    0.05736
1547.52319    1.07460    0.06623
1547.87903    1.10346    0.06701
1548.23596    1.10823    0.05940
1548.59216    1.16544    0.05915
1548.94922    1.00311    0.05655
1549.30566    0.84308    0.05457
1549.66211    0.91696    0.05579
1550.01941    1.05765    0.05801
1550.37598    1.06356    0.05880
1550.73352    1.00407    0.05846
1551.09033    1.10972    0.06038
1551.44800    0.92399    0.05788
1551.80481    1.00654    0.05974
1552.16174    1.11893    0.06203
1552.51978    1.02347    0.06115
1552.87695    0.90800    0.05940
1553.23499    1.08866    0.06256
1553.59229    0.91995    0.05943
1553.95056    1.04215    0.06298
1554.30798    1.06654    0.06709
1554.66553    1.01458    0.06967
1555.02405    1.10458    0.06540
1555.38196    1.08780    0.06743
1555.74060    0.97876    0.06552
1556.09839    0.84056    0.06217
1556.45728    0.80990    0.06196
1556.81519    0.84938    0.06284
1557.17432    0.90834    0.06441
1557.53259    1.05856    0.06814
1557.89087    1.10641    0.07048
1558.25000    1.06958    0.07023
1558.60852    1.06849    0.06794
1558.96790    1.01350    0.06708
1559.32666    0.90924    0.06554
1559.68616    1.03267    0.06785
1560.04504    1.09868    0.06890
1560.40381    0.98472    0.06555
1560.76367    0.95522    0.06774
1561.12280    1.01087    0.06683
1561.48267    1.04488    0.06933
1561.84192    1.10524    0.07073
1562.20203    1.00417    0.06852
1562.56152    1.06160    0.06940
1562.92102    1.03856    0.06842
1563.28137    0.93736    0.06689
1563.64099    0.90874    0.06514
1564.00159    0.89244    0.06436
1564.36133    0.89296    0.06666
1564.72205    0.99228    0.06972
1565.08203    1.00489    0.06935
1565.44214    0.98093    0.06852
1565.80298    1.01287    0.06890
1566.16333    0.98212    0.06848
1566.52454    1.02954    0.07006
1566.88489    1.06254    0.07019
1567.24609    0.96480    0.06811
1567.60669    0.96490    0.06925
1567.96729    1.10049    0.07042
1568.32886    0.98384    0.06865
1568.68970    1.18438    0.07433
1569.05139    1.03047    0.07469
1569.41235    0.99572    0.07437
1569.77429    1.12153    0.07270
1570.13538    1.08435    0.07172
1570.49658    0.92139    0.06849
1570.85876    0.89154    0.06768
1571.22021    1.04228    0.07134
1571.58252    1.06854    0.07104
1571.94409    0.93552    0.06973
1572.30652    0.92598    0.06837
1572.66821    1.17822    0.07325
1573.02991    0.95542    0.06954
1573.39270    0.96135    0.07024
1573.75464    0.98566    0.07135
1574.11755    0.93380    0.07022
1574.47974    0.93863    0.07031
1574.84277    0.99217    0.07181
1575.20508    0.98363    0.07113
1575.56738    0.88095    0.06797
1575.93079    0.93593    0.07066
1576.29333    1.03536    0.07269
1576.65686    0.99568    0.07073
1577.01953    0.99633    0.07023
1577.38318    1.08164    0.07283
1577.74609    0.99770    0.07113
1578.10889    1.03706    0.07379
1578.47290    1.06747    0.07144
1578.83606    0.93977    0.07034
1579.20007    1.00253    0.07025
1579.56348    1.03515    0.07150
1579.92773    0.96505    0.07013
1580.29114    0.95479    0.07197
1580.65466    0.92621    0.06917
1581.01917    0.83706    0.06924
1581.38281    0.92094    0.07153
1581.74756    0.92426    0.07035
1582.11133    0.85205    0.07102
1582.47620    0.95635    0.07069
1582.84033    1.08299    0.07573
1583.20447    1.00637    0.07344
1583.56946    0.93676    0.07320
1583.93384    1.07217    0.07601
1584.29895    0.96625    0.07246
1584.66345    0.90745    0.07383
1585.02893    0.93726    0.07202
1585.39355    0.89106    0.07342
1585.75916    0.84353    0.07197
1586.12402    0.93011    0.07147
1586.48877    0.78986    0.06955
1586.85461    0.89664    0.06975
1587.21973    1.10337    0.07689
1587.58569    1.07025    0.07590
1587.95093    1.07776    0.07804
1588.31714    1.11384    0.07732
1588.68250    0.99682    0.07349
1589.04810    0.91778    0.07596
1589.41443    0.94215    0.07386
1589.78015    0.96573    0.07440
1590.14661    0.92396    0.07223
1590.51245    0.93004    0.07072
1590.87927    0.89779    0.07089
1591.24524    0.91390    0.07173
1591.61133    0.96975    0.07306
1591.97839    0.98209    0.07266
1592.34448    0.97723    0.07080
1592.71167    1.12548    0.07553
1593.07825    0.91652    0.07035
1593.44556    0.87817    0.06967
1593.81201    1.03595    0.07342
1594.17871    1.06263    0.07274
1594.54626    1.02233    0.07194
1594.91309    1.04647    0.07193
1595.28088    1.03469    0.07075
1595.64795    0.99078    0.07092
1596.01587    1.01228    0.07063
1596.38306    1.05194    0.07250
1596.75037    0.92694    0.07064
1597.11841    1.05219    0.07181
1597.48596    1.02291    0.07142
1597.85437    0.90664    0.07048
1598.22180    1.01463    0.08235
1598.59045    1.20946    0.08380
1598.95825    0.89767    0.07065
1599.32605    0.93048    0.07160
1599.69495    1.05558    0.07122
1600.06287    1.00114    0.07025
1600.43176    0.88754    0.06835
1600.80005    0.95289    0.06977
1601.16907    1.10392    0.07192
1601.53760    0.91213    0.07113
1601.90601    0.95905    0.07024
1602.27539    0.82230    0.06940
1602.64392    0.81269    0.06914
1603.01355    1.05930    0.07174
1603.38232    0.68788    0.06845
1603.75195    0.89541    0.06863
1604.12085    0.88602    0.07011
1604.48999    0.93595    0.07265
1604.85999    1.06475    0.07444
1605.22913    1.02947    0.07278
1605.59924    0.94758    0.07103
1605.96863    1.02064    0.07149
1606.33899    0.94025    0.07109
1606.70862    0.95836    0.07180
1607.07812    1.01393    0.07124
1607.44885    0.93617    0.07041
1607.81848    0.91853    0.07026
1608.18933    0.98598    0.07209
1608.55920    1.10106    0.07283
1608.93018    1.15126    0.07345
1609.30029    1.00580    0.06908
1609.67041    0.87158    0.07051
1610.04175    1.15283    0.07189
1610.41211    0.91809    0.06738
1610.78345    0.95310    0.06937
1611.15393    1.00173    0.06993
1611.52563    1.02505    0.07319
1611.89624    1.13997    0.07417
1612.26709    1.09367    0.07232
1612.63892    0.96022    0.06932
1613.00989    0.97778    0.06864
1613.38184    0.99868    0.06917
1613.75305    0.97250    0.06985
1614.12512    0.95220    0.06949
1614.49646    0.92457    0.06782
1614.86877    0.92804    0.06912
1615.24023    0.93677    0.06842
1615.61182    0.94318    0.06765
1615.98425    0.92416    0.06708
1616.35608    0.90515    0.06782
1616.72888    0.97919    0.06858
1617.10083    1.05630    0.07176
1617.47375    1.02570    0.06990
1617.84570    1.01780    0.07159
1618.21802    0.98027    0.06909
1618.59106    0.93703    0.06906
1618.96350    1.12333    0.07044
1619.33679    0.97844    0.06737
1619.70935    1.06413    0.07050
1620.08276    1.06865    0.06950
1620.45557    1.01564    0.06926
1620.82825    1.07556    0.07020
1621.20203    1.01849    0.07056
1621.57507    1.07312    0.07027
1621.94897    1.03943    0.07032
1622.32202    1.02331    0.06913
1622.69629    1.00489    0.07000
1623.06946    0.93668    0.06850
1623.44287    0.98112    0.06930
1623.81726    1.13491    0.07154
1624.19080    0.98499    0.06940
1624.56531    0.90588    0.06735
1624.93909    1.02606    0.07025
1625.31372    1.12316    0.07146
1625.68762    1.05324    0.07082
1626.06165    0.99654    0.07023
1626.43665    0.96807    0.06891
1626.81067    0.90989    0.06821
1627.18591    0.93729    0.06943
1627.56030    1.04133    0.07761
1627.93555    0.93122    0.07324
1628.31006    0.94555    0.06702
1628.68457    0.95139    0.06768
1629.06030    1.02036    0.07024
1629.43494    1.09138    0.07065
1629.81079    1.07304    0.07255
1630.18555    1.05402    0.07074
1630.56152    1.00724    0.07154
1630.93677    1.09224    0.07251
1631.31189    1.01546    0.07200
1631.68799    0.98319    0.07111
1632.06335    1.12921    0.07314
1632.43982    0.95425    0.07017
1632.81531    1.04276    0.07207
1633.19189    1.09972    0.07274
1633.56750    1.11985    0.07393
1633.94336    1.08173    0.07302
1634.32007    1.03198    0.07357
1634.69604    1.14571    0.07500
1635.07300    1.01819    0.07467
1635.44910    1.05493    0.07628
1635.82642    1.06956    0.07570
1636.20264    0.97375    0.07324
1636.57910    0.95993    0.07378
1636.95654    1.14533    0.07561
1637.33301    1.02293    0.07461
1637.71057    1.07070    0.07482
1638.08728    1.14495    0.07732
1638.46509    1.12044    0.07613
1638.84204    1.08458    0.07726
1639.21912    1.12153    0.07780
1639.59692    1.05721    0.07542
1639.97424    1.00429    0.07306
1640.35242    1.07812    0.07445
1640.72986    1.11587    0.07153
1641.10803    1.01250    0.07164
1641.48560    1.00807    0.07132
1641.86316    0.97306    0.07021
1642.24194    0.90123    0.06901
1642.61963    0.83957    0.06520
1642.99841    0.88352    0.06817
1643.37634    0.99545    0.06949
1643.75537    0.96563    0.06879
1644.13354    1.01077    0.06985
1644.51257    1.02880    0.06919
1644.89099    0.92234    0.06734
1645.26929    0.88777    0.06751
1645.64880    1.02634    0.07109
1646.02734    1.01241    0.07077
1646.40686    0.94435    0.06891
1646.78577    1.07883    0.06852
1647.16541    0.99965    0.06880
1647.54443    0.86039    0.06756
1647.92346    0.97598    0.06835
1648.30334    1.03227    0.07015
1648.68250    1.04004    0.07100
1649.06274    0.95726    0.06935
1649.44214    0.92847    0.06823
1649.82251    0.91041    0.06651
