1410.04797    1.07955    0.03760
1410.37231    1.04142    0.03649
1410.69678    0.84602    0.03349
1411.02209    0.76357    0.03220
1411.34668    0.86091    0.03377
1411.67212    1.00703    0.03635
1411.99695    1.09477    0.03762
1412.32251    1.16619    0.03823
1412.64734    1.03966    0.03690
1412.97314    1.09487    0.03726
1413.29822    1.11007    0.03740
1413.62329    1.05599    0.03708
1413.94934    1.06342    0.03717
1414.27466    1.02039    0.03654
1414.60059    1.06765    0.03697
1414.92603    1.07670    0.03709
1415.25244    1.06752    0.03669
1415.57800    1.04150    0.03639
1415.90369    1.02205    0.03611
1416.23022    1.10369    0.03696
1416.55591    1.03223    0.03610
1416.88257    1.07628    0.03700
1417.20862    1.13976    0.03813
1417.53540    1.13164    0.03777
1417.86145    1.09399    0.03721
1418.18762    1.07755    0.03716
1418.51465    1.03390    0.03717
1418.84106    1.02886    0.03670
1419.16821    0.99441    0.03609
1419.49475    0.98400    0.03577
1419.82202    1.04838    0.03656
1420.14856    1.02982    0.03638
1420.47534    1.02546    0.03654
1420.80298    1.03481    0.03663
1421.12976    1.05837    0.03708
1421.45740    1.05999    0.03752
1421.78442    1.03852    0.03663
1422.11230    1.06356    0.03678
1422.43945    0.96431    0.03615
1422.76660    1.01826    0.03596
1423.09485    1.07444    0.03721
1423.42224    1.04465    0.03643
1423.75049    1.03235    0.03694
1424.07800    1.10487    0.03753
1424.40625    1.07665    0.03770
1424.73401    1.01157    0.03667
1425.06189    1.00799    0.03634
1425.39038    1.03892    0.03635
1425.71826    1.03104    0.03664
1426.04700    1.01646    0.03640
1426.37512    1.03268    0.03674
1426.70410    1.03124    0.03626
1427.03223    1.03079    0.03702
1427.36047    1.02395    0.03624
1427.68970    1.01021    0.03617
1428.01819    1.05242    0.03664
1428.34753    1.06591    0.03688
1428.67590    1.01460    0.03647
1429.00549    1.01381    0.03628
1429.33423    1.03957    0.03664
1429.66309    1.01000    0.03624
1429.99268    1.00845    0.03611
1430.32166    1.02982    0.03608
1430.65149    1.01476    0.03611
1430.98059    1.03151    0.03649
1431.31055    1.04553    0.03589
1431.63989    1.00657    0.03605
1431.96912    1.02637    0.03596
1432.29944    1.01826    0.03584
1432.62891    1.00864    0.03626
1432.95935    0.94233    0.03498
1433.28894    0.89503    0.03450
1433.61951    0.89248    0.03318
1433.94934    0.70863    0.03079
1434.27905    0.62900    0.02976
1434.60986    0.69146    0.03075
1434.93994    0.84193    0.03270
1435.27075    0.94996    0.03457
1435.60107    0.95031    0.03446
1435.93201    0.94628    0.03433
1436.26233    0.77857    0.03169
1436.59265    0.74799    0.03163
1436.92407    0.79492    0.03177
1437.25452    0.86909    0.03368
1437.58606    0.96214    0.03469
1437.91675    0.94516    0.03464
1438.24841    0.90763    0.03418
1438.57922    0.72873    0.03106
1438.91101    0.65311    0.03029
1439.24194    0.73348    0.03167
1439.57300    0.82478    0.03327
1439.90503    0.91214    0.03468
1440.23621    0.93740    0.03501
1440.56824    0.92391    0.03429
1440.89978    0.81808    0.03312
1441.23193    0.69275    0.03125
1441.56360    0.68105    0.03065
1441.89514    0.76737    0.03200
1442.22766    0.91041    0.03479
1442.55945    0.92779    0.03535
1442.89209    0.92895    0.03414
1443.22412    0.96522    0.03531
1443.55688    0.97358    0.03498
1443.88892    0.95093    0.03471
1444.22119    0.95416    0.03505
1444.55408    0.99772    0.03594
1444.88647    1.01920    0.03662
1445.21960    1.01663    0.03589
1445.55212    1.01842    0.03577
1445.88562    0.96987    0.03477
1446.21814    0.82531    0.03249
1446.55078    0.70722    0.03099
1446.88428    0.62309    0.02900
1447.21729    0.59778    0.02929
1447.55103    0.69036    0.03087
1447.88403    0.85146    0.03302
1448.21790    0.80417    0.03252
1448.55103    0.82053    0.03230
1448.88428    0.76976    0.03131
1449.21826    0.67656    0.03038
1449.55176    0.68682    0.02974
1449.88599    0.68747    0.03023
1450.21960    0.82524    0.03208
1450.55396    0.86350    0.03328
1450.88770    0.91918    0.03404
1451.22144    0.99260    0.03531
1451.55603    0.96067    0.03460
1451.89001    0.92209    0.03450
1452.22485    1.01105    0.03540
1452.55884    0.97752    0.03468
1452.89380    0.94655    0.03451
1453.22815    0.95514    0.03419
1453.56250    0.94249    0.03411
1453.89758    1.00197    0.03504
1454.23206    0.93838    0.03435
1454.56738    0.93732    0.03443
1454.90198    0.95164    0.03465
1455.23755    0.94711    0.03498
1455.57239    0.96891    0.03503
1455.90710    1.00134    0.03502
1456.24292    0.96695    0.03473
1456.57788    1.00176    0.03462
1456.91370    0.98048    0.03491
1457.24902    0.98504    0.03501
1457.58496    1.10235    0.03697
1457.92029    1.00097    0.03567
1458.25574    0.97941    0.03533
1458.59204    1.00867    0.03591
1458.92761    0.99834    0.03507
1459.26404    0.97855    0.03512
1459.59973    1.00776    0.03542
1459.93628    1.00199    0.03572
1460.27209    0.97269    0.03565
1460.60791    1.00338    0.03537
1460.94482    0.98033    0.03563
1461.28101    0.94710    0.03505
1461.61792    0.99701    0.03551
1461.95410    0.96501    0.03491
1462.29126    0.97382    0.03513
1462.62769    0.98205    0.03463
1462.96411    1.01422    0.03550
1463.30139    1.04266    0.03593
1463.63818    1.02419    0.03611
1463.97571    1.01266    0.03589
1464.31238    0.92745    0.03467
1464.65002    0.90720    0.03455
1464.98694    0.98573    0.03551
1465.32495    1.00121    0.03557
1465.66199    0.90407    0.03532
1465.99915    1.01360    0.03620
1466.33704    0.98019    0.03563
1466.67444    1.01700    0.03647
1467.01270    1.00329    0.03599
1467.35022    0.98647    0.03595
1467.68860    1.07888    0.03635
1468.02625    1.00681    0.03543
1468.36389    0.93030    0.03458
1468.70239    0.95087    0.03517
1469.04041    0.96629    0.03503
1469.37915    0.97772    0.03535
1469.71716    1.02430    0.03581
1470.05603    0.95874    0.03436
1470.39429    0.91137    0.03380
1470.73254    0.94602    0.03437
1471.07166    0.96168    0.03398
1471.41016    0.93524    0.03427
1471.74939    0.93878    0.03397
1472.08801    0.97932    0.03461
1472.42749    0.98061    0.03473
1472.76611    0.95329    0.03419
1473.10498    0.90702    0.03377
1473.44458    0.93241    0.03396
1473.78357    1.03926    0.03512
1474.12354    0.98773    0.03493
1474.46265    1.00697    0.03523
1474.80261    1.07786    0.03628
1475.14185    1.05079    0.03616
1475.48120    0.97464    0.03509
1475.82141    1.00155    0.03479
1476.16101    1.04869    0.03558
1476.50134    0.99600    0.03509
1476.84094    0.93558    0.03440
1477.18164    0.94407    0.03453
1477.52136    0.97783    0.03448
1477.86133    0.98149    0.03469
1478.20215    1.03806    0.03511
1478.54224    1.06183    0.03535
1478.88318    1.05732    0.03506
1479.22339    0.97494    0.03407
1479.56445    0.96993    0.03419
1479.90491    1.11967    0.03587
1480.24524    1.02749    0.03477
1480.58667    1.06703    0.03522
1480.92712    0.99346    0.03458
1481.26868    0.96368    0.03410
1481.60950    1.01156    0.03428
1481.95117    0.99388    0.03424
1482.29211    0.98761    0.03411
1482.63306    0.98212    0.03401
1482.97498    0.95252    0.03327
1483.31616    0.93863    0.03382
1483.65820    1.00021    0.03420
1483.99951    1.08615    0.03510
1484.34167    0.99782    0.03430
1484.68323    0.97394    0.03424
1485.02466    0.96193    0.03381
1485.36707    0.97206    0.03432
1485.70886    1.00106    0.03436
1486.05151    1.02249    0.03466
1486.39331    1.06055    0.03557
1486.73608    1.05991    0.03502
1487.07812    1.03552    0.03482
1487.42017    1.00890    0.03458
1487.76331    0.99038    0.03387
1488.10547    0.98259    0.03386
1488.44861    0.98359    0.03418
1488.79102    0.97591    0.03425
1489.13440    0.99311    0.03429
1489.47693    0.96244    0.03347
1489.81958    0.92277    0.03298
1490.16309    0.95441    0.03329
1490.50586    0.93949    0.03352
1490.84961    0.93848    0.03322
1491.19250    0.93467    0.03341
1491.53650    0.91728    0.03247
1491.87964    0.88382    0.03268
1492.22363    0.84150    0.03184
1492.56702    0.80729    0.03137
1492.91016    0.74771    0.02989
1493.25452    0.77116    0.03029
1493.59802    0.65581    0.02831
1493.94250    0.52352    0.02733
1494.28613    0.62628    0.02795
1494.63074    0.58254    0.02739
1494.97449    0.52779    0.02688
1495.31848    0.58654    0.02764
1495.66333    0.60201    0.02733
1496.00745    0.56312    0.02710
1496.35229    0.58792    0.02730
1496.69653    0.57525    0.02741
1497.04175    0.54574    0.02658
1497.38611    0.59061    0.02704
1497.73059    0.56221    0.02652
1498.07605    0.47947    0.02540
1498.42053    0.49900    0.02561
1498.76611    0.51712    0.02582
1499.11096    0.42710    0.02411
1499.45654    0.37545    0.02294
1499.80151    0.32128    0.02166
1500.14648    0.24173    0.02061
1500.49243    0.17946    0.01915
1500.83765    0.11745    0.01752
1501.18372    0.14600    0.01756
1501.52905    0.14474    0.01792
1501.87537    0.13563    0.01786
1502.22083    0.14396    0.01811
1502.56653    0.13920    0.01812
1502.91284    0.11946    0.01836
1503.25867    0.13310    0.01792
1503.60535    0.12729    0.01777
1503.95117    0.15950    0.01828
1504.29797    0.20722    0.01956
1504.64417    0.19595    0.01958
1504.99023    0.20424    0.01954
1505.33740    0.21699    0.01991
1505.68359    0.23798    0.02063
1506.03076    0.26270    0.02061
1506.37732    0.30205    0.02140
1506.72461    0.36753    0.02248
1507.07129    0.42412    0.02332
1507.41809    0.43574    0.02422
1507.76562    0.43158    0.02446
1508.11243    0.44026    0.02435
1508.46021    0.43429    0.02436
1508.80725    0.38993    0.02359
1509.15515    0.37342    0.02330
1509.50232    0.27915    0.02199
1509.84961    0.24379    0.02038
1510.19788    0.22642    0.02019
1510.54517    0.20552    0.02210
1510.89343    0.22814    0.02181
1511.24109    0.25237    0.01968
1511.58960    0.21583    0.01936
1511.93738    0.18235    0.01875
1512.28516    0.16290    0.01817
1512.63391    0.13276    0.01809
1512.98181    0.09635    0.01765
1513.33081    0.10959    0.01687
1513.67883    0.07831    0.01697
1514.02795    0.09738    0.01743
1514.37622    0.11812    0.01770
1514.72449    0.10579    0.01684
1515.07397    0.09667    0.01681
1515.42249    0.09652    0.01682
1515.77185    0.09073    0.01648
1516.12048    0.05221    0.01658
1516.47021    0.04968    0.01649
1516.81909    0.09053    0.01615
1517.16797    0.09647    0.01660
1517.51794    0.05044    0.01551
1517.86707    0.08427    0.01577
1518.21704    0.08182    0.01553
1518.56628    0.07621    0.01589
1518.91650    0.09008    0.01564
1519.26587    0.08719    0.01608
1519.61621    0.09225    0.01589
1519.96582    0.10230    0.01591
1520.31543    0.13159    0.01580
1520.66602    0.12406    0.01595
1521.01587    0.11115    0.01594
1521.36658    0.14447    0.01628
1521.71667    0.10839    0.01557
1522.06750    0.18354    0.01717
1522.41760    0.23273    0.01783
1522.76782    0.30409    0.01986
1523.11890    0.40382    0.02192
1523.46948    0.45235    0.02308
1523.82068    0.48312    0.02218
1524.17126    0.46729    0.02206
1524.52271    0.50487    0.02265
1524.87341    0.58262    0.02355
1525.22424    0.66145    0.02513
1525.57593    0.73163    0.02550
1525.92700    0.79006    0.02624
1526.27881    0.84535    0.02742
1526.62988    0.90456    0.02790
1526.98193    0.96878    0.02881
1527.33325    1.04549    0.02973
1527.68457    1.10630    0.03049
1528.03687    1.05817    0.02978
1528.38843    1.01687    0.02909
1528.74084    1.03319    0.02886
1529.09253    1.05639    0.02900
1529.44507    1.07361    0.02905
1529.79688    1.10620    0.02924
1530.14893    1.10186    0.02906
1530.50183    1.08241    0.02882
1530.85376    1.05405    0.02832
1531.20679    1.06279    0.02780
1531.55908    1.05548    0.02740
1531.91223    0.98122    0.02653
1532.26477    1.01309    0.02627
1532.61719    1.00879    0.02639
1532.97058    0.98381    0.02565
1533.32324    0.99658    0.02608
1533.67688    1.01756    0.02569
1534.02954    0.98061    0.02525
1534.38342    0.95353    0.02501
1534.73645    1.00705    0.02527
1535.08948    1.04585    0.02615
1535.44336    1.02776    0.02540
1535.79663    1.00228    0.02492
1536.15088    1.01358    0.02518
1536.50415    0.98200    0.02472
1536.85852    0.98297    0.02451
1537.21204    0.96599    0.02434
1537.56567    0.98074    0.02404
1537.92029    0.99585    0.02425
1538.27405    0.94843    0.02351
1538.62878    0.97763    0.02378
1538.98267    0.96252    0.02343
1539.33765    0.96455    0.02372
1539.69177    0.97354    0.02388
1540.04602    0.96303    0.02341
1540.40112    0.94843    0.02321
1540.75537    0.96525    0.02312
1541.11072    0.98220    0.02337
1541.46521    0.95001    0.02298
1541.82068    0.95457    0.02316
1542.17542    1.00065    0.02336
1542.53027    1.00921    0.02378
1542.88586    1.02829    0.02376
1543.24084    1.00364    0.02350
1543.59668    1.00819    0.02362
1543.95190    1.03739    0.02386
1544.30774    1.02482    0.02345
1544.66309    0.97281    0.02321
1545.01843    1.04134    0.02382
1545.37476    1.02261    0.02364
1545.73022    1.06853    0.02437
1546.08667    1.08452    0.02443
1546.44226    1.05156    0.02432
1546.79895    1.07622    0.02439
1547.15491    1.04124    0.02425
1547.51147    0.99970    0.02349
1547.86755    0.95051    0.02311
1548.22363    0.95531    0.02310
1548.58069    1.01973    0.02400
1548.93689    1.05846    0.02457
1549.29407    1.03142    0.02458
1549.65051    1.07367    0.02488
1550.00781    1.06555    0.02517
1550.36450    1.04409    0.02498
1550.72119    1.04961    0.02522
1551.07874    1.05742    0.02531
1551.43555    1.09105    0.02574
1551.79321    1.03033    0.02564
1552.15027    1.01454    0.02513
1552.50818    0.99094    0.02530
1552.86536    0.96500    0.02496
1553.22253    1.00643    0.02538
1553.58069    0.94384    0.02485
1553.93811    0.97788    0.02561
1554.29651    0.94059    0.02511
1554.65405    0.97141    0.02624
1555.01245    1.03794    0.02642
1555.37036    0.95366    0.02622
1555.72803    1.01932    0.02649
1556.08679    0.95871    0.02592
1556.44482    0.96192    0.02643
1556.80383    0.97299    0.02619
1557.16199    0.93847    0.02615
1557.52100    0.94296    0.02624
1557.87915    0.97087    0.02680
1558.23767    0.96627    0.02688
1558.59705    0.98868    0.02760
1558.95544    0.99806    0.02789
1559.31506    1.00361    0.02818
1559.67383    1.04132    0.02876
1560.03345    0.97321    0.02801
1560.39221    0.98583    0.02822
1560.75134    1.03139    0.02876
1561.11108    1.02313    0.02928
1561.47034    1.00121    0.02885
1561.83032    1.04167    0.02971
1562.18970    1.00720    0.02918
1562.54980    1.02054    0.02977
1562.90930    1.03281    0.03019
1563.26892    1.04413    0.03027
1563.62939    1.04472    0.03022
1563.98914    1.01423    0.02978
1564.34973    1.02982    0.03013
1564.70972    1.05549    0.03075
1565.07043    1.06772    0.03060
1565.43054    1.00533    0.03021
1565.79065    0.89296    0.02834
1566.15173    0.81895    0.02744
1566.51196    0.75829    0.02651
1566.87317    0.82506    0.02745
1567.23364    0.89161    0.02869
1567.59509    0.96233    0.02969
1567.95569    1.01348    0.03009
1568.31641    1.00156    0.03031
1568.67798    1.08134    0.03129
1569.03894    1.00443    0.03041
1569.40063    1.08320    0.03218
1569.76172    1.12208    0.03168
1570.12378    1.02158    0.03151
1570.48499    1.00561    0.03090
1570.84619    1.04220    0.03162
1571.20837    1.02646    0.03192
1571.56995    1.02617    0.03201
1571.93225    0.99673    0.03118
1572.29395    0.96018    0.03067
1572.65649    0.98091    0.03084
1573.01831    0.89478    0.02988
1573.38025    0.85930    0.02914
1573.74304    0.92390    0.02948
1574.10498    1.02652    0.03147
1574.46802    1.06298    0.03159
1574.83020    1.01153    0.03124
1575.19336    1.04160    0.03168
1575.55579    1.02650    0.03130
1575.91907    1.01473    0.03124
1576.28162    1.01259    0.03123
1576.64429    1.01747    0.03115
1577.00769    1.03221    0.03133
1577.37061    1.01503    0.03109
1577.73438    1.07237    0.03169
1578.09729    1.04176    0.03138
1578.46118    1.02059    0.03148
1578.82434    1.05567    0.03151
1579.18750    1.03741    0.03171
1579.55176    1.01942    0.03151
1579.91504    1.01457    0.03086
1580.27930    0.97742    0.03111
1580.64294    0.97399    0.03066
1581.00745    1.00185    0.03127
1581.37109    0.99567    0.03115
1581.73499    1.05501    0.03147
1582.09961    1.01075    0.03114
1582.46362    0.98569    0.03088
1582.82849    0.98008    0.03060
1583.19263    0.98646    0.03095
1583.55774    1.03694    0.03180
1583.92200    1.04560    0.03158
1584.28650    1.03283    0.03154
1584.65173    1.03837    0.03158
1585.01624    1.03267    0.03136
1585.38184    1.04232    0.03165
1585.74646    1.08967    0.03254
1586.11218    0.98840    0.03149
1586.47705    1.02103    0.03128
1586.84204    1.02592    0.03166
1587.20789    0.97620    0.03105
1587.57300    0.95939    0.03049
1587.93921    1.00971    0.03092
1588.30444    1.01268    0.03098
1588.67078    0.98018    0.03060
1589.03613    1.00881    0.03094
1589.40173    1.02616    0.03154
1589.76831    0.97352    0.03031
1590.13403    0.93649    0.03040
1590.50061    1.02568    0.03104
1590.86658    1.00904    0.03112
1591.23340    0.98453    0.03061
1591.59949    0.96094    0.03030
1591.96558    0.94645    0.03021
1592.33264    0.98279    0.03071
1592.69897    0.98177    0.03111
1593.06641    0.99269    0.03119
1593.43286    0.94546    0.03060
1593.80017    0.95347    0.03065
1594.16699    1.01024    0.03081
1594.53357    0.97607    0.03122
1594.90125    1.00554    0.03121
1595.26819    0.99224    0.03108
1595.63611    1.00003    0.03074
1596.00317    1.00146    0.03114
1596.37122    0.96254    0.03014
1596.73840    0.94264    0.03020
1597.10571    1.02289    0.03079
1597.47400    0.95480    0.03036
1597.84155    0.93275    0.02958
1598.20996    0.95001    0.02985
1598.57764    0.96315    0.03013
1598.94641    0.99708    0.03076
1599.31421    0.96395    0.03048
1599.68201    1.00654    0.03096
1600.05090    1.02436    0.03173
1600.41907    1.00683    0.03084
1600.78809    0.99599    0.03127
1601.15637    1.00908    0.03128
1601.52551    1.03150    0.03114
1601.89392    0.97545    0.03050
1602.26257    1.02142    0.03094
1602.63196    1.05419    0.03214
1603.00073    0.99178    0.03098
1603.37036    0.94804    0.03038
1603.73926    0.92672    0.03012
1604.10901    0.97052    0.03098
1604.47803    1.00174    0.03116
1604.84802    1.01913    0.03137
1605.21716    1.04274    0.03140
1605.58655    1.03248    0.03185
1605.95667    0.92413    0.03202
1606.32617    0.95279    0.03498
1606.69653    0.95784    0.03384
1607.06628    0.97294    0.03397
1607.43677    1.02113    0.03359
1607.80652    1.00906    0.03224
1608.17651    1.00102    0.03120
1608.54736    0.98147    0.03099
1608.91736    1.00003    0.03073
1609.28845    0.98616    0.03102
1609.65857    0.96222    0.03088
1610.02979    1.02563    0.03103
1610.40015    0.99482    0.03129
1610.77051    1.00489    0.03125
1611.14197    1.03028    0.03164
1611.51270    1.01306    0.03103
1611.88428    0.97224    0.03119
1612.25513    0.98334    0.03150
1612.62683    1.02408    0.03174
1612.99780    1.03556    0.03251
1613.36902    1.05515    0.03220
1613.74109    1.02561    0.03186
1614.11218    0.97995    0.03119
1614.48438    1.02838    0.03188
1614.85583    1.02128    0.03169
1615.22815    1.01603    0.03125
1615.59973    0.98625    0.03098
1615.97144    0.99496    0.03075
1616.34412    1.04257    0.03199
1616.71594    1.02141    0.03193
1617.08875    0.95492    0.03035
1617.46069    1.03373    0.03151
1617.83374    1.04089    0.03130
1618.20593    0.97698    0.03083
1618.57825    0.95851    0.03049
1618.95154    1.01357    0.03170
1619.32385    1.03974    0.03179
1619.69727    0.98466    0.03150
1620.06995    1.01296    0.03156
1620.44348    1.02405    0.03137
1620.81628    0.98744    0.03100
1621.18921    1.03315    0.03161
1621.56287    1.00268    0.03136
1621.93604    1.01212    0.03128
1622.31006    0.98136    0.03094
1622.68323    0.97922    0.03126
1623.05737    1.02729    0.03139
1623.43079    1.03256    0.03199
1623.80420    1.06201    0.03239
1624.17871    1.00903    0.03166
1624.55237    1.01391    0.03196
1624.92700    1.03728    0.03186
1625.30090    1.00047    0.03149
1625.67566    0.95258    0.03016
1626.04968    1.00158    0.03121
1626.42358    1.03720    0.03164
1626.79871    1.03321    0.03152
1627.17285    1.05124    0.03151
1627.54822    1.07383    0.03174
1627.92249    1.03278    0.03210
1628.29785    1.07169    0.03189
1628.67249    1.02705    0.03141
1629.04724    0.99968    0.03115
1629.42297    1.00384    0.03104
1629.79773    1.00562    0.03142
1630.17358    1.00830    0.03127
1630.54858    1.01531    0.03137
1630.92456    0.98222    0.03083
1631.29980    0.98568    0.03085
1631.67590    1.00277    0.03123
1632.05127    1.00268    0.03151
1632.42676    1.01220    0.03108
1632.80322    1.02341    0.03140
1633.17883    1.04356    0.03146
1633.55542    1.05836    0.03164
1633.93127    1.02267    0.03192
1634.30798    0.97936    0.03130
1634.68396    1.02752    0.03187
1635.06006    1.06013    0.03210
1635.43713    1.05023    0.03233
1635.81335    1.02426    0.03232
1636.19055    1.02872    0.03177
1636.56702    1.03555    0.03182
1636.94434    0.98925    0.03120
1637.32080    1.01841    0.03171
1637.69763    1.00175    0.03144
1638.07520    0.98045    0.03060
1638.45203    0.99147    0.03109
1638.82983    1.02254    0.03161
1639.20691    1.03406    0.03168
1639.58484    1.01705    0.03146
1639.96204    1.04920    0.03191
1640.33936    1.03222    0.03166
1640.71753    1.02577    0.03183
1641.09497    1.03665    0.03158
1641.47339    0.97685    0.03129
1641.85107    1.02027    0.03151
1642.22974    1.00013    0.03154
1642.60754    0.97197    0.03052
1642.98547    0.98645    0.03122
1643.36426    1.00518    0.03148
1643.74231    0.96882    0.03108
1644.12134    0.96878    0.03166
1644.49951    1.02619    0.03256
1644.87866    0.97456    0.03092
1645.25720    0.93457    0.03025
1645.63562    0.98648    0.03083
1646.01526    0.99821    0.03101
1646.39380    1.00062    0.03085
1646.77344    0.95112    0.03028
1647.15234    0.92144    0.02961
1647.53210    0.92117    0.02980
1647.91125    0.95035    0.03062
1648.29016    1.00561    0.03131
1648.67041    0.96180    0.03045
1649.04968    0.93160    0.03033
1649.42981    0.93283    0.03066
1649.80933    0.96021    0.03073
