1410.01062    1.38057    0.08274
1410.33582    1.40536    0.08169
1410.66028    1.19824    0.07841
1410.98474    1.40638    0.08160
1411.31018    1.40215    0.08089
1411.63477    1.32403    0.08067
1411.96033    1.31291    0.07994
1412.28516    1.28064    0.08053
1412.61084    1.33613    0.08148
1412.93579    1.32935    0.08246
1413.26086    1.20382    0.08000
1413.58667    1.16645    0.07932
1413.91199    1.23993    0.07859
1414.23804    1.28010    0.08065
1414.56323    1.34520    0.08339
1414.88940    1.47231    0.08394
1415.21497    1.26385    0.09286
1415.54053    1.20898    0.09211
1415.86707    1.35369    0.08253
1416.19275    1.32223    0.08133
1416.51929    1.38697    0.08303
1416.84509    1.26847    0.08062
1417.17175    1.29546    0.08140
1417.49780    1.39132    0.08183
1417.82483    1.36922    0.08300
1418.15100    1.21255    0.07988
1418.47717    1.12197    0.07680
1418.80432    1.29469    0.07942
1419.13062    1.47893    0.08368
1419.45789    1.34715    0.08161
1419.78442    1.17799    0.07876
1420.11182    1.34677    0.08010
1420.43848    1.28812    0.08085
1420.76526    1.27791    0.08014
1421.09290    1.26575    0.07949
1421.41992    1.22388    0.07893
1421.74768    1.26337    0.07890
1422.07471    1.35255    0.08088
1422.40271    1.11563    0.07393
1422.72974    1.24168    0.07805
1423.05713    1.18730    0.07926
1423.38525    1.12242    0.07804
1423.71277    1.16446    0.07634
1424.04114    1.15434    0.07519
1424.36877    1.16553    0.07541
1424.69714    0.99779    0.07450
1425.02490    1.17820    0.07627
1425.35278    1.22021    0.07708
1425.68127    1.07510    0.07571
1426.00940    1.16006    0.07677
1426.33826    1.08651    0.07522
1426.66626    1.10183    0.07461
1426.99524    1.10104    0.07383
1427.32349    1.16871    0.07839
1427.65186    1.16926    0.07619
1427.98120    1.03406    0.08167
1428.30957    1.30882    0.08539
1428.63904    1.08446    0.08066
1428.96765    1.13697    0.07466
1429.29724    1.26266    0.07747
1429.62598    1.14128    0.07569
1429.95496    0.95517    0.07242
1430.28455    1.03252    0.07168
1430.61353    1.06852    0.07188
1430.94348    1.07392    0.07196
1431.27271    1.01806    0.07080
1431.60278    0.97988    0.06968
1431.93213    1.02321    0.07033
1432.26160    0.90155    0.06871
1432.59180    0.86305    0.06838
1432.92139    1.01131    0.07032
1433.25171    1.03598    0.07211
1433.58154    0.93401    0.06860
1433.91211    0.93379    0.06838
1434.24194    0.83724    0.06692
1434.57190    1.04691    0.07139
1434.90271    1.00686    0.06923
1435.23279    1.01275    0.07144
1435.56372    1.10386    0.06980
1435.89404    0.99253    0.07061
1436.22522    1.10127    0.07219
1436.55566    1.07155    0.07212
1436.88599    1.07030    0.07272
1437.21741    1.11224    0.07365
1437.54797    1.07755    0.07284
1437.87952    0.97012    0.07099
1438.21033    1.06792    0.07175
1438.54187    1.09974    0.07288
1438.87292    1.08402    0.07130
1439.20386    1.01090    0.06959
1439.53577    0.96405    0.06895
1439.86694    1.04174    0.07004
1440.19897    1.07222    0.07144
1440.53040    1.05787    0.07388
1440.86243    1.04693    0.07334
1441.19397    1.04711    0.07031
1441.52551    1.00887    0.06845
1441.85779    0.94957    0.06892
1442.18958    1.05199    0.07043
1442.52209    0.98954    0.07016
1442.85388    1.02518    0.06995
1443.18665    1.04783    0.06975
1443.51868    0.93103    0.06692
1443.85156    0.83641    0.06787
1444.18372    1.00988    0.07045
1444.51599    0.94319    0.06974
1444.84912    1.01047    0.06919
1445.18140    1.00357    0.06845
1445.51465    0.92421    0.06748
1445.84729    1.00499    0.06842
1446.18066    0.84900    0.06656
1446.51331    1.01386    0.06906
1446.84607    0.92769    0.06720
1447.17981    0.88594    0.06764
1447.51270    1.01825    0.07042
1447.84656    0.99204    0.06914
1448.17969    0.95299    0.06734
1448.51355    0.95071    0.06651
1448.84668    0.95589    0.06812
1449.17993    0.99186    0.06831
1449.51416    0.99904    0.07005
1449.84766    0.94211    0.06920
1450.18201    1.03532    0.06910
1450.51562    0.88086    0.06689
1450.85010    0.87381    0.06639
1451.18384    0.96763    0.06824
1451.51770    0.99283    0.06878
1451.85242    0.97832    0.06960
1452.18652    1.01828    0.06892
1452.52124    0.82090    0.06652
1452.85547    0.89464    0.06644
1453.19043    1.04156    0.06790
1453.52478    1.00810    0.06722
1453.85913    0.93561    0.06715
1454.19434    1.01646    0.06878
1454.52893    0.90242    0.06886
1454.86426    0.84191    0.06308
1455.19910    0.84165    0.06626
1455.53455    0.94019    0.06613
1455.86951    1.15101    0.07160
1456.20435    1.01999    0.06900
1456.54028    0.88064    0.06776
1456.87524    0.93138    0.07614
1457.21130    1.03365    0.07715
1457.54639    1.03282    0.06858
1457.88257    0.97864    0.06758
1458.21790    1.04713    0.06824
1458.55347    0.89777    0.06621
1458.88965    0.90160    0.06538
1459.22522    0.86023    0.07144
1459.56177    0.73354    0.06981
1459.89758    0.84498    0.06472
1460.23425    1.05510    0.06740
1460.57007    0.96889    0.06784
1460.90613    0.90078    0.06387
1461.24304    0.91259    0.06577
1461.57922    0.90458    0.06508
1461.91626    0.86115    0.06408
1462.25256    0.89490    0.06629
1462.58972    0.84083    0.06310
1462.92615    0.98959    0.06640
1463.26282    0.99338    0.06467
1463.60010    0.82711    0.06340
1463.93689    0.91978    0.06546
1464.27441    0.99722    0.06618
1464.61133    0.87300    0.06410
1464.94910    0.78761    0.06263
1465.28613    0.91146    0.06523
1465.62305    0.98640    0.06354
1465.96118    0.75744    0.06202
1466.29834    0.88672    0.06398
1466.63647    0.93533    0.06595
1466.97388    0.93094    0.06540
1467.31213    0.84851    0.06328
1467.64966    0.79292    0.06216
1467.98828    0.89347    0.06275
1468.32581    0.83033    0.06326
1468.66357    0.95685    0.06379
1469.00232    0.88090    0.06397
1469.34033    0.80867    0.06229
1469.67908    0.88998    0.06335
1470.01709    0.87433    0.06403
1470.35620    0.73705    0.06174
1470.69446    0.85187    0.06235
1471.03284    0.97916    0.06511
1471.37207    0.93865    0.06508
1471.71045    0.80919    0.06200
1472.04980    0.81919    0.06191
1472.38855    1.01076    0.06583
1472.72803    1.08534    0.06917
1473.06677    0.91627    0.06503
1473.40564    0.84088    0.06368
1473.74548    0.89030    0.06365
1474.08447    0.79747    0.06313
1474.42444    0.92234    0.06460
1474.76367    0.81589    0.06261
1475.10364    0.82991    0.06178
1475.44299    0.82177    0.06133
1475.78247    0.81454    0.06205
1476.12280    1.02117    0.06469
1476.46228    0.84287    0.06358
1476.80273    0.90173    0.06355
1477.14258    0.89535    0.06265
1477.48315    0.84160    0.06137
1477.82300    0.87207    0.06160
1478.16296    0.90121    0.06249
1478.50391    0.76937    0.06157
1478.84399    0.81327    0.06038
1479.18506    0.81395    0.06256
1479.52539    0.80415    0.06233
1479.86646    0.81788    0.06164
1480.20691    0.76756    0.06155
1480.54749    0.78184    0.06237
1480.88892    0.81180    0.06062
1481.22949    0.73389    0.05844
1481.57104    0.75722    0.05880
1481.91199    0.84859    0.06165
1482.25366    0.74064    0.05887
1482.59460    0.78646    0.05929
1482.93567    0.81141    0.05967
1483.27771    0.83442    0.06122
1483.61890    0.77199    0.05852
1483.96106    0.69558    0.05680
1484.30237    0.75265    0.05907
1484.64465    0.64081    0.05720
1484.98621    0.75422    0.05855
1485.32788    0.81617    0.05897
1485.67041    0.81507    0.06045
1486.01208    0.80646    0.06076
1486.35474    0.77452    0.05998
1486.69678    0.87707    0.05976
1487.03955    0.72425    0.05829
1487.38171    0.74723    0.05950
1487.72375    0.75031    0.05818
1488.06689    0.72146    0.05963
1488.40918    0.94641    0.06110
1488.75244    0.75644    0.05861
1489.09497    0.75788    0.05815
1489.43835    0.83114    0.06004
1489.78101    0.84878    0.06078
1490.12366    0.83646    0.06036
1490.46729    0.84384    0.05959
1490.81018    0.79741    0.05950
1491.15393    0.86964    0.06053
1491.49707    0.89140    0.06119
1491.84094    0.85758    0.05984
1492.18408    0.84027    0.05888
1492.52734    0.83871    0.05909
1492.87158    0.81109    0.05979
1493.21497    0.85270    0.06011
1493.55933    0.84473    0.05969
1493.90295    0.84729    0.06061
1494.24744    0.85314    0.06063
1494.59119    0.76523    0.05969
1494.93591    0.80504    0.05941
1495.27979    0.70937    0.05921
1495.62366    0.69792    0.05676
1495.96875    0.74028    0.05899
1496.31274    0.75838    0.05837
1496.65771    0.81110    0.05969
1497.00208    0.85350    0.06111
1497.34729    0.75466    0.05836
1497.69177    0.74348    0.06068
1498.03625    0.77629    0.05812
1498.38184    0.78563    0.05804
1498.72644    0.79156    0.05981
1499.07202    0.61649    0.05699
1499.41687    0.78577    0.05926
1499.76270    0.72843    0.05793
1500.10767    0.63678    0.05670
1500.45288    0.70840    0.05693
1500.79883    0.66348    0.05619
1501.14404    0.65962    0.05541
1501.49023    0.49640    0.05293
1501.83569    0.49435    0.05287
1502.18201    0.56603    0.05336
1502.52747    0.54538    0.05232
1502.87317    0.51643    0.05227
1503.21973    0.54684    0.05178
1503.56567    0.45815    0.05025
1503.91235    0.48916    0.05113
1504.25830    0.56530    0.05343
1504.60510    0.55036    0.05234
1504.95129    0.49882    0.05139
1505.29749    0.46632    0.05061
1505.64453    0.46711    0.04923
1505.99097    0.40419    0.04919
1506.33826    0.45687    0.05019
1506.68481    0.58534    0.05280
1507.03223    0.53229    0.05355
1507.37891    0.73653    0.05626
1507.72559    0.81782    0.05767
1508.07324    0.82006    0.05771
1508.42029    0.71668    0.05568
1508.76819    0.61107    0.05388
1509.11511    0.68346    0.05344
1509.46313    0.54354    0.05063
1509.81055    0.53102    0.05016
1510.15784    0.51332    0.05132
1510.50598    0.52307    0.05137
1510.85352    0.58905    0.05236
1511.20190    0.57212    0.05233
1511.54956    0.48168    0.05026
1511.89819    0.50630    0.04795
1512.24597    0.44251    0.04944
1512.59375    0.49151    0.04879
1512.94275    0.68457    0.05223
1513.29065    0.63310    0.05136
1513.63965    0.46852    0.04923
1513.98792    0.61563    0.05176
1514.33691    0.61184    0.05231
1514.68542    0.60542    0.05174
1515.03381    0.69272    0.05272
1515.38318    0.56492    0.05182
1515.73181    0.61223    0.05220
1516.08142    0.71403    0.05246
1516.43018    0.62935    0.05382
1516.77979    0.54970    0.04900
1517.12878    0.57973    0.05077
1517.47766    0.51993    0.04981
1517.82764    0.52837    0.05188
1518.17688    0.44775    0.04805
1518.52686    0.43251    0.04652
1518.87634    0.43935    0.04817
1519.22644    0.42470    0.04598
1519.57605    0.46487    0.04593
1519.92554    0.41512    0.04565
1520.27600    0.39384    0.04491
1520.62585    0.32958    0.04342
1520.97656    0.25463    0.04211
1521.32642    0.25240    0.04339
1521.67712    0.27588    0.04188
1522.02722    0.10256    0.03905
1522.37830    0.19468    0.04076
1522.72839    0.21118    0.04206
1523.07874    0.19356    0.04182
1523.42981    0.24652    0.04296
1523.78040    0.21160    0.04041
1524.13171    0.20741    0.03953
1524.48242    0.21368    0.03844
1524.83398    0.20966    0.03905
1525.18481    0.21060    0.03806
1525.53552    0.24871    0.04000
1525.88733    0.31081    0.04095
1526.23840    0.28625    0.04198
1526.59033    0.38025    0.04365
1526.94153    0.33459    0.04193
1527.29358    0.31401    0.04432
1527.64502    0.41074    0.04728
1527.99646    0.37178    0.04143
1528.34888    0.44486    0.04303
1528.70044    0.47075    0.04343
1529.05298    0.52201    0.04456
1529.40466    0.57734    0.04575
1529.75732    0.56687    0.04624
1530.10925    0.52317    0.04494
1530.46130    0.58169    0.04546
1530.81409    0.55006    0.04548
1531.16626    0.58655    0.04638
1531.51941    0.66128    0.04850
1531.87183    0.68371    0.05029
1532.22498    0.69218    0.04938
1532.57751    0.70022    0.04827
1532.93005    0.73300    0.04869
1533.28345    0.75214    0.04937
1533.63635    0.78783    0.04929
1533.98987    0.81427    0.05094
1534.34277    0.75332    0.04951
1534.69666    0.80515    0.05119
1535.04968    0.90418    0.05308
1535.40283    0.93154    0.05230
1535.75684    0.99715    0.05383
1536.11023    1.07835    0.05463
1536.46448    1.00312    0.05461
1536.81787    1.22019    0.05709
1537.17224    1.10277    0.05633
1537.52588    1.06692    0.05528
1537.87952    1.16077    0.05645
1538.23425    1.15594    0.05729
1538.58801    1.04543    0.05540
1538.94287    1.05058    0.05521
1539.29700    1.07395    0.05610
1539.65186    1.04351    0.05415
1540.00610    0.92072    0.05198
1540.36035    0.80884    0.05051
1540.71545    0.89458    0.05120
1541.07007    1.00895    0.05290
1541.42542    1.10640    0.05472
1541.77991    1.02177    0.05356
1542.13550    0.94925    0.05336
1542.49036    1.03904    0.05413
1542.84509    1.07558    0.05414
1543.20081    0.97961    0.05309
1543.55591    0.92131    0.05145
1543.91187    0.84464    0.04977
1544.26697    0.85680    0.04961
1544.62317    0.91964    0.04991
1544.97852    0.80649    0.04898
1545.33386    0.95086    0.05054
1545.69031    0.97626    0.05310
1546.04578    1.04968    0.05489
1546.40234    1.09110    0.05436
1546.75806    0.99691    0.05298
1547.11475    0.96288    0.05273
1547.47070    1.05586    0.05392
1547.82666    1.01119    0.05428
1548.18359    1.04489    0.05566
1548.53967    1.03992    0.05329
1548.89673    0.92450    0.05194
1549.25305    0.97362    0.05181
1549.61047    0.99570    0.05203
1549.96692    0.89132    0.05056
1550.32422    0.90278    0.05139
1550.68103    0.92843    0.05264
1551.03760    0.89321    0.05177
1551.39526    0.98951    0.05236
1551.75220    0.93878    0.05175
1552.11011    1.07412    0.05440
1552.46716    1.06163    0.05476
1552.82507    0.98240    0.05329
1553.18237    0.99371    0.05157
1553.53967    0.92015    0.05112
1553.89783    0.94137    0.05184
1554.25537    1.01471    0.05265
1554.61377    0.99385    0.05198
1554.97144    0.99702    0.05326
1555.33008    1.06960    0.05280
1555.68774    0.99973    0.05221
1556.04578    0.97577    0.05244
1556.40454    1.05674    0.05329
1556.76257    1.08212    0.05340
1557.12146    1.05579    0.05263
1557.47986    1.03189    0.05260
1557.83887    0.97247    0.05150
1558.19727    0.95569    0.05102
1558.55566    0.96794    0.05071
1558.91516    1.03170    0.05188
1559.27380    1.09301    0.05306
1559.63330    1.08601    0.05364
1559.99207    1.02316    0.05180
1560.35181    0.96145    0.05086
1560.71082    0.97838    0.05237
1561.06982    0.95261    0.05067
1561.42981    0.99046    0.05280
1561.78906    1.12694    0.05382
1562.14917    1.10083    0.05285
1562.50842    0.99938    0.05088
1562.86890    1.02397    0.05228
1563.22839    1.06542    0.05303
1563.58801    1.02894    0.05245
1563.94861    0.98272    0.05096
1564.30835    1.03689    0.05208
1564.66907    0.94492    0.05089
1565.02905    0.96676    0.05125
1565.38989    1.00840    0.05251
1565.75012    0.99754    0.05107
1566.11035    1.01468    0.05261
1566.47144    1.11907    0.05411
1566.83179    0.99674    0.05261
1567.19312    1.07959    0.05452
1567.55359    1.03378    0.05276
1567.91504    0.95434    0.05166
1568.27576    1.01505    0.05270
1568.63660    0.97314    0.05246
1568.99829    1.03279    0.05309
1569.35913    1.03551    0.05334
1569.72107    1.02360    0.05251
1570.08228    1.08482    0.05373
1570.44434    1.15935    0.05514
1570.80554    1.10155    0.05462
1571.16687    1.16663    0.05428
1571.52930    1.01392    0.05378
1571.89075    1.04485    0.05361
1572.25330    1.15825    0.05508
1572.61487    1.11825    0.05470
1572.97766    1.14140    0.05500
1573.33936    1.12392    0.05496
1573.70129    1.15729    0.05532
1574.06433    1.15334    0.05489
1574.42639    1.11261    0.05451
1574.78943    1.09938    0.05404
1575.15161    1.11692    0.05458
1575.51501    1.13140    0.05470
1575.87744    1.08953    0.05415
1576.23999    1.07208    0.05351
1576.60339    1.05183    0.05236
1576.96619    1.01612    0.05224
1577.32983    1.06932    0.05325
1577.69263    1.08017    0.05299
1578.05640    1.00778    0.05187
1578.41943    1.08137    0.05323
1578.78345    1.13151    0.05419
1579.14661    1.04877    0.05332
1579.50989    1.13799    0.05372
1579.87402    1.02558    0.05168
1580.23755    1.08979    0.05265
1580.60193    1.02853    0.05239
1580.96558    0.96740    0.05177
1581.33020    1.09242    0.05453
1581.69385    1.09402    0.05407
1582.05786    1.11578    0.05324
1582.42261    1.02815    0.05252
1582.78674    1.04087    0.05203
1583.15161    1.00292    0.05287
1583.51587    0.85922    0.05003
1583.88086    1.00175    0.05179
1584.24536    0.95907    0.05171
1584.60974    1.04017    0.05311
1584.97510    1.13671    0.05478
1585.33984    1.09959    0.05506
1585.70544    0.98652    0.05320
1586.07019    0.99783    0.05255
1586.43604    1.01272    0.05262
1586.80090    0.99185    0.05257
1587.16602    1.04881    0.05338
1587.53198    1.02907    0.05304
1587.89722    0.90535    0.05134
1588.26331    1.02683    0.05351
1588.62866    1.02735    0.05536
1588.99500    1.10503    0.05482
1589.36060    1.11090    0.05500
1589.72620    1.07690    0.05468
1590.09290    1.13398    0.05630
1590.45850    1.17090    0.05636
1590.82532    0.95967    0.05392
1591.19128    1.04598    0.05400
1591.55823    1.01778    0.05318
1591.92444    0.97288    0.05370
1592.29053    1.13667    0.05573
1592.65784    1.10796    0.05543
1593.02417    1.04043    0.05385
1593.39160    1.06354    0.05439
1593.75806    1.03464    0.05430
1594.12561    1.02003    0.05388
1594.49231    1.07880    0.05596
1594.85913    1.02601    0.05449
1595.22693    1.09273    0.05556
1595.59387    1.06310    0.05529
1595.96179    1.03309    0.05500
1596.32898    1.01539    0.05397
1596.69714    0.96329    0.05424
1597.06433    0.95375    0.05296
1597.43176    1.00517    0.05387
1597.80017    1.03471    0.05579
1598.16772    1.01746    0.05561
1598.53625    1.03764    0.05483
1598.90393    1.07812    0.05620
1599.27271    0.97898    0.05496
1599.64062    1.08447    0.05681
1600.00867    0.98892    0.05692
1600.37769    0.94284    0.05726
1600.74573    0.98838    0.05612
1601.11487    1.00508    0.05581
1601.48315    1.05674    0.05655
1601.85242    0.95019    0.05562
1602.22095    1.07583    0.05590
1602.58960    1.08774    0.05698
1602.95911    1.00613    0.05536
1603.32788    1.04087    0.05539
1603.69763    1.00654    0.05458
1604.06665    0.93747    0.05324
1604.43640    0.99163    0.05332
1604.80554    1.00739    0.05358
1605.17468    1.04073    0.05452
1605.54492    1.11330    0.05581
1605.91418    0.96000    0.05304
1606.28455    1.01932    0.05332
1606.65405    1.05243    0.05333
1607.02454    1.06262    0.05356
1607.39429    1.05895    0.05409
1607.76489    0.99574    0.05168
1608.13477    0.89387    0.05087
1608.50476    0.89738    0.05199
1608.87573    0.97281    0.05116
1609.24585    0.95818    0.05222
1609.61682    0.92654    0.05039
1609.98718    0.96018    0.05135
1610.35840    0.90930    0.05094
1610.72888    1.00368    0.05255
1611.09949    0.96794    0.05253
1611.47095    0.96871    0.05252
1611.84167    1.01829    0.05365
1612.21326    0.99820    0.05251
1612.58435    0.98294    0.05256
1612.95605    1.04985    0.05312
1613.32715    0.99269    0.05247
1613.69824    1.00990    0.05279
1614.07043    1.00532    0.05159
1614.44177    0.88880    0.05115
1614.81396    1.00908    0.05271
1615.18542    1.04578    0.05379
1615.55786    1.07904    0.05507
1615.92969    1.09662    0.05469
1616.30139    1.08836    0.05418
1616.67407    1.05757    0.05244
1617.04602    0.99820    0.05247
1617.41895    1.02760    0.05357
1617.79102    1.01744    0.05321
1618.16406    1.07835    0.05312
1618.53625    1.11377    0.05378
1618.90857    1.05039    0.05200
1619.28198    1.14719    0.05386
1619.65442    1.15392    0.05378
1620.02795    1.10963    0.05479
1620.40063    1.07600    0.05311
1620.77441    1.06463    0.05282
1621.14709    1.06039    0.05255
1621.52014    1.05078    0.05261
1621.89404    1.01621    0.05321
1622.26721    1.15152    0.05331
1622.64124    1.14597    0.05405
1623.01453    1.06569    0.05423
1623.38867    1.11331    0.05451
1623.76221    1.05207    0.05350
1624.13574    1.05752    0.05317
1624.51038    1.13838    0.05528
1624.88403    1.13111    0.05390
1625.25867    1.02574    0.05211
1625.63269    0.97349    0.05145
1626.00745    1.00152    0.05263
1626.38159    0.63334    0.04367
1626.75574    0.34134    0.03874
1627.13086    0.40478    0.03811
1627.50513    0.71438    0.04674
1627.88037    1.00360    0.05162
1628.25488    1.13572    0.05421
1628.63037    1.09120    0.05376
1629.00500    1.09869    0.05287
1629.37976    1.11317    0.05325
1629.75549    1.06986    0.05223
1630.13049    1.04962    0.05235
1630.50635    1.17104    0.05385
1630.88135    1.08211    0.05333
1631.25757    1.07961    0.05344
1631.63281    1.10721    0.05413
1632.00806    1.05642    0.05489
1632.38440    0.98762    0.05344
1632.76001    1.04550    0.05358
1633.13647    0.99258    0.05358
1633.51221    1.05880    0.05412
1633.88892    1.02135    0.05341
1634.26477    0.98591    0.05198
1634.64075    1.11740    0.05425
1635.01770    1.07002    0.05318
1635.39380    1.14710    0.05472
1635.77087    1.07326    0.05352
1636.14722    1.07047    0.05270
1636.52454    1.08568    0.05267
1636.90100    0.99218    0.05212
1637.27844    1.08331    0.05209
1637.65515    0.94825    0.05110
1638.03198    1.03701    0.05177
1638.40955    1.04227    0.05103
1638.78650    0.95667    0.05107
1639.16443    1.02288    0.05140
1639.54150    1.06057    0.05227
1639.91956    1.07055    0.05190
1640.29688    1.08955    0.05201
1640.67419    1.07469    0.05370
1641.05261    1.05200    0.05256
1641.43005    1.07444    0.05310
1641.80859    1.10121    0.05399
1642.18628    1.13331    0.05359
1642.56494    1.05228    0.05252
1642.94275    0.94524    0.04948
1643.32080    0.87661    0.04925
1643.69971    0.82384    0.04733
1644.07788    0.73713    0.04498
1644.45691    0.55030    0.04182
1644.83533    0.54874    0.04071
1645.21460    0.57238    0.04088
1645.59302    0.58807    0.04133
1645.97168    0.67746    0.04296
1646.35120    0.70118    0.04353
1646.72986    0.69550    0.04340
1647.10962    0.59183    0.04158
1647.48853    0.41481    0.03775
1647.86841    0.33602    0.03583
1648.24756    0.44549    0.03971
1648.62671    0.54239    0.04190
1649.00684    0.72908    0.04490
1649.38623    0.82362    0.04694
1649.76660    0.82701    0.04690
