1410.23462    1.15736    0.08439
1410.55896    1.31481    0.08650
1410.88342    1.28263    0.08787
1411.20886    1.25507    0.08777
1411.53345    1.21019    0.08748
1411.85889    1.18334    0.08700
1412.18384    1.20429    0.08864
1412.50940    1.13484    0.08630
1412.83423    0.94981    0.08224
1413.15942    1.18152    0.08492
1413.48511    1.21537    0.08457
1413.81042    1.03427    0.08232
1414.13647    1.05102    0.08266
1414.46167    1.21446    0.08444
1414.78796    1.16827    0.08240
1415.11340    1.12324    0.08006
1415.43896    1.19896    0.08187
1415.76526    1.28230    0.08210
1416.09094    1.24699    0.08224
1416.41760    1.17052    0.08249
1416.74329    1.16662    0.08344
1417.07007    1.20673    0.08312
1417.39612    1.17894    0.08050
1417.72290    1.03103    0.07762
1418.04907    0.94993    0.07971
1418.37537    1.19386    0.08162
1418.70239    1.15448    0.07922
1419.02869    1.01830    0.07793
1419.35596    0.98133    0.07610
1419.68250    1.14404    0.07916
1420.00989    1.24671    0.07947
1420.33655    0.90447    0.07524
1420.66321    1.14020    0.07955
1420.99084    1.12131    0.07734
1421.31775    0.97186    0.07519
1421.64551    1.06864    0.07624
1421.97253    1.24353    0.07755
1422.30042    0.93692    0.07521
1422.62769    1.07291    0.07528
1422.95496    0.97122    0.07257
1423.28320    0.94010    0.07283
1423.61060    0.99974    0.07065
1423.93884    1.02608    0.07313
1424.26636    1.20428    0.07692
1424.59473    1.07502    0.07518
1424.92249    1.11086    0.07539
1425.25024    1.24319    0.07689
1425.57898    1.19691    0.07843
1425.90686    1.07654    0.07816
1426.23584    1.31063    0.08062
1426.56384    1.12039    0.07770
1426.89270    0.99739    0.07932
1427.22119    1.06036    0.07731
1427.54944    1.04052    0.07690
1427.87866    0.92572    0.07474
1428.20703    1.10423    0.07596
1428.53638    0.89123    0.07346
1428.86499    0.92722    0.07256
1429.19458    1.08763    0.07497
1429.52332    1.06393    0.07488
1429.85217    0.89433    0.07265
1430.18188    0.96359    0.07385
1430.51099    1.07878    0.07527
1430.84082    0.94490    0.07255
1431.16992    0.92739    0.07200
1431.50000    1.00530    0.07304
1431.82935    0.96911    0.07332
1432.15869    0.96999    0.07272
1432.48889    1.08260    0.07260
1432.81848    0.94998    0.07044
1433.14893    0.94596    0.06781
1433.47864    1.10196    0.07125
1433.80920    1.11618    0.07301
1434.13892    0.93980    0.07227
1434.46899    1.01555    0.07570
1434.79968    1.03894    0.07476
1435.12976    0.86128    0.07049
1435.46082    0.85935    0.07094
1435.79102    1.12748    0.07386
1436.12207    1.00766    0.07232
1436.45239    0.89911    0.07052
1436.78284    0.96809    0.07174
1437.11414    1.04857    0.07264
1437.44470    0.96930    0.06992
1437.77625    0.83630    0.06834
1438.10706    0.96283    0.06952
1438.43860    1.00795    0.07083
1438.76965    1.00143    0.06977
1439.10046    0.97830    0.07178
1439.43237    0.99048    0.07537
1439.76355    1.05839    0.07815
1440.09546    1.08185    0.07647
1440.42688    0.91473    0.07164
1440.75903    0.92486    0.06909
1441.09045    0.91530    0.06867
1441.42200    0.88758    0.06930
1441.75427    0.92882    0.07109
1442.08606    0.89526    0.07148
1442.41858    0.95426    0.07053
1442.75024    1.01336    0.07054
1443.08301    0.92954    0.07043
1443.41504    0.92110    0.07266
1443.74792    1.04584    0.07298
1444.07996    0.87063    0.06927
1444.41211    0.80746    0.06519
1444.74536    0.63034    0.06247
1445.07776    0.67972    0.06198
1445.41089    0.87020    0.06732
1445.74341    0.89222    0.06894
1446.07678    0.85749    0.06857
1446.40955    1.03241    0.07158
1446.74219    0.98817    0.07156
1447.07581    1.01581    0.07099
1447.40881    1.02908    0.07213
1447.74255    0.89005    0.06831
1448.07556    0.99076    0.06912
1448.40942    1.16880    0.07070
1448.74280    1.03192    0.07035
1449.07593    0.95025    0.06850
1449.41016    0.96042    0.06866
1449.74353    0.90907    0.06891
1450.07788    0.92730    0.06839
1450.41138    0.88818    0.06751
1450.74597    0.87625    0.06839
1451.07959    0.94351    0.06804
1451.41345    1.00817    0.07108
1451.74817    0.98336    0.07026
1452.08215    0.92735    0.06923
1452.41687    0.91364    0.06728
1452.75110    0.72404    0.06436
1453.08606    0.82702    0.06408
1453.42029    1.03345    0.06810
1453.75464    0.94464    0.06696
1454.08997    0.83963    0.06440
1454.42456    0.86918    0.06466
1454.75989    0.91952    0.06444
1455.09460    0.87582    0.06518
1455.43005    0.88187    0.06631
1455.76501    0.97124    0.06735
1456.09985    0.87032    0.06644
1456.43555    0.98939    0.06679
1456.77063    0.94625    0.06586
1457.10657    0.82699    0.06328
1457.44177    0.82584    0.06378
1457.77795    0.95524    0.06474
1458.11328    1.02048    0.06494
1458.44861    0.97788    0.06451
1458.78491    0.85228    0.06281
1459.12061    0.94217    0.06456
1459.45691    0.99663    0.06419
1459.79285    0.82645    0.06430
1460.12927    0.91378    0.06509
1460.46533    0.92028    0.06447
1460.80115    0.88406    0.06388
1461.13818    0.85846    0.06238
1461.47424    0.85145    0.06267
1461.81128    0.88466    0.06371
1462.14758    0.97826    0.06751
1462.48474    0.92944    0.06876
1462.82104    0.86484    0.06636
1463.15771    0.87356    0.06836
1463.49512    0.87243    0.06684
1463.83179    0.79490    0.06594
1464.16931    0.79130    0.06497
1464.50610    0.98167    0.06804
1464.84375    1.04541    0.06982
1465.18079    0.94820    0.06789
1465.51794    0.89413    0.06525
1465.85583    0.93646    0.06361
1466.19312    0.83441    0.06222
1466.53113    0.86479    0.06373
1466.86853    0.88095    0.06266
1467.20679    0.85787    0.06216
1467.54431    0.81461    0.06151
1467.88196    0.79272    0.06152
1468.22046    0.85099    0.06370
1468.55811    0.90445    0.06368
1468.89685    0.87149    0.06572
1469.23486    0.89133    0.06565
1469.57361    0.86134    0.06203
1469.91162    0.78320    0.06384
1470.25061    0.98323    0.06618
1470.58875    0.89258    0.06412
1470.92712    0.84985    0.06148
1471.26624    0.84437    0.05925
1471.60474    0.85915    0.05972
1471.94409    0.89143    0.05942
1472.28271    0.85977    0.06110
1472.62231    0.91710    0.06288
1472.96106    0.77971    0.06125
1473.29993    0.84847    0.06220
1473.63953    0.96975    0.06491
1473.97852    0.85260    0.06408
1474.31860    0.84979    0.06429
1474.65771    0.91530    0.06430
1474.99768    0.89227    0.06305
1475.33704    0.86141    0.06186
1475.67651    0.84771    0.06184
1476.01685    0.86239    0.06147
1476.35632    0.98322    0.06420
1476.69678    1.00665    0.06607
1477.03650    0.85201    0.06997
1477.37708    0.77331    0.08197
1477.71692    0.81499    0.09899
1478.05688    0.88563    0.09487
1478.39771    0.95429    0.07874
1478.73792    0.76702    0.06829
1479.07886    0.89929    0.06658
1479.41907    0.91249    0.06409
1479.76013    0.76885    0.06203
1480.10059    0.81016    0.06259
1480.44116    1.01159    0.06450
1480.78259    0.99306    0.06486
1481.12329    0.90260    0.06209
1481.46472    0.83636    0.06143
1481.80554    0.90819    0.06278
1482.14722    1.04467    0.06364
1482.48816    0.95217    0.06192
1482.82935    1.02871    0.06291
1483.17114    0.97519    0.06338
1483.51245    0.98147    0.06318
1483.85437    0.93248    0.06218
1484.19592    0.78795    0.06094
1484.53796    0.96997    0.06352
1484.87964    0.84568    0.06239
1485.22119    0.94710    0.06133
1485.56372    0.96712    0.06070
1485.90540    0.90247    0.05921
1486.24805    0.95647    0.05865
1486.58997    0.96991    0.05782
1486.93286    0.97411    0.05933
1487.27478    1.01299    0.06048
1487.61694    0.97781    0.06186
1487.96008    0.91840    0.06027
1488.30237    0.92697    0.05980
1488.64551    0.93797    0.05905
1488.98792    0.98240    0.05974
1489.33142    0.84821    0.05816
1489.67407    0.79150    0.05847
1490.01672    0.87359    0.05951
1490.36035    0.90899    0.05893
1490.70312    0.80420    0.05832
1491.04688    0.81181    0.05809
1491.38989    0.96794    0.05908
1491.73389    0.89156    0.05898
1492.07703    0.74498    0.05693
1492.42029    0.82513    0.05913
1492.76440    0.87847    0.06062
1493.10791    0.88171    0.05964
1493.45215    0.81848    0.05775
1493.79565    0.85923    0.05813
1494.14001    0.89821    0.05938
1494.48389    0.79412    0.05854
1494.82764    0.73603    0.05871
1495.17249    0.75828    0.05980
1495.51636    0.84300    0.05889
1495.86121    0.91819    0.06061
1496.20532    0.91218    0.06113
1496.55029    0.84839    0.06000
1496.89453    0.86678    0.05960
1497.23987    0.93650    0.06083
1497.58435    0.91425    0.06138
1497.92871    0.86839    0.05978
1498.27417    0.88084    0.05887
1498.61877    0.88475    0.05934
1498.96448    0.75649    0.05815
1499.30920    0.87104    0.05893
1499.65503    0.89738    0.05794
1500.00000    0.80359    0.05677
1500.34509    0.68078    0.05535
1500.69104    0.57531    0.05396
1501.03625    0.51452    0.05179
1501.38245    0.71373    0.05349
1501.72791    0.81176    0.05580
1502.07410    0.93141    0.05761
1502.41956    0.97509    0.05943
1502.76526    0.87076    0.05884
1503.11182    0.94408    0.05826
1503.45764    0.90161    0.05558
1503.80432    0.94808    0.05657
1504.15027    0.83553    0.05512
1504.49707    0.77717    0.05575
1504.84314    0.95377    0.05789
1505.18945    0.90389    0.05785
1505.53638    1.02897    0.05898
1505.88281    0.82243    0.05607
1506.23010    0.82589    0.05489
1506.57654    0.94336    0.05556
1506.92395    0.86462    0.05643
1507.27063    0.97157    0.05777
1507.61743    0.82106    0.05635
1507.96509    0.79578    0.05532
1508.31189    0.84998    0.05462
1508.65979    0.86013    0.05442
1509.00684    0.82483    0.05364
1509.35486    0.82297    0.05398
1509.70203    0.83908    0.05435
1510.04944    0.88275    0.05325
1510.39746    0.88947    0.05322
1510.74500    0.89118    0.05352
1511.09338    0.94455    0.05393
1511.44104    0.97224    0.05372
1511.78955    0.85980    0.05243
1512.13733    0.91930    0.05263
1512.48523    0.91412    0.05240
1512.83398    0.82963    0.05143
1513.18201    0.86311    0.05277
1513.53088    0.97815    0.05399
1513.87915    0.88917    0.05246
1514.22827    0.97463    0.05364
1514.57654    0.88795    0.05198
1514.92493    0.74566    0.04948
1515.27429    0.85502    0.04972
1515.62292    0.95758    0.05106
1515.97241    0.94689    0.05165
1516.32117    0.87343    0.05057
1516.67090    0.89806    0.05081
1517.01978    0.95108    0.05259
1517.36877    0.91599    0.05270
1517.71863    0.91068    0.05203
1518.06775    0.94484    0.05171
1518.41785    0.86995    0.05027
1518.76721    0.89845    0.04934
1519.11731    0.96035    0.04982
1519.46692    0.92546    0.04977
1519.81628    0.97558    0.04989
1520.16687    0.89631    0.04954
1520.51672    0.90870    0.05009
1520.86719    0.93202    0.05029
1521.21716    0.88662    0.04948
1521.56787    0.86399    0.04845
1521.91797    1.00675    0.04937
1522.26807    1.02602    0.04979
1522.61902    0.88166    0.04843
1522.96936    0.90601    0.04837
1523.32043    1.00701    0.04943
1523.67090    0.95751    0.04901
1524.02234    0.93922    0.04868
1524.37292    0.96552    0.04847
1524.72449    1.07660    0.05004
1525.07520    1.00268    0.04858
1525.42615    0.91372    0.04834
1525.77783    1.01478    0.04904
1526.12878    1.00056    0.04815
1526.48071    1.08559    0.04941
1526.83191    1.08255    0.04871
1527.18396    1.00432    0.04804
1527.53528    0.98252    0.04828
1527.88660    0.99479    0.04757
1528.23901    0.87015    0.04558
1528.59058    1.08035    0.04647
1528.94312    0.98547    0.04583
1529.29492    0.93794    0.04474
1529.64746    0.92632    0.04437
1529.99939    0.75323    0.04172
1530.35132    0.67358    0.03879
1530.70422    0.35851    0.03468
1531.05640    0.15564    0.03067
1531.40942    0.13772    0.02862
1531.76172    0.24685    0.03011
1532.11499    0.43689    0.03346
1532.46729    0.66043    0.03748
1532.81995    0.70689    0.03888
1533.17346    0.44048    0.03424
1533.52625    0.21484    0.02923
1533.87976    0.16362    0.02801
1534.23267    0.25143    0.02877
1534.58643    0.52666    0.03339
1534.93945    0.72799    0.03698
1535.29248    0.89433    0.03898
1535.64661    0.93661    0.03943
1535.99976    0.90290    0.03924
1536.35400    0.89957    0.03903
1536.70752    0.92024    0.03966
1537.06177    1.04369    0.04049
1537.41553    0.96563    0.03900
1537.76904    0.87491    0.03763
1538.12378    0.90857    0.03845
1538.47754    0.98141    0.03901
1538.83240    0.95969    0.03848
1539.18628    0.97395    0.03748
1539.54138    0.99911    0.03786
1539.89539    0.96602    0.03740
1540.24976    0.90561    0.03749
1540.60486    0.92300    0.03696
1540.95923    1.03139    0.03706
1541.31458    0.95215    0.03570
1541.66919    0.96089    0.03572
1542.02466    0.95625    0.03493
1542.37939    0.92847    0.03452
1542.73425    0.92420    0.03395
1543.08997    0.86612    0.03302
1543.44507    0.96596    0.03386
1543.80090    0.94031    0.03421
1544.15613    0.90135    0.03321
1544.51221    0.91365    0.03296
1544.86743    0.93692    0.03310
1545.22302    0.97241    0.03348
1545.57922    0.94345    0.03312
1545.93469    0.91762    0.03299
1546.29126    1.01410    0.03400
1546.64697    1.11286    0.03520
1547.00366    1.06827    0.03447
1547.35950    1.02851    0.03390
1547.71545    1.10940    0.03456
1548.07251    1.13167    0.03459
1548.42847    1.09283    0.03415
1548.78552    1.05196    0.03365
1549.14197    1.04137    0.03349
1549.49915    1.06018    0.03370
1549.85547    1.12375    0.03407
1550.21301    1.05803    0.03342
1550.56958    1.08871    0.03367
1550.92627    1.13182    0.03460
1551.28394    1.04752    0.03393
1551.64087    1.09445    0.03450
1551.99854    1.05043    0.03399
1552.35559    0.99038    0.03277
1552.71362    1.00206    0.03291
1553.07080    1.02983    0.03363
1553.42810    1.01113    0.03347
1553.78638    1.02189    0.03331
1554.14368    0.99020    0.03341
1554.50208    1.01572    0.03376
1554.85974    1.00175    0.03357
1555.21826    0.98838    0.03366
1555.57605    1.01760    0.03420
1555.93384    0.93189    0.03382
1556.29272    0.96086    0.03412
1556.65076    0.98984    0.03451
1557.00977    1.00775    0.03506
1557.36792    1.02168    0.03571
1557.72693    1.00869    0.03565
1558.08533    0.96910    0.03533
1558.44385    1.01690    0.03562
1558.80322    1.01453    0.03587
1559.16174    1.06169    0.03677
1559.52124    1.09563    0.03847
1559.88013    1.01766    0.03692
1560.23987    0.99661    0.03601
1560.59863    1.03111    0.03730
1560.95764    1.06659    0.03783
1561.31775    1.05844    0.03858
1561.67688    1.02539    0.03836
1562.03711    1.01026    0.03855
1562.39636    1.01400    0.03835
1562.75659    1.03217    0.03839
1563.11609    1.05857    0.03968
1563.47583    1.05728    0.03874
1563.83630    1.02799    0.03946
1564.19604    1.00441    0.03838
1564.55664    1.01571    0.03952
1564.91675    1.06579    0.04059
1565.27759    1.05107    0.04145
1565.63757    1.06085    0.04085
1565.99768    1.11367    0.04210
1566.35889    1.11446    0.04142
1566.71924    1.02229    0.04127
1567.08057    1.05314    0.04179
1567.44092    1.08036    0.04269
1567.80249    1.03118    0.04190
1568.16309    1.04661    0.04340
1568.52393    1.15161    0.04471
1568.88562    1.04127    0.04352
1569.24646    1.06158    0.04336
1569.60828    1.12242    0.04438
1569.96948    1.12721    0.04442
1570.33154    1.08630    0.04393
1570.69287    1.07871    0.04411
1571.05396    1.12886    0.04458
1571.41638    1.05372    0.04460
1571.77783    1.11858    0.04544
1572.14038    1.15166    0.04617
1572.50195    1.12531    0.04523
1572.86462    1.13802    0.04588
1573.22644    1.10968    0.04546
1573.58838    1.09943    0.04518
1573.95117    1.04645    0.04677
1574.31335    1.12157    0.04743
1574.67627    1.20661    0.04811
1575.03870    1.14862    0.04741
1575.40186    1.16462    0.04702
1575.76416    1.03897    0.04585
1576.12659    1.14879    0.04727
1576.49011    1.17489    0.04796
1576.85278    1.12914    0.04707
1577.21643    1.20343    0.04909
1577.57935    1.14009    0.04778
1577.94312    1.01922    0.04690
1578.30615    1.12881    0.04846
1578.67004    1.19654    0.04959
1579.03320    1.16858    0.04947
1579.39636    1.16879    0.04997
1579.76074    1.11919    0.04985
1580.12402    1.17234    0.05129
1580.48840    1.25223    0.05156
1580.85205    1.10966    0.04962
1581.21655    1.03975    0.04934
1581.58032    1.21505    0.05107
1581.94421    1.02054    0.04982
1582.30896    1.12676    0.05008
1582.67297    1.13465    0.05023
1583.03796    1.16208    0.05103
1583.40210    1.18302    0.05165
1583.76721    1.09699    0.05078
1584.13159    1.12362    0.05108
1584.49609    1.15325    0.05183
1584.86133    1.18296    0.05285
1585.22595    1.13044    0.05351
1585.59143    1.09517    0.05208
1585.95630    1.17570    0.05266
1586.32214    1.16419    0.05168
1586.68689    0.97415    0.04957
1587.05188    1.07342    0.05019
1587.41785    1.12421    0.05175
1587.78320    1.10821    0.05189
1588.14929    1.16603    0.05194
1588.51465    1.00791    0.05057
1588.88098    1.00954    0.05060
1589.24646    1.02713    0.05104
1589.61206    1.08299    0.05201
1589.97852    1.16987    0.05250
1590.34436    1.20750    0.05338
1590.71118    1.16008    0.05272
1591.07715    1.08129    0.05121
1591.44397    1.05709    0.05202
1591.81006    1.07412    0.05162
1592.17615    1.04367    0.05147
1592.54333    0.98414    0.05070
1592.90979    1.07177    0.05112
1593.27710    1.03853    0.05032
1593.64355    1.03728    0.05003
1594.01099    1.03536    0.04996
1594.37781    1.05885    0.05160
1594.74463    1.10870    0.05211
1595.11230    1.03114    0.05115
1595.47925    1.07905    0.05221
1595.84717    1.06489    0.05328
1596.21436    1.06424    0.05110
1596.58240    1.04395    0.05266
1596.94971    0.98307    0.05108
1597.31702    1.08314    0.05226
1597.68555    1.05290    0.05103
1598.05298    1.08661    0.05244
1598.42139    1.09356    0.05244
1598.78918    1.04440    0.05299
1599.15784    1.03524    0.05251
1599.52576    1.08913    0.05250
1599.89380    1.05045    0.05245
1600.26270    1.04332    0.05280
1600.63086    1.07797    0.05357
1601.00000    1.08310    0.05379
1601.36829    1.04545    0.05301
1601.73755    1.05029    0.05265
1602.10596    0.95233    0.05285
1602.47449    0.98329    0.05191
1602.84412    1.02115    0.05279
1603.21289    1.03542    0.05208
1603.58252    1.05844    0.05354
1603.95142    0.98140    0.05204
1604.32117    0.99295    0.05163
1604.69031    0.94630    0.05303
1605.05945    0.93865    0.05212
1605.42957    1.06838    0.05385
1605.79895    1.17984    0.05531
1606.16931    0.97913    0.05674
1606.53870    1.01465    0.05698
1606.90918    1.00238    0.05339
1607.27881    1.06182    0.05447
1607.64954    1.01637    0.05283
1608.01929    0.80746    0.05130
1608.38928    1.01788    0.05242
1608.76001    0.99524    0.05739
1609.13013    1.02238    0.05737
1609.50122    1.06458    0.05423
1609.87158    1.04049    0.05210
1610.24280    0.98270    0.05185
1610.61328    0.96858    0.05205
1610.98376    0.99119    0.05177
1611.35510    1.00101    0.05140
1611.72595    1.01395    0.05223
1612.09753    0.99291    0.05069
1612.46851    0.94161    0.05091
1612.84021    0.98625    0.05074
1613.21130    0.95993    0.05078
1613.58240    0.99224    0.05111
1613.95459    0.96726    0.05022
1614.32581    0.93556    0.05054
1614.69812    0.99524    0.05155
1615.06946    0.98183    0.05143
1615.44189    0.93041    0.04976
1615.81360    0.88137    0.04946
1616.18530    0.93441    0.05003
1616.55786    0.97719    0.05023
1616.92981    0.93469    0.05048
1617.30273    1.01988    0.05173
1617.67480    0.89947    0.05034
1618.04773    0.97190    0.05004
1618.42004    1.01358    0.05156
1618.79236    0.96344    0.05117
1619.16553    0.96280    0.05163
1619.53821    0.95669    0.05178
1619.91162    0.99844    0.05321
1620.28418    1.03364    0.05367
1620.65796    0.96098    0.05166
1621.03064    0.89450    0.05081
1621.40356    0.94745    0.05031
1621.77759    0.94128    0.04952
1622.15063    0.94289    0.04984
1622.52466    0.89573    0.04965
1622.89795    0.89600    0.04986
1623.27222    0.94135    0.05020
1623.64563    0.96338    0.05041
1624.01904    0.96786    0.04984
1624.39368    0.84585    0.04962
1624.76721    0.92616    0.05165
1625.14197    0.93326    0.05073
1625.51587    0.86712    0.04946
1625.89062    0.95936    0.05172
1626.26477    1.09000    0.05322
1626.63879    1.01730    0.05232
1627.01392    0.93315    0.05095
1627.38831    0.90797    0.05015
1627.76355    0.91427    0.05026
1628.13794    0.90813    0.05087
1628.51343    0.88824    0.05145
1628.88818    0.92888    0.05080
1629.26270    0.94592    0.05068
1629.63843    0.98053    0.05118
1630.01331    0.94361    0.05099
1630.38928    0.83890    0.05040
1630.76428    0.97559    0.05166
1631.14038    1.01316    0.05186
1631.51562    1.03347    0.05255
1631.89087    1.04845    0.05292
1632.26733    1.02630    0.05328
1632.64270    0.98817    0.05249
1633.01929    1.00838    0.05269
1633.39490    0.96992    0.05373
1633.77161    0.96107    0.05298
1634.14746    0.93478    0.05205
1634.52344    0.91126    0.05187
1634.90027    0.93689    0.05214
1635.27637    0.94020    0.05346
1635.65344    0.95255    0.05343
1636.02966    0.95670    0.05251
1636.40710    1.00183    0.05320
1636.78345    1.01571    0.05358
1637.16089    0.96081    0.05331
1637.53760    1.00916    0.05421
1637.91418    0.97413    0.05294
1638.29187    1.05910    0.05361
1638.66882    1.06016    0.05320
1639.04663    1.01587    0.05322
1639.42371    1.07374    0.05356
1639.80176    1.03181    0.05321
1640.17908    0.97152    0.05316
1640.55640    1.05811    0.05379
1640.93469    1.11272    0.05443
1641.31226    1.05550    0.05312
1641.69055    0.99766    0.05227
1642.06836    1.03215    0.05283
1642.44702    1.00842    0.05295
1642.82471    0.96101    0.05102
1643.20276    0.96561    0.05313
1643.58167    1.00270    0.05311
1643.95972    1.00273    0.05427
1644.33887    0.97361    0.05365
1644.71716    0.99596    0.05313
1645.09644    0.93443    0.05226
1645.47485    0.87989    0.05006
1645.85339    0.95653    0.05125
1646.23291    1.04534    0.05105
1646.61157    0.85053    0.04959
1646.99133    0.96220    0.05140
1647.37024    0.91618    0.04825
1647.75012    0.88202    0.04898
1648.12915    0.94159    0.04817
1648.50830    0.97407    0.05020
1648.88843    0.97680    0.04933
1649.26782    0.82916    0.04851
1649.64819    0.94315    0.04895
