1410.15771    1.73757    0.08769
1410.48206    1.69619    0.08656
1410.80652    1.56836    0.08408
1411.13184    1.44594    0.08286
1411.45654    1.44062    0.08180
1411.78210    1.52716    0.08204
1412.10681    1.54574    0.08357
1412.43237    1.53947    0.08396
1412.75732    1.44084    0.08323
1413.08240    1.42637    0.08214
1413.40808    1.43903    0.08344
1413.73340    1.44031    0.08372
1414.05933    1.49883    0.08416
1414.38464    1.40743    0.08124
1414.71082    1.30396    0.07840
1415.03613    1.27044    0.07878
1415.36169    1.35486    0.08041
1415.68823    1.46666    0.08136
1416.01379    1.42109    0.07954
1416.34045    1.29931    0.07871
1416.66614    1.31125    0.07920
1416.99292    1.36841    0.07896
1417.31873    1.33600    0.07741
1417.64490    1.25445    0.07619
1417.97180    1.28445    0.07604
1418.29797    1.31179    0.07577
1418.62500    1.25295    0.07574
1418.95142    1.25628    0.07437
1419.27856    1.29553    0.07454
1419.60510    1.27029    0.07548
1419.93176    1.17079    0.07409
1420.25916    1.10057    0.07237
1420.58582    1.15843    0.07119
1420.91333    1.05010    0.07050
1421.24036    1.09001    0.07191
1421.56812    1.26061    0.07448
1421.89502    1.06791    0.07165
1422.22217    1.18739    0.07229
1422.55017    1.10994    0.07102
1422.87744    1.21234    0.07328
1423.20544    1.33965    0.07295
1423.53284    1.24764    0.07434
1423.86121    1.12207    0.07198
1424.18884    1.16801    0.07357
1424.51636    1.17967    0.07864
1424.84485    1.21520    0.07981
1425.17261    1.32526    0.07612
1425.50122    1.36353    0.07582
1425.82935    1.21839    0.07381
1426.15796    1.38472    0.07393
1426.48621    1.40626    0.07539
1426.81421    1.27907    0.07414
1427.14331    1.30620    0.07495
1427.47168    1.49020    0.07774
1427.80078    1.46029    0.07602
1428.12927    1.32191    0.07437
1428.45862    1.29983    0.07280
1428.78723    1.23901    0.07066
1429.11597    1.25746    0.07253
1429.44531    1.33520    0.07281
1429.77429    1.23512    0.07251
1430.10388    1.30854    0.07115
1430.43286    1.17084    0.07013
1430.76282    1.20788    0.07113
1431.09192    1.14251    0.07044
1431.42200    1.02009    0.06787
1431.75122    1.35531    0.07187
1432.08069    1.13556    0.07047
1432.41089    1.13568    0.06933
1432.74036    1.07152    0.06767
1433.07068    1.09010    0.06767
1433.40051    1.23693    0.06895
1433.73096    1.18672    0.06944
1434.06079    1.36107    0.07061
1434.39062    1.20853    0.06994
1434.72144    1.13069    0.06825
1435.05151    1.21182    0.06907
1435.38257    1.22600    0.06900
1435.71277    1.06641    0.06750
1436.04370    1.01675    0.06650
1436.37415    1.15092    0.06725
1436.70447    1.14225    0.06736
1437.03577    1.06922    0.06677
1437.36646    1.04629    0.06499
1437.69788    0.99795    0.06347
1438.02856    1.13819    0.06562
1438.36023    1.12833    0.06618
1438.69104    1.08725    0.06605
1439.02209    1.08727    0.06741
1439.35400    1.11535    0.06625
1439.68518    1.12877    0.06591
1440.01709    1.01143    0.06446
1440.34839    0.96109    0.06273
1440.68042    0.88231    0.05990
1441.01184    0.86867    0.06089
1441.34338    0.93055    0.06152
1441.67578    0.87102    0.06086
1442.00732    0.80807    0.05931
1442.33984    0.74278    0.05969
1442.67188    0.89987    0.06142
1443.00439    0.88157    0.06027
1443.33643    0.62687    0.05828
1443.66833    0.70815    0.05785
1444.00134    0.70457    0.05791
1444.33350    0.73071    0.05827
1444.66663    0.69001    0.05946
1444.99890    0.67042    0.05847
1445.33215    0.66952    0.05745
1445.66455    0.56254    0.05573
1445.99731    0.70084    0.05700
1446.33057    0.59561    0.05453
1446.66333    0.56696    0.05531
1446.99695    0.62218    0.05440
1447.32983    0.59473    0.05505
1447.66357    0.53044    0.05280
1447.99658    0.59832    0.05452
1448.32971    0.58534    0.05396
1448.66370    0.51871    0.05116
1448.99707    0.55833    0.05362
1449.33118    0.64536    0.05516
1449.66455    0.57393    0.05301
1449.99890    0.69394    0.05358
1450.33228    0.63131    0.05368
1450.66614    0.65367    0.05447
1451.00049    0.65370    0.05438
1451.33435    0.52335    0.05206
1451.66907    0.48394    0.05143
1452.00293    0.48509    0.05196
1452.33789    0.60845    0.05287
1452.67200    0.64709    0.05242
1453.00610    0.58210    0.05135
1453.34131    0.52801    0.05137
1453.67554    0.54897    0.05215
1454.01074    0.58307    0.05304
1454.34521    0.54891    0.05244
1454.68054    0.58352    0.05318
1455.01514    0.66737    0.05421
1455.35083    0.66398    0.05377
1455.68555    0.54273    0.05086
1456.02039    0.57364    0.05138
1456.35620    0.63053    0.05149
1456.69128    0.54709    0.05155
1457.02710    0.51122    0.05019
1457.36230    0.58527    0.05063
1457.69836    0.54078    0.05039
1458.03369    0.60980    0.05277
1458.36926    0.54131    0.05290
1458.70544    0.64649    0.05177
1459.04102    0.66180    0.05254
1459.37744    0.44710    0.04890
1459.71326    0.45584    0.04823
1460.04980    0.60380    0.04953
1460.38562    0.52808    0.04908
1460.72156    0.52261    0.04875
1461.05847    0.54147    0.05069
1461.39465    0.48501    0.05107
1461.73169    0.49788    0.05027
1462.06799    0.47005    0.04711
1462.40503    0.46371    0.04890
1462.74146    0.49995    0.04964
1463.07800    0.55890    0.04932
1463.41541    0.57467    0.04828
1463.75195    0.50297    0.04765
1464.08948    0.49354    0.04756
1464.42639    0.48377    0.04769
1464.76404    0.48414    0.04660
1465.10095    0.42542    0.04567
1465.43799    0.36209    0.04593
1465.77600    0.46779    0.04653
1466.11316    0.48037    0.04572
1466.45129    0.41219    0.04416
1466.78870    0.40438    0.04575
1467.12683    0.42371    0.04779
1467.46436    0.40900    0.04758
1467.80200    0.42295    0.04664
1468.14050    0.51174    0.04653
1468.47815    0.51662    0.04669
1468.81677    0.48206    0.04626
1469.15479    0.46955    0.04625
1469.49353    0.45396    0.04599
1469.83142    0.38899    0.04596
1470.16968    0.42633    0.04558
1470.50867    0.42846    0.04484
1470.84705    0.38848    0.04453
1471.18616    0.36336    0.04461
1471.52454    0.41308    0.04475
1471.86389    0.51691    0.04474
1472.20251    0.48252    0.04578
1472.54126    0.50804    0.04481
1472.88086    0.50657    0.04669
1473.21960    0.50089    0.04594
1473.55920    0.53352    0.04680
1473.89832    0.53141    0.04651
1474.23816    0.49287    0.04552
1474.57739    0.52460    0.04831
1474.91650    0.58439    0.04726
1475.25659    0.57145    0.04634
1475.59607    0.54371    0.04683
1475.93628    0.62901    0.04629
1476.27588    0.46722    0.04480
1476.61633    0.48565    0.04445
1476.95605    0.50739    0.04497
1477.29578    0.48840    0.04426
1477.63635    0.46689    0.04367
1477.97632    0.37499    0.04105
1478.31714    0.28347    0.03941
1478.65735    0.36257    0.04067
1478.99829    0.33009    0.04091
1479.33838    0.22827    0.03675
1479.67871    0.20419    0.03815
1480.02002    0.19816    0.03780
1480.36047    0.19542    0.03690
1480.70178    0.11797    0.03439
1481.04248    0.15994    0.03539
1481.38403    0.17835    0.03498
1481.72485    0.13533    0.03510
1482.06653    0.28972    0.03756
1482.40747    0.27125    0.03835
1482.74841    0.26660    0.03835
1483.09045    0.27740    0.04005
1483.43152    0.27803    0.04030
1483.77356    0.30151    0.04042
1484.11499    0.37404    0.04081
1484.45715    0.36413    0.04165
1484.79871    0.51806    0.04451
1485.14026    0.67082    0.04792
1485.48279    0.75745    0.04945
1485.82446    0.82212    0.04952
1486.16711    0.88562    0.05153
1486.50891    0.97454    0.05284
1486.85181    1.06586    0.05459
1487.19373    1.12631    0.05498
1487.53601    1.18102    0.05580
1487.87891    1.19379    0.05575
1488.22131    1.09783    0.05445
1488.56433    1.15554    0.05438
1488.90686    1.17341    0.05489
1489.25024    1.15540    0.05458
1489.59277    1.12503    0.05371
1489.93542    1.08748    0.05274
1490.27905    1.05475    0.05201
1490.62195    1.02756    0.05242
1490.96570    1.08767    0.05298
1491.30859    0.95221    0.05114
1491.65259    0.89763    0.05042
1491.99561    1.00843    0.04945
1492.33887    0.82260    0.04786
1492.68298    0.88609    0.04831
1493.02637    0.77000    0.04700
1493.37073    0.70032    0.04501
1493.71436    0.62874    0.04239
1494.05872    0.47391    0.04017
1494.40247    0.42914    0.03938
1494.74609    0.34444    0.03778
1495.09082    0.21979    0.03663
1495.43481    0.28894    0.03603
1495.77966    0.25471    0.03387
1496.12378    0.06010    0.03130
1496.46875    0.20756    0.03252
1496.81311    0.14683    0.03187
1497.15747    0.13796    0.03159
1497.50256    0.11492    0.03191
1497.84705    0.11732    0.03223
1498.19250    0.16985    0.03125
1498.53711    0.12769    0.03115
1498.88281    0.04480    0.03009
1499.22754    0.11113    0.03020
1499.57239    0.08852    0.03014
1499.91833    0.05011    0.02992
1500.26331    0.11609    0.02967
1500.60925    0.12627    0.03052
1500.95447    0.08425    0.02995
1501.30054    0.15331    0.03071
1501.64600    0.10572    0.03080
1501.99146    0.01606    0.02891
1502.33777    0.04826    0.02911
1502.68347    0.09856    0.02926
1503.02991    0.02295    0.02879
1503.37573    0.05241    0.02832
1503.72241    0.06953    0.02899
1504.06836    0.03153    0.02794
1504.41418    0.00035    0.02725
1504.76123    0.01529    0.02721
1505.10742    0.04417    0.02800
1505.45447    0.00521    0.02649
1505.80078    0.02431    0.02716
1506.14795    0.05047    0.02864
1506.49451    0.03866    0.02700
1506.84106    0.08079    0.02690
1507.18848    0.00333    0.02617
1507.53528    0.02896    0.02749
1507.88293    0.02920    0.02665
1508.22974    0.04033    0.02713
1508.57751    0.08375    0.02738
1508.92456    0.02338    0.02689
1509.27271    0.09371    0.02835
1509.61975    0.08781    0.02863
1509.96716    0.10677    0.02889
1510.31519    0.16738    0.02998
1510.66260    0.21955    0.03029
1511.01111    0.29557    0.03150
1511.35864    0.46590    0.03352
1511.70728    0.68739    0.03753
1512.05505    0.73599    0.03882
1512.40283    0.86111    0.04154
1512.75146    1.13597    0.04525
1513.09961    1.11468    0.04568
1513.44849    1.17041    0.04554
1513.79663    1.16526    0.04520
1514.14563    1.24521    0.04547
1514.49414    1.26448    0.04579
1514.84253    1.14324    0.04415
1515.19177    1.16283    0.04409
1515.54041    1.20595    0.04396
1515.88989    1.17098    0.04328
1516.23853    1.19313    0.04383
1516.58813    1.21239    0.04353
1516.93701    1.16426    0.04270
1517.28601    1.17370    0.04259
1517.63586    1.18394    0.04263
1517.98499    1.19169    0.04224
1518.33508    1.18866    0.04226
1518.68445    1.21730    0.04241
1519.03455    1.23937    0.04281
1519.38403    1.15548    0.04249
1519.73352    1.22188    0.04242
1520.08398    1.18915    0.04287
1520.43372    1.17520    0.04123
1520.78430    1.13230    0.04093
1521.13416    1.05776    0.04027
1521.48499    1.13528    0.04015
1521.83496    1.05174    0.03890
1522.18506    1.08782    0.03962
1522.53613    1.14458    0.03901
1522.88635    1.12547    0.03888
1523.23755    1.08276    0.03838
1523.58801    1.12587    0.03903
1523.93933    1.15973    0.03881
1524.28992    1.04899    0.03777
1524.64050    1.09190    0.03732
1524.99207    1.11755    0.03770
1525.34290    1.00851    0.03688
1525.69470    1.09728    0.03678
1526.04565    1.01640    0.03643
1526.39746    1.08785    0.03607
1526.74866    1.07017    0.03646
1527.09985    1.03999    0.03590
1527.45203    1.11367    0.03626
1527.80347    1.06276    0.03543
1528.15576    0.98169    0.03417
1528.50732    0.97112    0.03416
1528.85974    1.04015    0.03484
1529.21155    1.05217    0.03495
1529.56323    1.00245    0.03462
1529.91602    1.09424    0.03513
1530.26794    1.09848    0.03529
1530.62085    1.03376    0.03424
1530.97302    0.95671    0.03305
1531.32605    0.95457    0.03276
1531.67834    1.01571    0.03328
1532.03064    1.00575    0.03335
1532.38391    1.01607    0.03320
1532.73645    0.94196    0.03249
1533.08997    0.98687    0.03313
1533.44250    1.01898    0.03314
1533.79614    0.93833    0.03244
1534.14905    1.01121    0.03342
1534.50195    1.04778    0.03391
1534.85583    0.97978    0.03353
1535.20886    0.97927    0.03324
1535.56287    0.99446    0.03227
1535.91614    0.95889    0.03246
1536.27039    1.00381    0.03265
1536.62378    0.99626    0.03262
1536.97803    0.99378    0.03271
1537.33179    0.98983    0.03232
1537.68530    1.03487    0.03343
1538.03992    1.08115    0.03355
1538.39368    0.96148    0.03213
1538.74854    0.95262    0.03226
1539.10242    1.01514    0.03236
1539.45740    1.00078    0.03259
1539.81152    0.95573    0.03146
1540.16589    0.95353    0.03171
1540.52087    0.94075    0.03146
1540.87537    1.04079    0.03283
1541.23059    1.07097    0.03291
1541.58521    0.94611    0.03153
1541.94080    0.92172    0.03119
1542.29541    1.06198    0.03285
1542.65027    0.97828    0.03193
1543.00598    0.97553    0.03206
1543.36096    0.99237    0.03180
1543.71680    0.98779    0.03211
1544.07202    0.99501    0.03189
1544.42798    1.02947    0.03263
1544.78320    1.03089    0.03252
1545.13867    0.99672    0.03169
1545.49500    0.96696    0.03155
1545.85046    1.01344    0.03182
1546.20703    1.04559    0.03239
1546.56262    0.99689    0.03171
1546.91931    0.98735    0.03168
1547.27515    0.97526    0.03180
1547.63123    0.99115    0.03194
1547.98792    1.06500    0.03270
1548.34412    1.08332    0.03294
1548.70117    1.01292    0.03257
1549.05737    1.02564    0.03258
1549.41467    0.97429    0.03206
1549.77112    0.96612    0.03199
1550.12756    0.97971    0.03198
1550.48511    0.96561    0.03185
1550.84180    0.94349    0.03197
1551.19934    0.98268    0.03239
1551.55627    0.98574    0.03234
1551.91406    0.96869    0.03226
1552.27112    0.99003    0.03235
1552.62817    1.02385    0.03303
1552.98621    0.99602    0.03310
1553.34351    0.92439    0.03269
1553.70166    1.02621    0.03354
1554.05908    1.01209    0.03341
1554.41748    0.91370    0.03207
1554.77502    0.89294    0.03199
1555.13269    0.97205    0.03254
1555.49133    0.98044    0.03330
1555.84912    0.99926    0.03392
1556.20789    0.94079    0.03283
1556.56592    0.92238    0.03237
1556.92493    0.95735    0.03292
1557.28308    0.95906    0.03315
1557.64124    0.90473    0.03222
1558.00049    0.90167    0.03273
1558.35889    0.95145    0.03328
1558.71826    0.90690    0.03572
1559.07678    0.90007    0.03492
1559.43640    0.98395    0.03432
1559.79504    0.87199    0.03271
1560.15381    0.89833    0.03316
1560.51379    0.89826    0.03271
1560.87268    0.87182    0.03326
1561.23267    0.91896    0.03361
1561.59167    0.99110    0.03437
1561.95190    0.88428    0.03342
1562.31116    0.89416    0.03372
1562.67065    0.90691    0.03382
1563.03101    0.90746    0.03377
1563.39062    0.91781    0.03352
1563.75110    0.92758    0.03383
1564.11084    0.90988    0.03398
1564.47156    0.93974    0.03446
1564.83142    0.99393    0.03536
1565.19226    0.93967    0.03465
1565.55225    0.88209    0.03401
1565.91248    0.93892    0.03455
1566.27344    0.96095    0.03469
1566.63379    0.93700    0.03435
1566.99512    0.90870    0.03466
1567.35559    0.94558    0.03541
1567.71704    0.98262    0.03601
1568.07764    0.95758    0.03529
1568.43848    0.94662    0.03524
1568.80005    0.90015    0.03493
1569.16101    0.99638    0.03540
1569.52283    0.97809    0.03620
1569.88391    0.90583    0.03450
1570.24585    0.94555    0.03575
1570.60718    0.94927    0.03934
1570.96838    0.98054    0.03918
1571.33069    0.94455    0.03516
1571.69226    0.92127    0.03547
1572.05469    0.95713    0.03537
1572.41626    1.00687    0.03659
1572.77893    1.00281    0.03647
1573.14075    0.98029    0.03655
1573.50256    0.97584    0.03669
1573.86548    0.99547    0.03650
1574.22754    0.98604    0.03654
1574.59058    0.97608    0.03673
1574.95276    1.08204    0.03792
1575.31592    1.01448    0.03755
1575.67834    1.03337    0.03744
1576.04089    1.00167    0.03716
1576.40430    0.96174    0.03705
1576.76685    1.02540    0.03767
1577.13049    1.05373    0.03809
1577.49329    1.02422    0.03768
1577.85706    0.96935    0.03619
1578.22009    0.99417    0.03743
1578.58313    1.02816    0.03700
1578.94714    0.99579    0.03778
1579.31030    1.00763    0.03758
1579.67456    0.99254    0.03818
1580.03796    1.00749    0.03716
1580.40234    1.02652    0.03769
1580.76599    1.02405    0.03759
1581.12952    1.02408    0.03816
1581.49414    1.06440    0.03828
1581.85791    1.05661    0.03861
1582.22278    1.07586    0.03888
1582.58667    1.04411    0.03856
1582.95178    1.00515    0.03855
1583.31580    1.04011    0.03847
1583.68005    1.07803    0.03907
1584.04529    1.07464    0.03935
1584.40967    1.07856    0.03938
1584.77502    1.06346    0.03864
1585.13953    1.02674    0.03890
1585.50513    1.00607    0.03855
1585.86987    1.02492    0.03884
1586.23474    1.02630    0.03876
1586.60059    1.02724    0.03903
1586.96545    1.01472    0.03887
1587.33142    1.01780    0.03890
1587.69653    1.06942    0.03993
1588.06262    1.10528    0.03952
1588.42798    0.98176    0.03755
1588.79346    1.03761    0.03864
1589.15979    1.04864    0.03856
1589.52539    1.00003    0.03795
1589.89197    1.03080    0.03854
1590.25781    1.04840    0.03790
1590.62439    1.01565    0.03792
1590.99036    0.98465    0.03707
1591.35632    0.99322    0.03739
1591.72327    1.01279    0.03740
1592.08948    1.03106    0.03802
1592.45667    1.09167    0.03801
1592.82288    1.05687    0.03789
1593.19031    0.98627    0.03690
1593.55688    0.99116    0.03729
1593.92419    1.01438    0.03721
1594.29089    0.99131    0.03693
1594.65759    1.02829    0.03745
1595.02551    1.05493    0.03760
1595.39233    1.05105    0.03720
1595.76013    1.02374    0.03715
1596.12732    0.99606    0.03557
1596.49536    1.00457    0.03687
1596.86267    1.05982    0.03755
1597.23010    1.04140    0.03745
1597.59839    1.00219    0.03635
1597.96582    1.01679    0.03692
1598.33435    1.02131    0.03716
1598.70215    1.01591    0.03721
1599.07068    1.14544    0.03866
1599.43860    1.01077    0.03711
1599.80652    1.08741    0.03763
1600.17542    1.11132    0.03819
1600.54358    1.07330    0.03782
1600.91260    1.11306    0.03845
1601.28088    1.05572    0.03822
1601.65015    1.14101    0.03865
1602.01868    1.06625    0.03815
1602.38721    1.02673    0.03730
1602.75671    1.03968    0.03694
1603.12549    1.01386    0.03735
1603.49512    1.07372    0.03753
1603.86401    1.08425    0.03817
1604.23389    1.07709    0.03747
1604.60278    1.05186    0.03711
1604.97205    1.04100    0.03638
1605.34216    1.06358    0.03739
1605.71143    1.06441    0.03716
1606.08167    1.07154    0.03784
1606.45117    1.08448    0.03739
1606.82166    1.07463    0.03794
1607.19116    1.05374    0.03724
1607.56104    1.04604    0.03720
1607.93164    1.02982    0.03668
1608.30164    0.98949    0.03697
1608.67249    1.08567    0.03767
1609.04260    1.06348    0.03730
1609.41345    1.01026    0.03708
1609.78381    1.08676    0.03795
1610.15417    1.03629    0.03695
1610.52551    1.04101    0.03768
1610.89600    1.00452    0.03634
1611.26733    1.05360    0.03757
1611.63818    1.11967    0.03747
1612.00964    1.05000    0.03782
1612.38062    0.95343    0.03655
1612.75159    1.01087    0.03634
1613.12341    1.03377    0.03694
1613.49451    0.99504    0.03607
1613.86658    1.01493    0.03720
1614.23779    1.10714    0.03769
1614.61011    1.06274    0.03734
1614.98145    1.03953    0.03702
1615.35303    1.04712    0.03710
1615.72546    1.05211    0.03741
1616.09717    0.99205    0.03632
1616.46985    0.92499    0.03507
1616.84167    1.06057    0.03641
1617.21472    1.15735    0.03812
1617.58667    1.05692    0.03691
1617.95874    0.97601    0.03593
1618.33179    0.98634    0.03653
1618.70410    0.98492    0.03690
1619.07739    0.95271    0.03649
1619.44983    1.04135    0.03750
1619.82324    1.06733    0.03691
1620.19592    1.03452    0.03743
1620.56873    1.03826    0.03674
1620.94238    1.07468    0.03714
1621.31519    1.01708    0.03685
1621.68909    1.08258    0.03757
1622.06226    1.09386    0.03797
1622.43628    1.04317    0.03710
1622.80957    1.02681    0.03718
1623.18372    1.07658    0.03743
1623.55713    1.07685    0.04062
1623.93066    1.02362    0.03938
1624.30505    1.05996    0.03617
1624.67871    1.05814    0.03639
1625.05347    1.01723    0.03586
1625.42725    1.00726    0.03575
1625.80212    0.96511    0.03513
1626.17615    1.02525    0.03580
1626.55017    1.03975    0.03653
1626.92529    1.02531    0.03589
1627.29944    0.99969    0.03545
1627.67480    0.98363    0.03518
1628.04932    1.04127    0.03635
1628.42468    1.00791    0.04009
1628.79919    0.95741    0.03964
1629.17407    1.00774    0.03625
1629.54968    1.09003    0.03674
1629.92456    1.05694    0.03625
1630.30029    0.95888    0.03505
1630.67542    1.06023    0.03626
1631.05151    0.99236    0.03517
1631.42664    0.91394    0.03441
1631.80212    0.97732    0.03461
1632.17834    1.06506    0.03605
1632.55371    0.97380    0.03454
1632.93030    1.00867    0.03513
1633.30579    1.02513    0.03533
1633.68250    0.99452    0.03521
1634.05847    0.96353    0.03427
1634.43433    0.95268    0.03457
1634.81116    0.94377    0.03471
1635.18726    1.03401    0.03554
1635.56433    1.01265    0.03517
1635.94055    0.95370    0.03495
1636.31787    0.94599    0.03427
1636.69421    0.97673    0.03497
1637.07080    0.99441    0.03530
1637.44836    1.02336    0.03542
1637.82507    0.98038    0.03482
1638.20264    0.98212    0.03513
1638.57947    1.01816    0.03557
1638.95740    0.97177    0.03519
1639.33435    0.88021    0.03454
1639.71155    0.98523    0.03506
1640.08960    0.99843    0.03522
1640.46692    0.97706    0.03553
1640.84534    0.96217    0.03464
1641.22278    0.93620    0.03462
1641.60120    0.97822    0.03530
1641.97888    1.02950    0.03579
1642.35657    0.96690    0.03457
1642.73523    0.94238    0.03404
1643.11316    0.94233    0.03396
1643.49219    0.89400    0.03348
1643.87024    0.93371    0.03352
1644.24927    0.89611    0.03345
1644.62744    0.96639    0.03396
1645.00586    1.02079    0.03434
1645.38513    1.02210    0.03442
1645.76367    1.01534    0.03428
1646.14319    0.94564    0.03385
1646.52185    0.98589    0.03371
1646.90161    0.93362    0.03316
1647.28052    0.96113    0.03394
1647.65942    0.99083    0.03461
1648.03931    0.90205    0.03336
1648.41846    0.97977    0.03397
1648.79858    0.95528    0.03387
1649.17786    0.94852    0.03397
1649.55811    0.95099    0.03371
1649.93762    0.96016    0.03357
