1410.26453    1.30588    0.12673
1410.58984    1.12159    0.11949
1410.91443    1.10494    0.11721
1411.23975    1.30064    0.12274
1411.56445    1.21611    0.12713
1411.88989    1.04316    0.12692
1412.21472    1.08812    0.12494
1412.53955    1.17105    0.12510
1412.86523    1.21949    0.12563
1413.19043    1.12247    0.12396
1413.51611    1.25692    0.12369
1413.84131    1.18449    0.12194
1414.16748    1.27923    0.12119
1414.49280    1.33120    0.11993
1414.81812    1.01758    0.11500
1415.14441    0.91510    0.11519
1415.46997    1.05983    0.11935
1415.79626    1.20819    0.12114
1416.12207    1.18098    0.12021
1416.44849    0.99601    0.11650
1416.77454    1.10385    0.11985
1417.10034    0.95316    0.11788
1417.42725    0.89683    0.11755
1417.75317    1.27899    0.11928
1418.08008    1.21301    0.11864
1418.40637    1.06022    0.11882
1418.73352    1.02149    0.12407
1419.05981    0.97014    0.12934
1419.38635    1.07835    0.13151
1419.71362    1.08944    0.12899
1420.04028    0.90781    0.12271
1420.36768    0.91641    0.12094
1420.69446    1.06947    0.12221
1421.02197    1.07284    0.12287
1421.34888    1.09873    0.12618
1421.67603    1.27353    0.12679
1422.00366    1.02763    0.11695
1422.33093    1.02648    0.11595
1422.65881    1.31371    0.12167
1422.98608    1.10230    0.11874
1423.31433    0.92418    0.11661
1423.64172    1.03194    0.11906
1423.96924    1.11255    0.11885
1424.29761    1.06239    0.11942
1424.62524    1.05862    0.11853
1424.95374    1.14714    0.11999
1425.28162    1.05433    0.11922
1425.61035    1.17449    0.11954
1425.93823    1.01103    0.11723
1426.26709    1.02920    0.12059
1426.59509    0.99994    0.12157
1426.92334    1.21951    0.12247
1427.25232    1.02833    0.11775
1427.58069    1.08179    0.11960
1427.90991    1.01898    0.12095
1428.23840    0.86631    0.11618
1428.56775    0.98528    0.11642
1428.89648    0.88080    0.11188
1429.22510    1.03216    0.11677
1429.55457    1.11759    0.12231
1429.88342    1.04909    0.12387
1430.21326    0.95210    0.12340
1430.54236    0.90190    0.11826
1430.87207    1.25341    0.12246
1431.20129    1.26180    0.12071
1431.53064    0.89609    0.11613
1431.86072    0.96686    0.11608
1432.19006    1.11331    0.12096
1432.52039    0.98967    0.12345
1432.84985    1.08097    0.13259
1433.18030    1.17439    0.15803
1433.51001    0.93827    0.17442
1433.83984    1.30456    0.17352
1434.17041    0.86424    0.14293
1434.50037    1.08223    0.12819
1434.83118    1.07228    0.13191
1435.16113    0.98316    0.13172
1435.49207    1.09245    0.13087
1435.82239    1.02352    0.12237
1436.15271    0.88136    0.11782
1436.48401    0.87485    0.11618
1436.81445    1.05194    0.11766
1437.14563    1.19746    0.11836
1437.47632    1.06358    0.12137
1437.80774    1.01789    0.12313
1438.13855    1.06525    0.12607
1438.46948    0.82098    0.11923
1438.80103    1.06738    0.12128
1439.13208    1.09295    0.11786
1439.46387    1.13393    0.11648
1439.79517    1.15513    0.11767
1440.12708    1.20783    0.12318
1440.45850    1.12182    0.12603
1440.78967    1.10555    0.12113
1441.12207    1.10366    0.11570
1441.45349    0.96860    0.11176
1441.78589    0.93171    0.11203
1442.11768    0.94115    0.11605
1442.45020    1.01194    0.11826
1442.78198    1.10326    0.11755
1443.11389    0.94987    0.11544
1443.44666    1.18986    0.12040
1443.77881    1.04862    0.11987
1444.11157    1.09524    0.12168
1444.44385    1.15184    0.12392
1444.77710    0.99412    0.12255
1445.10938    0.86024    0.11788
1445.44177    0.96514    0.11626
1445.77515    1.02904    0.11676
1446.10767    0.89222    0.11597
1446.44116    0.95140    0.11598
1446.77393    1.05760    0.11627
1447.10754    0.86606    0.11356
1447.44043    1.11314    0.11799
1447.77344    0.84176    0.11303
1448.10730    1.10610    0.12243
1448.44055    1.17113    0.12438
1448.77454    0.83754    0.11884
1449.10767    0.90169    0.11822
1449.44177    1.04433    0.12131
1449.77539    0.83947    0.11893
1450.10889    0.46840    0.11241
1450.44336    0.45519    0.10624
1450.77698    0.77983    0.10653
1451.11145    0.83307    0.10951
1451.44531    1.01642    0.11377
1451.77991    1.02853    0.11304
1452.11389    0.87739    0.11199
1452.44885    0.70969    0.11076
1452.78296    0.62853    0.10603
1453.11719    0.56848    0.10489
1453.45227    1.01342    0.11273
1453.78662    0.91519    0.11635
1454.12183    1.07829    0.12047
1454.45630    1.23574    0.12761
1454.79175    1.05795    0.12726
1455.12646    1.06417    0.12399
1455.46118    0.94945    0.11592
1455.79675    0.98230    0.11496
1456.13171    1.25960    0.11773
1456.46753    0.81114    0.11548
1456.80261    1.06826    0.11959
1457.13855    1.02421    0.11645
1457.47363    0.93242    0.11261
1457.80896    0.89298    0.10975
1458.14514    0.93906    0.10815
1458.48059    1.13026    0.10986
1458.81702    1.09603    0.10984
1459.15259    0.95873    0.11182
1459.48901    0.90517    0.11481
1459.82471    0.98801    0.11470
1460.16064    1.14034    0.11414
1460.49719    0.87545    0.10822
1460.83325    0.91392    0.10819
1461.17017    1.03461    0.10979
1461.50623    1.02060    0.11072
1461.84326    0.81114    0.10923
1462.17957    0.92086    0.11714
1462.51599    0.97495    0.11816
1462.85327    0.97466    0.11598
1463.18970    0.84481    0.11053
1463.52722    0.71876    0.10519
1463.86377    0.56263    0.10297
1464.20154    0.69095    0.10516
1464.53821    1.07562    0.11102
1464.87524    1.10294    0.11172
1465.21289    1.00753    0.10988
1465.54993    0.97299    0.11045
1465.88794    0.89495    0.10804
1466.22522    0.83017    0.10568
1466.56335    0.87910    0.10539
1466.90076    0.96799    0.10606
1467.23828    0.99004    0.10712
1467.57654    1.13377    0.11079
1467.91406    1.09634    0.11254
1468.25256    1.07711    0.11168
1468.59045    0.98022    0.10917
1468.92908    0.85771    0.10834
1469.26685    0.83343    0.10874
1469.60486    0.87707    0.11101
1469.94385    1.03100    0.11096
1470.28198    0.92873    0.10764
1470.62097    0.87648    0.10612
1470.95935    0.99168    0.10745
1471.29858    0.86010    0.10966
1471.63708    1.13859    0.11567
1471.97559    1.13731    0.11603
1472.31506    0.96712    0.11114
1472.65369    0.93108    0.10983
1472.99329    1.07835    0.11231
1473.33228    1.04701    0.11234
1473.67188    1.07029    0.11332
1474.01099    1.05129    0.11567
1474.34998    1.03152    0.11598
1474.69006    1.11392    0.11615
1475.02930    0.80949    0.11124
1475.36938    1.10548    0.11204
1475.70886    0.87197    0.10790
1476.04919    0.88195    0.11084
1476.38879    0.81646    0.11285
1476.72839    1.02639    0.11627
1477.06873    0.87239    0.11293
1477.40869    0.89540    0.11222
1477.74927    0.94038    0.10869
1478.08923    1.00388    0.10695
1478.43018    0.88840    0.10553
1478.77026    0.77123    0.13484
1479.11121    0.89405    0.14227
1479.45154    0.95999    0.14159
1479.79187    0.82701    0.10643
1480.13318    0.82048    0.10327
1480.47351    0.85299    0.10504
1480.81494    1.02428    0.11244
1481.15564    0.95341    0.11591
1481.49719    0.98791    0.11651
1481.83789    0.87824    0.11229
1482.17883    1.08562    0.11193
1482.52075    0.89488    0.10643
1482.86169    0.70177    0.10397
1483.20374    1.00956    0.10877
1483.54504    1.09046    0.11069
1483.88696    0.90324    0.10653
1484.22839    0.86904    0.10288
1484.56970    0.86539    0.10336
1484.91211    0.88636    0.10910
1485.25378    1.01889    0.11432
1485.59631    0.78897    0.10947
1485.93799    0.86298    0.10585
1486.28064    0.95185    0.10909
1486.62256    0.90649    0.11397
1486.96448    1.01805    0.12083
1487.30750    0.89232    0.11657
1487.64966    0.98695    0.10722
1487.99268    1.02984    0.10543
1488.33496    0.90528    0.10255
1488.67822    0.83458    0.10388
1489.02063    1.01564    0.11151
1489.36316    1.11404    0.11315
1489.70667    0.92916    0.10659
1490.04932    0.79617    0.10360
1490.39294    0.86024    0.10501
1490.73584    0.83760    0.10388
1491.07947    0.76060    0.10101
1491.42261    0.79844    0.10176
1491.76562    0.85721    0.10234
1492.10974    0.70417    0.09931
1492.45288    0.91331    0.10455
1492.79712    0.79414    0.10243
1493.14050    0.92492    0.10417
1493.48486    0.87156    0.10517
1493.82837    0.92255    0.10628
1494.17212    0.93335    0.10665
1494.51660    0.97714    0.10530
1494.86035    1.00721    0.10578
1495.20508    0.76700    0.10294
1495.54907    0.70236    0.10587
1495.89392    0.93280    0.10807
1496.23804    0.88163    0.10432
1496.58240    1.13820    0.10631
1496.92737    0.68390    0.09891
1497.27185    0.67220    0.10050
1497.61707    0.96541    0.10681
1497.96167    0.82192    0.10392
1498.30701    0.86746    0.10422
1498.65161    0.87622    0.10265
1498.99658    0.89772    0.10196
1499.34204    0.77412    0.10429
1499.68701    1.02950    0.11258
1500.03284    1.08365    0.11399
1500.37793    0.90890    0.10943
1500.72400    0.89400    0.10659
1501.06921    0.91805    0.10361
1501.41443    1.02763    0.10435
1501.76074    0.97072    0.10750
1502.10620    0.95814    0.11076
1502.45251    1.04825    0.10978
1502.79822    0.89346    0.10450
1503.14478    1.02542    0.10460
1503.49048    0.87596    0.10148
1503.83728    0.83039    0.10155
1504.18323    0.84290    0.10197
1504.52917    0.96382    0.10357
1504.87622    1.03835    0.10360
1505.22241    0.97310    0.10353
1505.56946    0.93239    0.10631
1505.91577    1.00247    0.10905
1506.26306    1.00317    0.10957
1506.60962    0.95322    0.10755
1506.95630    0.95943    0.10599
1507.30371    0.91880    0.10499
1507.65039    0.92804    0.10118
1507.99805    0.71122    0.09539
1508.34509    0.81656    0.09666
1508.69287    0.85660    0.09880
1509.03992    0.79413    0.09950
1509.38696    0.69762    0.09870
1509.73511    0.85517    0.10221
1510.08240    0.92709    0.10103
1510.43079    0.62957    0.09559
1510.77820    0.60252    0.09461
1511.12646    0.74002    0.09502
1511.47412    0.72505    0.09353
1511.82190    0.62025    0.09212
1512.17053    0.57094    0.09246
1512.51831    0.63026    0.09664
1512.86707    0.66833    0.10218
1513.21521    0.57117    0.10064
1513.56421    0.49341    0.09492
1513.91223    0.45526    0.09112
1514.26050    0.45274    0.08943
1514.60974    0.39463    0.09025
1514.95825    0.39338    0.09275
1515.30762    0.32708    0.09125
1515.65625    0.22736    0.08856
1516.00562    0.04451    0.08612
1516.35437    0.21927    0.09019
1516.70337    0.18454    0.08955
1517.05310   -0.00043    0.08280
1517.40198    0.09341    0.08086
1517.75183    0.09703    0.07845
1518.10107    0.09149    0.07837
1518.45117    0.19244    0.08043
1518.80042   -0.01338    0.07958
1519.14978    0.02253    0.07971
1519.50024    0.14893    0.08216
1519.84973    0.02060    0.07927
1520.20032    0.01330    0.07985
1520.54980   -0.14357    0.07964
1520.90051    0.03668    0.08421
1521.25037    0.09948    0.08601
1521.60046   -0.07797    0.08257
1521.95129   -0.08362    0.08072
1522.30139   -0.03156    0.07810
1522.65234    0.01338    0.07509
1523.00281    0.09943    0.07546
1523.35388    0.10821    0.07705
1523.70447    0.09965    0.07886
1524.05481    0.12830    0.07863
1524.40637    0.04757    0.07706
1524.75696    0.01008    0.07792
1525.10864    0.07749    0.08099
1525.45947   -0.01909    0.08159
1525.81128    0.09510    0.08174
1526.16235    0.03910    0.07956
1526.51331    0.04365    0.07841
1526.86536   -0.04039    0.07357
1527.21667    0.05400    0.07384
1527.56885    0.15386    0.07457
1527.92029   -0.13357    0.06990
1528.27258   -0.15359    0.07357
1528.62402    0.00838    0.07791
1528.97571    0.11254    0.07927
1529.32837    0.01442    0.07733
1529.68018    0.04330    0.07511
1530.03296   -0.04525    0.07378
1530.38489   -0.01750    0.07299
1530.73779    0.04270    0.07284
1531.08997    0.00437    0.07207
1531.44312    0.08215    0.07502
1531.79541    0.04643    0.07565
1532.14771    0.10017    0.07742
1532.50110    0.11263    0.07845
1532.85352   -0.07526    0.07419
1533.20691    0.02017    0.07236
1533.55969    0.02909    0.07190
1533.91333   -0.27860    0.06446
1534.26624    0.18109    0.07288
1534.61914    0.11320    0.07349
1534.97314    0.01326    0.07458
1535.32617   -0.02200    0.07408
1535.68030    0.06022    0.07294
1536.03357    0.00017    0.07037
1536.38770   -0.02727    0.07092
1536.74121    0.02740    0.07094
1537.09473    0.05268    0.07058
1537.44910    0.01762    0.07033
1537.80286   -0.05738    0.06988
1538.15747   -0.10633    0.06939
1538.51135   -0.00472    0.06925
1538.86621    0.17364    0.07062
1539.22009    0.06508    0.06681
1539.57410    0.17431    0.06874
1539.92920    0.27738    0.07251
1540.28357    0.25184    0.07326
1540.63879    0.39658    0.07592
1540.99316    0.26538    0.07099
1541.34851    0.11854    0.07361
1541.70300   -0.05431    0.07812
1542.05774    0.05678    0.07978
1542.41321    0.13104    0.06805
1542.76807    0.15845    0.06716
1543.12390    0.12934    0.06564
1543.47888    0.14073    0.06381
1543.83472    0.10056    0.06349
1544.18994   -0.06913    0.06353
1544.54517   -0.03193    0.06578
1544.90125    0.20094    0.06856
1545.25684    0.11463    0.06375
1545.61316   -0.08790    0.05655
1545.96863   -0.00345    0.05609
1546.32507    0.03693    0.05621
1546.68091   -0.02883    0.05514
1547.03674   -0.01218    0.05667
1547.39331    0.07608    0.05980
1547.74939    0.07654    0.06384
1548.10632    0.16128    0.06724
1548.46240    0.00573    0.06320
1548.81958    0.24434    0.06127
1549.17590    0.21944    0.05994
1549.53223    0.25260    0.06140
1549.88965    0.18432    0.06165
1550.24609    0.13022    0.05957
1550.60352    0.08837    0.05721
1550.96033    0.36064    0.06093
1551.31787    0.67437    0.06778
1551.67493    0.90814    0.07273
1552.03186    1.16762    0.07886
1552.38977    1.13667    0.07992
1552.74683    1.01217    0.07724
1553.10498    1.07379    0.07748
1553.46216    1.05241    0.07620
1553.82043    1.11172    0.07631
1554.17786    1.04944    0.07572
1554.53528    1.09699    0.07624
1554.89392    1.02554    0.07586
1555.25159    0.90066    0.07725
1555.61023    0.93487    0.08162
1555.96814    1.02673    0.08226
1556.32678    1.11572    0.08148
1556.68494    1.12485    0.08134
1557.04297    0.96121    0.07973
1557.40198    0.87356    0.08138
1557.76038    0.88416    0.08275
1558.11963    1.06851    0.08251
1558.47803    1.00433    0.08057
1558.83740    0.83847    0.07883
1559.19592    0.96948    0.08357
1559.55554    1.08562    0.09154
1559.91431    0.94041    0.09190
1560.27319    0.91427    0.08861
1560.63293    1.10479    0.08719
1560.99194    1.13493    0.08650
1561.35193    1.19091    0.08725
1561.71118    0.93363    0.08337
1562.07129    0.90725    0.08238
1562.43066    0.99930    0.08537
1562.79004    1.03611    0.08671
1563.15039    0.92194    0.08514
1563.51001    1.04699    0.08773
1563.87048    0.94778    0.08714
1564.23035    1.00565    0.08715
1564.59094    0.98581    0.08604
1564.95105    1.11402    0.08846
1565.31104    1.08758    0.08960
1565.67200    1.16783    0.09216
1566.03210    1.11438    0.09156
1566.39331    1.09942    0.08996
1566.75354    0.98878    0.08677
1567.11487    0.91365    0.08679
1567.47534    0.95076    0.08984
1567.83594    0.94608    0.08719
1568.19739    1.01366    0.08517
1568.55823    0.90193    0.08449
1568.92004    0.91712    0.08528
1569.28101    1.02833    0.08586
1569.64270    1.01635    0.08688
1570.00391    0.99861    0.08678
1570.36499    0.99306    0.09110
1570.72705    0.81429    0.08897
1571.08850    1.09381    0.09646
1571.45081    1.04297    0.09435
1571.81226    1.02000    0.09124
1572.17480    0.89115    0.08673
1572.53638    0.91163    0.08480
1572.89819    1.12284    0.09022
1573.26099    1.12961    0.09263
1573.62292    1.12898    0.09182
1573.98572    0.86289    0.08562
1574.34790    0.81442    0.08683
1574.71094    0.89376    0.08941
1575.07312    0.88391    0.09032
1575.43542    0.98729    0.09076
1575.79883    1.07188    0.09032
1576.16113    0.99988    0.08917
1576.52478    0.91383    0.08733
1576.88745    0.92121    0.08736
1577.25098    1.02996    0.08828
1577.61389    1.00647    0.08979
1577.97681    1.05787    0.09167
1578.34070    0.97815    0.09081
1578.70386    1.12308    0.09254
1579.06787    1.00515    0.08801
1579.43103    1.01423    0.08883
1579.79529    1.13019    0.09293
1580.15881    1.00249    0.09135
1580.52222    1.10931    0.09296
1580.88672    1.04493    0.09124
1581.25037    1.05500    0.09074
1581.61499    1.14574    0.09097
1581.97888    0.96439    0.08897
1582.34375    0.95973    0.09053
1582.70776    1.03857    0.09246
1583.07178    0.98876    0.09285
1583.43689    0.89251    0.09454
1583.80103    0.97273    0.09928
1584.16638    0.83100    0.10049
1584.53076    0.77123    0.09884
1584.89612    0.95166    0.09651
1585.26086    1.03321    0.09614
1585.62549    0.98231    0.09672
1585.99109    0.96924    0.09843
1586.35596    1.14551    0.10096
1586.72168    0.91767    0.09481
1587.08667    0.91457    0.09269
1587.45276    1.12156    0.09410
1587.81799    0.73479    0.08748
1588.18408    1.07493    0.09376
1588.54956    1.10397    0.09583
1588.91479    0.99969    0.09597
1589.28125    0.98285    0.09502
1589.64685    0.68509    0.10633
1590.01343    1.17542    0.11619
1590.37927    1.05451    0.11709
1590.74597    1.15884    0.12172
1591.11194    1.02150    0.10554
1591.47803    1.06678    0.11886
1591.84497    0.83140    0.11476
1592.21118    1.27981    0.11650
1592.57825    1.01505    0.09441
1592.94470    1.07119    0.09445
1593.31213    1.08053    0.09406
1593.67847    0.99207    0.09260
1594.04529    0.92026    0.09212
1594.41284    0.96820    0.09309
1594.77954    1.05507    0.09383
1595.14722    1.03101    0.09506
1595.51428    1.10404    0.09770
1595.88220    0.89290    0.09786
1596.24927    0.79104    0.09804
1596.61646    1.14513    0.10092
1596.98474    1.10201    0.09521
1597.35205    1.01452    0.09124
1597.72046    0.91720    0.09219
1598.08801    1.08358    0.09875
1598.45654    1.03274    0.09973
1598.82422    1.02855    0.10032
1599.19214    1.16191    0.09978
1599.56079    1.12674    0.09601
1599.92883    1.09153    0.09851
1600.29773    1.01441    0.09973
1600.66577    1.03427    0.10000
1601.03503    1.04606    0.09854
1601.40332    1.13693    0.09798
1601.77173    1.07567    0.09619
1602.14111    0.94496    0.09583
1602.50964    1.28003    0.10028
1602.87915    1.01415    0.09749
1603.24792    1.00829    0.09787
1603.61768    0.94213    0.09473
1603.98657    0.94736    0.09473
1604.35559    1.10541    0.09828
1604.72559    1.05226    0.09788
1605.09473    0.93971    0.09630
1605.46484    1.01624    0.09697
1605.83411    1.00866    0.09599
1606.20447    0.89192    0.09367
1606.57397    0.92046    0.09616
1606.94360    0.94424    0.10005
1607.31421    1.08365    0.10272
1607.68384    1.18698    0.10085
1608.05457    0.95605    0.09619
1608.42456    1.04981    0.09738
1608.79541    1.18975    0.10157
1609.16553    1.13665    0.10662
1609.53564    0.87191    0.10345
1609.90686    1.13679    0.10110
1610.27722    0.98333    0.09785
1610.64856    0.88066    0.09748
1611.01904    0.98688    0.10452
1611.39062    1.14675    0.10996
1611.76123    0.85129    0.10458
1612.13196    0.91233    0.10055
1612.50391    1.06303    0.09990
1612.87476    1.17647    0.10001
1613.24670    1.06477    0.09899
1613.61780    1.03438    0.10199
1613.98999    1.03233    0.10551
1614.36121    1.00802    0.10274
1614.73254    1.00810    0.09862
1615.10498    1.03487    0.09840
1615.47656    1.04530    0.10006
1615.84900    0.95690    0.10115
1616.22083    1.18372    0.10605
1616.59351    1.17840    0.10480
1616.96533    0.97977    0.10141
1617.33826    1.12079    0.10217
1617.71021    1.16638    0.10004
1618.08252    1.04728    0.09771
1618.45544    0.93261    0.09818
1618.82788    0.80305    0.09969
1619.20117    0.90504    0.10209
1619.57373    0.95681    0.10143
1619.94714    1.11227    0.12306
1620.31970    1.45322    0.12986
1620.69250    1.00132    0.09743
1621.06616    1.14775    0.09727
1621.43921    1.00005    0.09473
1621.81299    1.06610    0.09581
1622.18616    0.95989    0.09368
1622.56018    1.03858    0.09724
1622.93347    1.13835    0.10115
1623.30688    1.02774    0.10214
1623.68115    1.13702    0.10302
1624.05481    1.03690    0.10116
1624.42920    1.04793    0.09973
1624.80286    0.89954    0.09454
1625.17761    1.12442    0.09830
1625.55151    1.09303    0.09780
1625.92542    0.99001    0.09405
1626.30042    0.93188    0.09311
1626.67456    0.85977    0.09129
1627.04968    1.11424    0.09575
1627.42395    1.06299    0.09518
1627.79919    0.97981    0.09395
1628.17358    0.96523    0.09196
1628.54822    0.99979    0.09628
1628.92383    0.95859    0.09870
1629.29846    1.04845    0.09587
1629.67419    1.02421    0.09640
1630.04907    0.95037    0.09368
1630.42505    1.02306    0.09228
1630.80017    0.95718    0.09069
1631.17517    0.94013    0.09179
1631.55139    1.04943    0.09733
1631.92664    1.03531    0.10048
1632.30310    0.97316    0.09998
1632.67847    1.02376    0.09915
1633.05505    1.00355    0.09857
1633.43079    0.94876    0.09863
1633.80652    1.10199    0.11978
1634.18323    1.00999    0.11648
1634.55908    0.98063    0.09634
1634.93616    0.90280    0.09581
1635.31213    0.89764    0.09545
1635.68933    0.95471    0.09610
1636.06555    0.96921    0.09351
1636.44202    0.99504    0.09330
1636.81934    0.95075    0.09396
1637.19592    0.93108    0.09948
1637.57336    1.03938    0.10521
1637.95007    0.95230    0.10009
1638.32788    0.87019    0.09822
1638.70471    1.12199    0.09804
1639.08179    0.73512    0.10942
1639.45972    1.02410    0.11498
1639.83679    0.96793    0.09589
1640.21497    1.15228    0.09970
1640.59229    1.03684    0.10187
1640.97058    1.20011    0.10644
1641.34814    0.89054    0.09546
1641.72583    0.98512    0.09461
1642.10425    0.98748    0.09429
1642.48206    1.09439    0.09565
1642.86084    1.34529    0.10056
1643.23889    1.14596    0.10060
1643.61768    1.02311    0.10107
1643.99573    0.93399    0.09879
1644.37390    0.90518    0.09284
1644.75317    1.02039    0.09402
1645.13147    1.02387    0.09708
1645.51099    0.89154    0.09749
1645.88940    1.08653    0.09842
1646.26904    0.97481    0.10965
1646.64783    0.91404    0.10923
1647.02734    1.01597    0.11352
1647.40637    0.99088    0.09140
1647.78528    0.91193    0.09007
1648.16541    0.91556    0.08953
1648.54443    1.00554    0.09079
1648.92456    0.94378    0.09109
1649.30396    0.84744    0.09434
1649.68420    0.98000    0.09621
