1410.27112    1.18635    0.06896
1410.59570    1.19021    0.06945
1410.92090    1.18134    0.06823
1411.24548    1.13684    0.06782
1411.57080    1.09258    0.06570
1411.89551    1.08979    0.06752
1412.22131    1.09551    0.06613
1412.54614    0.99871    0.06425
1412.87109    0.99070    0.06416
1413.19690    1.06304    0.06540
1413.52197    1.07913    0.06681
1413.84790    1.01961    0.06759
1414.17322    1.02899    0.06803
1414.49927    1.15770    0.06893
1414.82471    1.16550    0.06752
1415.15015    0.99922    0.06541
1415.47644    0.95767    0.06521
1415.80212    1.02340    0.06444
1416.12866    0.93080    0.06323
1416.45435    1.09015    0.06425
1416.78113    1.01293    0.06535
1417.10693    0.93945    0.06246
1417.43298    0.98143    0.06391
1417.75977    1.03596    0.06348
1418.08594    0.97429    0.06198
1418.41296    0.86627    0.05923
1418.73914    0.92470    0.06152
1419.06641    0.87258    0.06083
1419.39294    0.94518    0.06208
1419.72009    1.08104    0.06289
1420.04688    0.87511    0.06129
1420.37354    0.87611    0.05992
1420.70105    0.88214    0.05964
1421.02783    0.90540    0.06089
1421.35547    0.94656    0.06094
1421.68250    0.93270    0.06017
1422.01038    0.82047    0.05635
1422.33740    0.77084    0.05639
1422.66467    0.80925    0.05657
1422.99268    0.78707    0.05628
1423.32007    0.77089    0.05690
1423.64819    0.82905    0.05770
1423.97583    0.87353    0.05746
1424.30420    0.82380    0.05644
1424.63184    0.81762    0.05734
1424.95959    0.85675    0.05704
1425.28821    0.89056    0.05696
1425.61609    0.87635    0.05696
1425.94482    0.84027    0.05731
1426.27283    0.90640    0.05801
1426.60168    0.90419    0.05733
1426.92993    0.93910    0.05697
1427.25806    0.91736    0.05635
1427.58728    0.81129    0.05492
1427.91565    0.83295    0.05574
1428.24500    1.06422    0.06114
1428.57361    0.98693    0.06104
1428.90295    0.93227    0.06030
1429.23181    0.96395    0.06042
1429.56042    0.95479    0.05801
1429.89014    0.93381    0.05892
1430.21899    1.10512    0.06105
1430.54883    0.93627    0.05933
1430.87793    0.91251    0.05759
1431.20789    0.95385    0.05727
1431.53711    0.87876    0.05560
1431.86646    0.80555    0.05420
1432.19666    0.61882    0.05043
1432.52625    0.53805    0.04880
1432.85657    0.64379    0.05077
1433.18604    0.78736    0.05380
1433.51660    0.84919    0.05568
1433.84644    0.87565    0.05673
1434.17627    0.90244    0.05630
1434.50696    0.77517    0.05445
1434.83704    0.67140    0.05281
1435.16785    0.69520    0.05261
1435.49805    0.81806    0.05426
1435.82910    0.93908    0.05661
1436.15930    0.97126    0.05750
1436.48975    0.99366    0.06002
1436.82092    1.01109    0.06168
1437.15149    0.95889    0.06012
1437.48303    0.89325    0.05673
1437.81372    0.93978    0.05660
1438.14526    0.88441    0.05669
1438.47607    0.86170    0.05598
1438.80688    0.89866    0.05556
1439.13879    0.88662    0.05480
1439.46973    0.85505    0.05423
1439.80176    0.94241    0.05606
1440.13293    0.88409    0.05469
1440.46497    0.84773    0.05333
1440.79651    0.83975    0.05496
1441.12781    0.88943    0.05459
1441.46021    0.92065    0.05618
1441.79187    0.82084    0.05542
1442.12427    0.89760    0.05606
1442.45605    0.86016    0.05637
1442.78870    0.90303    0.05561
1443.12061    0.91676    0.05552
1443.45264    0.85057    0.05372
1443.78540    0.91406    0.05545
1444.11768    0.89830    0.05470
1444.45068    0.83521    0.05267
1444.78284    0.85474    0.05380
1445.11597    0.92263    0.05506
1445.44849    0.91274    0.05515
1445.78186    0.83413    0.05559
1446.11438    0.98623    0.05569
1446.44702    0.83622    0.05309
1446.78064    0.78554    0.05152
1447.11353    0.90338    0.05360
1447.44714    0.95240    0.05477
1447.78015    0.85765    0.05385
1448.11401    0.93771    0.05599
1448.44714    0.94299    0.05582
1448.78040    0.87408    0.05466
1449.11438    0.87650    0.05484
1449.44788    0.94622    0.05603
1449.78198    0.90128    0.05516
1450.11560    0.84741    0.05371
1450.44983    0.92770    0.05442
1450.78369    0.95388    0.05580
1451.11743    0.89969    0.05575
1451.45203    0.88176    0.05544
1451.78589    0.95928    0.05609
1452.12073    0.98930    0.05775
1452.45471    0.96297    0.05835
1452.78967    0.94115    0.05793
1453.12390    0.92787    0.05588
1453.45825    0.92604    0.05636
1453.79333    0.95706    0.05564
1454.12781    0.93795    0.05438
1454.46301    0.93489    0.05365
1454.79773    0.91008    0.05340
1455.13318    0.89840    0.05357
1455.46790    0.93930    0.05397
1455.80273    0.97727    0.05400
1456.13855    0.93001    0.05278
1456.47351    0.90705    0.05168
1456.80933    0.89063    0.05302
1457.14453    0.89852    0.05204
1457.48047    0.95251    0.05488
1457.81580    0.99472    0.05457
1458.15112    0.92444    0.05340
1458.48730    0.89509    0.05333
1458.82300    0.91191    0.05366
1459.15930    0.90078    0.05339
1459.49487    0.86979    0.05226
1459.83154    0.92210    0.05211
1460.16736    0.97310    0.05312
1460.50317    0.97366    0.05280
1460.84009    0.98662    0.05392
1461.17615    0.91870    0.05236
1461.51306    0.83603    0.05024
1461.84937    0.97105    0.05261
1462.18628    0.84692    0.05116
1462.52283    0.90348    0.05234
1462.85913    0.98446    0.05331
1463.19666    0.92199    0.05124
1463.53308    0.84642    0.05116
1463.87061    0.98479    0.05256
1464.20740    0.94219    0.05344
1464.54504    0.92268    0.05410
1464.88184    0.91269    0.05397
1465.21899    0.89954    0.05298
1465.55688    0.94643    0.05302
1465.89404    1.04656    0.05562
1466.23193    0.89240    0.05193
1466.56934    0.95151    0.05374
1466.90747    0.91670    0.05310
1467.24487    0.91255    0.05420
1467.58252    1.00932    0.05317
1467.92090    0.86004    0.05150
1468.25867    1.03481    0.05262
1468.59717    1.02184    0.05390
1468.93494    0.93639    0.05328
1469.27380    0.95286    0.05283
1469.61169    1.00184    0.05285
1469.94995    0.92025    0.05215
1470.28882    1.00032    0.05388
1470.62708    0.93370    0.05271
1470.96619    0.94229    0.05105
1471.30469    1.00187    0.05450
1471.64392    0.97848    0.05343
1471.98242    0.95659    0.05314
1472.32190    0.96120    0.05279
1472.66052    0.89407    0.05095
1472.99939    0.90138    0.05045
1473.33899    0.93611    0.05105
1473.67798    0.92612    0.05166
1474.01770    0.97818    0.05247
1474.35693    1.01943    0.05271
1474.69690    0.91671    0.05095
1475.03613    0.91114    0.05074
1475.37549    0.96703    0.05147
1475.71558    0.97130    0.05193
1476.05505    1.02538    0.05346
1476.39551    1.03807    0.05456
1476.73523    0.91653    0.05220
1477.07568    0.97085    0.05241
1477.41541    1.04470    0.05254
1477.75537    0.92959    0.05085
1478.09619    0.89493    0.05053
1478.43616    0.99850    0.05210
1478.77710    0.92382    0.05268
1479.11731    0.93074    0.05283
1479.45837    0.97260    0.05740
1479.79871    0.94479    0.06252
1480.13916    1.03652    0.06578
1480.48047    1.00632    0.06143
1480.82104    0.94979    0.05539
1481.16260    0.97414    0.05109
1481.50317    1.00525    0.05486
1481.84485    1.03889    0.05379
1482.18579    1.19195    0.05519
1482.52673    1.00506    0.05316
1482.86865    0.97002    0.05278
1483.20984    1.01259    0.05323
1483.55176    1.01456    0.05255
1483.89307    0.99430    0.05173
1484.23523    1.01315    0.05174
1484.57666    1.05640    0.05210
1484.91833    0.97187    0.05120
1485.26062    0.98794    0.05240
1485.60242    1.00963    0.05325
1485.94482    0.95260    0.05227
1486.28674    1.08324    0.05422
1486.62939    1.05529    0.05256
1486.97156    0.96081    0.05032
1487.31348    0.99372    0.05151
1487.65662    1.01668    0.05148
1487.99866    0.93661    0.05048
1488.34180    0.99968    0.04976
1488.68433    0.95490    0.04900
1489.02759    0.98137    0.04937
1489.37000    1.02040    0.05098
1489.71265    1.00806    0.05142
1490.05627    0.98452    0.05137
1490.39905    1.02515    0.05249
1490.74268    1.02501    0.05158
1491.08557    0.96469    0.04931
1491.42957    1.02510    0.05168
1491.77271    1.09433    0.05238
1492.11584    1.02174    0.05185
1492.45996    0.97349    0.04987
1492.80322    0.96038    0.04960
1493.14746    1.10387    0.05201
1493.49097    0.99907    0.04977
1493.83533    0.90019    0.05011
1494.17896    1.08447    0.05301
1494.52271    1.02640    0.05201
1494.86731    0.92544    0.04991
1495.21130    0.98586    0.05070
1495.55603    1.07337    0.05206
1495.90002    1.07486    0.05254
1496.24500    1.04514    0.05198
1496.58923    1.09605    0.05270
1496.93347    1.01625    0.05187
1497.27881    0.98329    0.05070
1497.62329    1.04422    0.05174
1497.96851    1.06537    0.05203
1498.31311    1.01466    0.05152
1498.65857    1.06781    0.05137
1499.00330    0.92352    0.05004
1499.34912    1.04788    0.05170
1499.69409    1.10697    0.05245
1500.03894    1.04268    0.05139
1500.38489    0.99289    0.04937
1500.72998    0.86437    0.04878
1501.07617    1.04848    0.05109
1501.42139    1.04334    0.05321
1501.76770    1.00037    0.05252
1502.11316    1.05572    0.05210
1502.45874    1.11892    0.05177
1502.80518    1.08407    0.05162
1503.15088    1.06626    0.05173
1503.49756    1.02717    0.05024
1503.84351    1.00495    0.05010
1504.19019    1.03237    0.05033
1504.53613    1.05492    0.05029
1504.88220    0.97714    0.04942
1505.22937    0.98380    0.04945
1505.57556    1.07571    0.05032
1505.92285    1.04643    0.04948
1506.26929    0.97373    0.04899
1506.61658    1.01009    0.04965
1506.96313    1.01618    0.04998
1507.30994    1.02938    0.04968
1507.65735    0.94864    0.04892
1508.00427    0.97338    0.04812
1508.35205    1.02889    0.04874
1508.69897    0.95521    0.04755
1509.04688    0.94093    0.04719
1509.39404    1.02671    0.04924
1509.74121    1.02213    0.04898
1510.08948    1.05774    0.05146
1510.43677    1.07945    0.05025
1510.78516    1.01939    0.04937
1511.13269    1.09157    0.04991
1511.48120    1.00159    0.04884
1511.82886    1.01823    0.04909
1512.17676    1.01103    0.04868
1512.52527    0.94854    0.04694
1512.87329    0.96329    0.04732
1513.22217    1.05120    0.04815
1513.57031    0.96374    0.04761
1513.91931    1.00015    0.04789
1514.26758    1.05048    0.04889
1514.61597    1.01069    0.04874
1514.96533    0.97423    0.04826
1515.31372    1.06971    0.04861
1515.66309    1.04105    0.04803
1516.01184    1.07049    0.04917
1516.36145    1.08190    0.04882
1516.71021    1.08215    0.04957
1517.05908    1.11232    0.04958
1517.40906    1.04183    0.04842
1517.75818    0.99616    0.04715
1518.10803    1.06909    0.04863
1518.45728    1.05822    0.04871
1518.80750    0.96727    0.04688
1519.15698    0.97500    0.04759
1519.50635    1.07494    0.04840
1519.85681    1.04879    0.04803
1520.20630    0.94446    0.04680
1520.55688    0.98599    0.04747
1520.90686    1.08058    0.04900
1521.25745    1.02363    0.04768
1521.60754    0.95801    0.04552
1521.95740    0.95240    0.04524
1522.30847    1.00260    0.04616
1522.65869    0.99173    0.04728
1523.00977    0.98716    0.04713
1523.36023    1.04276    0.04773
1523.71143    0.95770    0.04569
1524.06201    1.07191    0.04796
1524.41260    1.02846    0.04618
1524.76404    0.93758    0.04544
1525.11487    0.82700    0.04215
1525.46655    0.59728    0.03840
1525.81738    0.39709    0.03433
1526.16931    0.49888    0.03577
1526.52039    0.73243    0.04003
1526.87244    0.90444    0.04401
1527.22363    0.93212    0.04429
1527.57507    0.80082    0.04150
1527.92737    0.54248    0.03688
1528.27869    0.42760    0.03458
1528.63110    0.54006    0.03651
1528.98291    0.77001    0.04046
1529.33545    0.89717    0.04285
1529.68713    0.79847    0.04131
1530.03906    0.68153    0.03982
1530.39197    0.80855    0.04073
1530.74402    0.95360    0.04490
1531.09705    1.07816    0.04549
1531.44934    1.09973    0.04709
1531.80237    0.91343    0.04263
1532.15479    0.62084    0.03615
1532.50720    0.32996    0.02974
1532.86060    0.10018    0.02410
1533.21338    0.02827    0.02316
1533.56689    0.05645    0.02272
1533.91968    0.05301    0.02128
1534.27332    0.03618    0.02009
1534.62622    0.02082    0.02040
1534.97925    0.04199    0.02245
1535.33337    0.04819    0.02212
1535.68665    0.03464    0.02084
1536.04065    0.04921    0.02076
1536.39404    0.08760    0.02167
1536.74829    0.06439    0.02160
1537.10181    0.09296    0.02111
1537.45544    0.12317    0.02164
1537.80994    0.10470    0.02213
1538.16370    0.08144    0.02253
1538.51843    0.12769    0.02284
1538.87244    0.12792    0.02293
1539.22717    0.15111    0.02230
1539.58142    0.27548    0.02548
1539.93542    0.43783    0.02892
1540.29065    0.50716    0.03163
1540.64490    0.46148    0.02982
1541.00024    0.31493    0.02593
1541.35461    0.33193    0.02580
1541.71021    0.56156    0.03135
1542.06482    0.83452    0.03484
1542.41968    0.97835    0.03785
1542.77515    1.04358    0.03897
1543.13013    1.01070    0.03803
1543.48596    1.05589    0.03841
1543.84106    1.06336    0.03783
1544.19702    1.03763    0.03774
1544.55225    1.06818    0.03720
1544.90771    1.02132    0.03672
1545.26392    1.02212    0.03656
1545.61938    1.03967    0.03669
1545.97583    1.05152    0.03694
1546.33154    1.04295    0.03701
1546.68811    1.02298    0.03682
1547.04382    1.03535    0.03620
1547.39978    0.97711    0.03557
1547.75659    1.00401    0.03574
1548.11255    1.04643    0.03711
1548.46960    1.05108    0.03697
1548.82581    1.03212    0.03691
1549.18311    0.95496    0.03613
1549.53943    1.00702    0.03661
1549.89575    0.96257    0.03568
1550.25330    0.97653    0.03603
1550.60986    1.02505    0.03709
1550.96741    0.94973    0.03655
1551.32434    0.99046    0.03754
1551.68201    0.94188    0.03695
1552.03894    0.93664    0.03685
1552.39697    0.99366    0.03818
1552.75391    1.02434    0.03888
1553.11121    0.97211    0.03845
1553.46936    0.93665    0.03828
1553.82678    0.96439    0.03919
1554.18494    0.97958    0.03940
1554.54248    0.97750    0.03902
1554.90100    0.98984    0.03957
1555.25867    1.01989    0.04022
1555.61658    1.01421    0.04003
1555.97534    0.97947    0.03960
1556.33313    0.96610    0.03955
1556.69202    0.96192    0.03977
1557.05017    0.96341    0.04034
1557.40930    0.97518    0.04074
1557.76746    0.95763    0.04041
1558.12585    0.98179    0.04075
1558.48523    1.00300    0.04133
1558.84375    1.01832    0.04199
1559.20325    1.05554    0.04303
1559.56189    1.10567    0.04403
1559.92151    1.08605    0.04325
1560.28040    1.05404    0.04299
1560.63940    1.02691    0.04255
1560.99927    0.97960    0.04282
1561.35828    0.95864    0.04182
1561.71826    1.02513    0.04291
1562.07764    1.07826    0.04433
1562.43787    1.09546    0.04457
1562.79724    1.06715    0.04386
1563.15674    1.03569    0.04336
1563.51721    1.03930    0.04361
1563.87695    1.05719    0.04360
1564.23767    1.02595    0.04393
1564.59753    1.09276    0.04521
1564.95813    1.02640    0.04529
1565.31824    1.01560    0.04545
1565.67834    1.08623    0.04557
1566.03943    1.04293    0.04489
1566.39966    1.02675    0.04505
1566.76074    0.99121    0.04443
1567.12134    0.96487    0.04292
1567.48267    0.97692    0.04268
1567.84314    0.99872    0.04346
1568.20386    0.99901    0.04364
1568.56555    1.04786    0.04443
1568.92639    1.08270    0.04560
1569.28821    1.03831    0.04514
1569.64905    1.03052    0.04514
1570.01111    1.06731    0.04575
1570.37231    1.04563    0.04502
1570.73364    1.04460    0.04458
1571.09583    1.06689    0.04512
1571.45715    1.04279    0.04488
1571.81958    1.02217    0.04471
1572.18127    1.03752    0.04496
1572.54370    1.04954    0.04562
1572.90552    1.03089    0.04516
1573.26721    0.97655    0.04476
1573.63013    1.02494    0.04344
1573.99207    1.08122    0.04636
1574.35510    1.05361    0.04542
1574.71729    1.00357    0.04461
1575.08044    1.03673    0.04504
1575.44287    1.00698    0.04444
1575.80518    1.03553    0.04501
1576.16846    1.05509    0.04595
1576.53113    1.04292    0.04585
1576.89465    1.04461    0.04498
1577.25757    0.95553    0.04311
1577.62122    1.08766    0.04558
1577.98401    1.07041    0.04495
1578.34705    1.05055    0.04536
1578.71106    1.08938    0.04484
1579.07422    1.02637    0.04460
1579.43835    1.07569    0.04553
1579.80176    1.02041    0.04501
1580.16602    1.03249    0.04551
1580.52954    1.03372    0.04459
1580.89404    1.02585    0.04480
1581.25781    1.10291    0.04587
1581.62146    1.05041    0.04570
1581.98621    1.15027    0.04665
1582.35010    1.07742    0.04630
1582.71497    1.02669    0.04668
1583.07910    1.06526    0.04645
1583.44409    0.98443    0.04555
1583.80847    0.99579    0.04498
1584.17273    1.04926    0.04511
1584.53809    1.03729    0.04563
1584.90259    1.01877    0.04587
1585.26807    1.03066    0.04698
1585.63281    1.01570    0.04660
1585.99841    0.97402    0.04518
1586.36328    1.00166    0.04487
1586.72827    1.01479    0.04498
1587.09412    1.02760    0.04526
1587.45923    1.04140    0.04521
1587.82520    1.01304    0.04473
1588.19055    1.00092    0.04436
1588.55688    1.03774    0.04483
1588.92224    1.01411    0.04470
1589.28772    1.00168    0.04486
1589.65417    1.03206    0.04567
1590.02002    1.02535    0.04519
1590.38672    1.01249    0.04516
1590.75244    1.00894    0.04390
1591.11926    0.99003    0.04486
1591.48535    0.99516    0.04338
1591.85144    0.98828    0.04387
1592.21851    0.94010    0.04380
1592.58484    1.08468    0.04500
1592.95215    1.08091    0.04596
1593.31860    1.02002    0.04332
1593.68591    0.97829    0.04450
1594.05261    0.99115    0.04424
1594.41919    1.04829    0.04515
1594.78687    1.00545    0.04412
1595.15381    0.96359    0.04354
1595.52161    1.00617    0.04320
1595.88867    1.04357    0.04548
1596.25659    1.04007    0.04400
1596.62390    1.05587    0.04459
1596.99121    1.02535    0.04469
1597.35938    1.05972    0.04544
1597.72693    1.01245    0.04458
1598.09534    0.99298    0.04450
1598.46301    1.05118    0.04580
1598.83167    1.04868    0.04484
1599.19946    1.01409    0.04463
1599.56726    1.01741    0.04364
1599.93628    1.01955    0.04492
1600.30432    0.99795    0.04482
1600.67322    0.96916    0.04373
1601.04150    0.96508    0.04289
1601.41064    0.98424    0.04371
1601.77917    0.97590    0.04378
1602.14771    1.04762    0.04501
1602.51709    1.05028    0.04452
1602.88574    0.97090    0.04356
1603.25537    1.01268    0.04460
1603.62427    1.05635    0.04562
1603.99402    1.07318    0.04536
1604.36304    1.04391    0.04416
1604.73193    1.01815    0.04440
1605.10205    1.01584    0.04378
1605.47144    1.01620    0.04456
1605.84155    1.07280    0.04528
1606.21106    1.06959    0.04498
1606.58130    0.99768    0.04361
1606.95093    0.96646    0.04394
1607.32056    1.00229    0.04411
1607.69128    1.01766    0.04449
1608.06116    1.03206    0.04413
1608.43201    0.97550    0.04370
1608.80200    0.99266    0.04392
1609.17297    1.02224    0.04478
1609.54309    1.02194    0.04457
1609.91443    1.05275    0.04567
1610.28467    0.99185    0.04497
1610.65515    0.97729    0.04481
1611.02649    1.01157    0.04472
1611.39709    1.03603    0.04545
1611.76868    1.02460    0.04491
1612.13953    1.01621    0.04501
1612.51135    1.05322    0.04543
1612.88220    1.02562    0.04549
1613.25317    0.98662    0.04474
1613.62524    0.98699    0.04478
1613.99646    1.01041    0.04414
1614.36865    1.00981    0.04422
1614.74011    1.01174    0.04385
1615.11230    0.99116    0.04393
1615.48401    0.98753    0.04395
1615.85559    1.01333    0.04456
1616.22827    1.04427    0.04414
1616.59998    1.04174    0.04432
1616.97278    0.99665    0.04413
1617.34473    0.98183    0.04352
1617.71777    1.00524    0.04362
1618.08984    1.04331    0.04458
1618.46216    1.05008    0.04468
1618.83533    1.00826    0.04395
1619.20776    1.02188    0.04403
1619.58118    0.99609    0.04364
1619.95386    1.01675    0.04353
1620.32727    1.03320    0.04411
1620.70007    1.01956    0.04379
1621.07288    1.03337    0.04355
1621.44666    0.95432    0.04299
1621.81970    0.99616    0.04320
1622.19373    0.95822    0.04232
1622.56677    0.91675    0.04232
1622.94104    0.94310    0.04178
1623.31433    0.93234    0.04245
1623.68787    1.02089    0.04349
1624.06226    0.96788    0.04354
1624.43591    1.01727    0.04420
1624.81055    1.05923    0.04526
1625.18433    0.99284    0.04412
1625.55908    0.98575    0.04314
1625.93298    0.96781    0.04251
1626.30688    1.01668    0.04346
1626.68201    1.05795    0.04433
1627.05615    1.01277    0.04330
1627.43140    0.97174    0.04305
1627.80591    1.06019    0.04347
1628.18115    0.95257    0.04239
1628.55579    0.94841    0.04218
1628.93042    0.93537    0.04207
1629.30603    0.92280    0.04259
1629.68091    0.94869        inf
1630.05676    0.97456        inf
1630.43164    1.00040        inf
1630.80762    1.02622        inf
1631.18286    1.05201    0.04505
1631.55798    1.05710    0.04513
1631.93420    1.02371    0.04446
1632.30969    0.99150    0.04292
1632.68616    0.97050    0.04253
1633.06177    0.96312    0.04289
1633.43835    0.97450    0.04259
1633.81409    0.99640    0.04290
1634.18982    0.97826    0.04281
1634.56677    0.97718    0.04297
1634.94275    1.00361    0.04360
1635.31982    1.01645    0.04375
1635.69592    0.99824    0.04413
1636.07324    1.02282    0.04367
1636.44958    0.97548    0.04276
1636.82605    1.03375    0.04337
1637.20349    1.00452    0.04302
1637.58008    0.91157    0.04193
1637.95764    1.00036    0.04354
1638.33447    0.96445    0.04295
1638.71240    0.99415    0.04281
1639.08936    0.94994    0.04266
1639.46729    0.92133    0.04185
1639.84448    0.94780    0.04224
1640.22156    0.92650    0.04211
1640.59985    0.95434    0.04245
1640.97729    0.93070    0.04278
1641.35571    0.96845    0.04314
1641.73328    1.01710    0.04347
1642.11194    0.99664    0.04233
1642.48962    0.95617    0.04197
1642.86755    1.01150    0.04325
1643.24634    0.94283    0.04252
1643.62439    0.89173    0.04160
1644.00342    0.96730    0.04221
1644.38159    1.02077    0.04328
1644.76086    0.87478    0.04172
1645.13916    0.93854    0.04203
1645.51770    0.94120    0.04251
1645.89709    0.99200    0.04400
1646.27576    0.97487    0.04214
1646.65527    0.89318    0.04061
1647.03418    0.95956    0.04110
1647.41394    0.90399    0.04088
1647.79285    0.97183    0.04068
1648.17200    0.95863    0.04248
1648.55212    0.91615    0.04012
1648.93127    0.94063    0.04074
1649.31152    0.93286    0.04031
1649.69104    0.88664    0.03949
