1410.19653    1.01838    0.10785
1410.52100    1.06191    0.10700
1410.84631    1.05984    0.10680
1411.17090    0.96685    0.10539
1411.49622    1.00789    0.10832
1411.82104    1.04788    0.10634
1412.14648    1.04751    0.10597
1412.47144    1.12069    0.10951
1412.79626    1.13883    0.11218
1413.12219    1.01590    0.10974
1413.44714    0.88840    0.10589
1413.77307    0.93596    0.10404
1414.09839    1.10505    0.10971
1414.42444    0.98662    0.10770
1414.74976    0.88868    0.10409
1415.07532    0.97727    0.10525
1415.40161    0.96896    0.10584
1415.72717    0.95930    0.10620
1416.05371    0.98897    0.10551
1416.37939    0.86336    0.10083
1416.70605    0.87944    0.10275
1417.03198    1.00902    0.10364
1417.35791    0.87309    0.10187
1417.68481    0.88254    0.10083
1418.01099    0.80340    0.10047
1418.33789    0.80089    0.10617
1418.66418    0.91684    0.10327
1418.99133    1.05861    0.10494
1419.31787    1.13863    0.10517
1419.64429    1.15905    0.10407
1419.97168    0.95233    0.10019
1420.29834    0.86875    0.10036
1420.62585    0.87184    0.09914
1420.95264    0.84714    0.10112
1421.28040    0.83879    0.10102
1421.60730    0.82292    0.09867
1421.93433    0.76549    0.10130
1422.26221    0.83177    0.10146
1422.58936    0.94998    0.10150
1422.91748    0.97093    0.10049
1423.24487    0.92548    0.09919
1423.57300    1.04974    0.10530
1423.90051    0.84116    0.10248
1424.22803    0.86903    0.10322
1424.55652    0.93833    0.10492
1424.88428    0.86158    0.10242
1425.21289    0.91078    0.09822
1425.54065    1.00074    0.09859
1425.86938    0.72473    0.09753
1426.19739    0.66589    0.09224
1426.52551    0.68020    0.09197
1426.85449    0.64572    0.09372
1427.18274    0.82786    0.09585
1427.51184    0.98103    0.09624
1427.84021    0.69462    0.09358
1428.16943    0.87898    0.09518
1428.49805    0.89797    0.09699
1428.82739    0.64814    0.09548
1429.15613    0.95644    0.09691
1429.48486    0.84136    0.09584
1429.81445    0.84411    0.09276
1430.14343    0.79000    0.09684
1430.47327    0.83520    0.09839
1430.80225    0.93688    0.09852
1431.13220    0.79438    0.09646
1431.46143    0.81920    0.09730
1431.79077    1.01398    0.09982
1432.12085    0.92352    0.10857
1432.45044    0.84619    0.10388
1432.78064    0.91617    0.10101
1433.11035    0.81434    0.09895
1433.44080    0.80601    0.09521
1433.77051    0.87930    0.09842
1434.10034    0.81244    0.09643
1434.43115    0.74049    0.09597
1434.76111    0.81767    0.09504
1435.09192    0.91990    0.09488
1435.42212    0.79989    0.09582
1435.75305    0.78364    0.09600
1436.08337    0.85607    0.09445
1436.41382    0.90583    0.09320
1436.74500    0.88162    0.10033
1437.07556    0.82378    0.09879
1437.40698    0.82024    0.09631
1437.73755    0.94869    0.10138
1438.06909    0.92353    0.10202
1438.40002    0.87627    0.09954
1438.73083    0.93749    0.09746
1439.06262    0.97021    0.09671
1439.39368    0.90701    0.09584
1439.72559    0.82232    0.09521
1440.05676    1.02950    0.09874
1440.38879    0.99315    0.09687
1440.72021    0.75105    0.09350
1441.05164    0.99719    0.09521
1441.38391    0.97056    0.09443
1441.71558    0.92260    0.09603
1442.04810    0.61222    0.10440
1442.37976    0.62620    0.10283
1442.71240    0.93777    0.09651
1443.04431    0.76378    0.09344
1443.37622    0.76486    0.09236
1443.70911    0.81533    0.09625
1444.04126    0.92277    0.10185
1444.37415    0.96892    0.10130
1444.70654    0.94990    0.09503
1445.03955    0.94387    0.09153
1445.37207    0.70475    0.09026
1445.70459    0.75489    0.08922
1446.03796    0.74427    0.09049
1446.37061    0.68538    0.09120
1446.70410    0.76985    0.09089
1447.03699    0.95175    0.09251
1447.37061    0.91232    0.09196
1447.70361    0.82020    0.09110
1448.03662    0.84007    0.09263
1448.37048    0.83175    0.09015
1448.70374    0.79563    0.08769
1449.03784    0.89360    0.08768
1449.37109    0.82983    0.08823
1449.70532    0.82394    0.09073
1450.03882    0.90335    0.08991
1450.37244    1.00358    0.09088
1450.70691    0.98665    0.08860
1451.04065    0.82339    0.08707
1451.37524    0.89983    0.08839
1451.70911    0.92230    0.08943
1452.04382    0.88067    0.08735
1452.37793    0.78304    0.08657
1452.71204    0.81123    0.08793
1453.04712    1.06446    0.08938
1453.38123    0.87538    0.09082
1453.71643    0.91734    0.09495
1454.05090    0.91320    0.09164
1454.38623    1.02115    0.08811
1454.72070    1.10733    0.08927
1455.05615    0.77607    0.08515
1455.39087    0.89153    0.08700
1455.72583    0.89760    0.08905
1456.06140    0.87370    0.08955
1456.39648    0.92168    0.08666
1456.73218    0.95644    0.08671
1457.06738    0.84939    0.08520
1457.40332    0.76605    0.08540
1457.73865    0.88305    0.09760
1458.07397    1.02932    0.10011
1458.41016    0.97037    0.09093
1458.74573    0.86501    0.08701
1459.08215    0.99396    0.08491
1459.41772    0.76468    0.08237
1459.75427    0.72756    0.08251
1460.09009    0.83876    0.08286
1460.42603    0.96373    0.08783
1460.76270    0.95624    0.09346
1461.09888    0.80961    0.10281
1461.43579    0.92782    0.11390
1461.77197    0.64885    0.10854
1462.10913    0.77360    0.10000
1462.44543    1.06467    0.10250
1462.78174    1.06086    0.10178
1463.11914    0.89366    0.09412
1463.45569    0.76945    0.08764
1463.79321    0.82957    0.08560
1464.13000    0.90700    0.08524
1464.46753    0.84745    0.08400
1464.80444    0.76193    0.08329
1465.14136    0.88076    0.08442
1465.47925    0.96457    0.08509
1465.81641    0.91625    0.08434
1466.15442    0.91081    0.09333
1466.49170    0.97249    0.10468
1466.82996    0.98631    0.10527
1467.16736    0.90912    0.09464
1467.50476    0.96486    0.08784
1467.84326    0.87568    0.08796
1468.18091    0.87673    0.09080
1468.51953    0.90839    0.09375
1468.85730    0.93011    0.08875
1469.19604    1.01862    0.08478
1469.53406    0.85570    0.08369
1469.87207    0.83929    0.08467
1470.21106    0.81318    0.08608
1470.54932    0.98126    0.09132
1470.88843    1.11976    0.09280
1471.22681    0.78038    0.08793
1471.56604    1.05438    0.08944
1471.90454    0.82317    0.08793
1472.24316    0.95255    0.08776
1472.58264    1.08489    0.08611
1472.92139    0.93873    0.08878
1473.26111    1.05198    0.09960
1473.59998    0.96995    0.10264
1473.93982    0.95910    0.09585
1474.27893    1.04558    0.08807
1474.61804    1.07192    0.08613
1474.95801    0.98148    0.08451
1475.29736    0.90652    0.08497
1475.63757    0.91993    0.09185
1475.97705    0.88587    0.10700
1476.31738    1.02928    0.14314
1476.65710    1.07314    0.16317
1476.99670    0.87794    0.13854
1477.33740    0.85162    0.11001
1477.67725    1.20916    0.09906
1478.01794    1.04214    0.11061
1478.35791    1.08665    0.10600
1478.69885    1.14065    0.09184
1479.03906    0.97891    0.08387
1479.37927    0.97459    0.08085
1479.72046    0.88971    0.07813
1480.06079    1.01239    0.07794
1480.40222    1.05968    0.07866
1480.74280    1.00703    0.07900
1481.08411    0.99837    0.08175
1481.42480    1.08817    0.08760
1481.76648    1.17693    0.08818
1482.10742    1.09209    0.08456
1482.44836    0.99348    0.08482
1482.79016    0.96782    0.08865
1483.13135    1.03903    0.09649
1483.47327    1.15418    0.09935
1483.81458    1.05901    0.09269
1484.15674    1.05763    0.08387
1484.49817    1.02102    0.08229
1484.83960    1.07921    0.08182
1485.18201    1.16507    0.08250
1485.52368    1.01831    0.07955
1485.86633    1.14278    0.08031
1486.20801    0.98715    0.08042
1486.55078    1.05548    0.07972
1486.89282    1.11333    0.08386
1487.23486    1.04135    0.08171
1487.57788    1.18315    0.08434
1487.92004    1.01022    0.08455
1488.26318    1.09767    0.08390
1488.60559    1.12953    0.08067
1488.94873    1.08785    0.08189
1489.29126    1.05581    0.08520
1489.63391    1.00493    0.08853
1489.97742    1.14468    0.08807
1490.32019    1.10632    0.08319
1490.66382    1.01166    0.08248
1491.00684    1.00845    0.09333
1491.35059    1.03975    0.09952
1491.69373    0.99891    0.09623
1492.03687    1.12216    0.08738
1492.38098    0.97185    0.07692
1492.72424    0.97670    0.07558
1493.06848    1.21667    0.07832
1493.41199    1.34190    0.08184
1493.75635    1.11840    0.07912
1494.09998    1.11016    0.08035
1494.44373    1.06738    0.08001
1494.78833    1.05148    0.07975
1495.13220    1.04529    0.07866
1495.47693    0.96187    0.07611
1495.82092    0.84723    0.07297
1496.16589    0.97314    0.07533
1496.51013    0.88717    0.07848
1496.85437    1.12984    0.08429
1497.19958    1.19454    0.07937
1497.54395    0.94765    0.07492
1497.88928    1.10770    0.07772
1498.23389    0.98044    0.07678
1498.57935    0.99668    0.07453
1498.92407    1.04039    0.07310
1499.26892    0.99228    0.07377
1499.61462    0.96246    0.07668
1499.95972    1.09000    0.07499
1500.30554    1.07239    0.07244
1500.65076    1.15115    0.07446
1500.99683    1.11124    0.07282
1501.34204    1.03253    0.07411
1501.68750    1.06997    0.07434
1502.03369    1.13850    0.07548
1502.37927    1.02672    0.07319
1502.72571    0.88388    0.07099
1503.07141    1.03872    0.07407
1503.41797    1.08652    0.08305
1503.76379    0.96278    0.08088
1504.10974    1.18415    0.07305
1504.45667    1.15271    0.07769
1504.80273    1.04868    0.07425
1505.14978    1.04770    0.07306
1505.49609    0.99160    0.07067
1505.84314    0.90628    0.07251
1506.18958    1.05742    0.07223
1506.53613    1.07460    0.07128
1506.88342    0.94405    0.06846
1507.23010    0.94415    0.07091
1507.57764    0.98494    0.07105
1507.92456    0.93473    0.07290
1508.27222    0.88098    0.06933
1508.61926    0.84353    0.06845
1508.96716    0.82491    0.06961
1509.31421    0.90006    0.07029
1509.66150    0.99163    0.06833
1510.00964    1.02415    0.07100
1510.35693    0.98065    0.06868
1510.70520    0.74069    0.06446
1511.05273    0.73917    0.06520
1511.40125    0.72727    0.06559
1511.74890    0.66232    0.06449
1512.09668    0.62604    0.06458
1512.44543    0.58628    0.06692
1512.79333    0.51430    0.06346
1513.14209    0.61143    0.06426
1513.49023    0.51075    0.06341
1513.83923    0.27375    0.05963
1514.18750    0.13287    0.05476
1514.53589    0.13504    0.05755
1514.88513    0.24435    0.06646
1515.23364    0.27650    0.07635
1515.58301    0.45937    0.07802
1515.93176    0.49806    0.07347
1516.28125    0.32257    0.07251
1516.63000    0.34562    0.07146
1516.97900    0.24041    0.06344
1517.32874    0.25244    0.05584
1517.67773    0.38698    0.05903
1518.02771    0.56474    0.06431
1518.37708    0.72477    0.06652
1518.72717    0.81803    0.06420
1519.07654    0.78383    0.06798
1519.42603    0.87676    0.06748
1519.77637    0.76383    0.06682
1520.12598    0.79624    0.07035
1520.47656    1.00891    0.07474
1520.82642    0.79876    0.07019
1521.17700    0.69434    0.06688
1521.52698    0.65177    0.06687
1521.87695    0.46155    0.06556
1522.22791    0.42080    0.06259
1522.57812    0.54183    0.06744
1522.92920    0.38847    0.08101
1523.27954    0.41766    0.07507
1523.63074    0.34810    0.06360
1523.98132    0.44813    0.06138
1524.33191    0.52817    0.06368
1524.68347    0.49485    0.06241
1525.03418    0.60222    0.05987
1525.38586    0.49829    0.05542
1525.73682    0.47831    0.05631
1526.08862    0.50110    0.05901
1526.43970    0.57107    0.05977
1526.79077    0.73126    0.06244
1527.14294    0.90884    0.06453
1527.49414    0.90530    0.06222
1527.84644    1.03884    0.06237
1528.19788    0.98705    0.06327
1528.55042    0.95269    0.06517
1528.90198    1.07034    0.06540
1529.25378    1.06755    0.06360
1529.60632    1.18762    0.06328
1529.95825    1.15665    0.06459
1530.31104    1.12713    0.06508
1530.66309    1.17345    0.07202
1531.01611    1.13901    0.07552
1531.36816    0.93702    0.07166
1531.72058    1.08576    0.06365
1532.07373    0.97977    0.06067
1532.42627    1.01052    0.06066
1532.77966    1.03862    0.06152
1533.13220    0.98830    0.06293
1533.48572    1.15779    0.06705
1533.83850    1.01489    0.06485
1534.19141    0.94866    0.06114
1534.54517    0.93762    0.05913
1534.89819    0.97598    0.05936
1535.25208    1.04747    0.06097
1535.60522    1.08404    0.07107
1535.95947    1.17631    0.07787
1536.31274    1.05477    0.06749
1536.66699    1.05496    0.05999
1537.02051    1.00746    0.05594
1537.37402    0.85606    0.05742
1537.72864    0.95316    0.06361
1538.08240    0.94388    0.06322
1538.43701    0.98707    0.06149
1538.79102    1.04575    0.05979
1539.14575    1.08037    0.06148
1539.49988    1.06592    0.06178
1539.85400    0.99886    0.06045
1540.20923    0.99308    0.05779
1540.56348    0.93839    0.05860
1540.91870    0.96872    0.06073
1541.27319    1.01716    0.06984
1541.62866    1.04084    0.07283
1541.98328    1.10937    0.06778
1542.33801    0.96783    0.06145
1542.69360    0.87113    0.06277
1543.04846    0.99043    0.06460
1543.40442    1.05214    0.06543
1543.75940    0.97333    0.06385
1544.11548    1.05425    0.06403
1544.47070    1.02510    0.06370
1544.82593    1.04881    0.06234
1545.18213    0.99938    0.06155
1545.53760    0.99524    0.06281
1545.89404    1.07616    0.06196
1546.24976    1.03385    0.05949
1546.60620    1.01334    0.06452
1546.96204    0.97180    0.06378
1547.31787    0.95728    0.06907
1547.67480    0.95436    0.07256
1548.03076    0.94339    0.07084
1548.38770    0.94031    0.05842
1548.74390    0.90475    0.05599
1549.10107    1.06685    0.05890
1549.45740    1.04721    0.05982
1549.81396    0.97032    0.05774
1550.17139    0.98891    0.05708
1550.52795    0.91545    0.05739
1550.88550    0.96843    0.05728
1551.24219    0.94376    0.05698
1551.59998    0.94879    0.05736
1551.95691    0.98700    0.05712
1552.31396    1.00059    0.05783
1552.67188    0.99623    0.05953
1553.02905    0.98558    0.06312
1553.38721    1.02733    0.06221
1553.74463    1.05184    0.06073
1554.10278    1.02031    0.05922
1554.46033    0.98929    0.06148
1554.81799    1.00976    0.06424
1555.17651    0.90679    0.06253
1555.53418    1.02601    0.05965
1555.89294    1.03222    0.06031
1556.25085    0.98707    0.05963
1556.60974    1.02744    0.05975
1556.96790    1.02156    0.05908
1557.32605    1.08954    0.06107
1557.68518    1.02268    0.06198
1558.04346    0.95895    0.06149
1558.40271    0.97036    0.06095
1558.76135    1.02490    0.06182
1559.12073    1.05725    0.06435
1559.47937    1.00016    0.06135
1559.83826    1.12139    0.06249
1560.19788    1.02366    0.06109
1560.55676    0.91858    0.06085
1560.91663    1.03298    0.06135
1561.27576    1.05647    0.06244
1561.63574    0.96501    0.06324
1561.99500    1.02807    0.06386
1562.35437    1.15410    0.06604
1562.71460    1.13207    0.06605
1563.07410    0.99524    0.06338
1563.43457    1.00002    0.06118
1563.79431    0.96636    0.06054
1564.15491    1.05902    0.06197
1564.51465    1.07862    0.06168
1564.87537    0.96005    0.06010
1565.23547    0.90314    0.05945
1565.59546    1.06864    0.06242
1565.95654    0.96371    0.06224
1566.31677    0.92646    0.06049
1566.67798    0.99077    0.06143
1567.03833    1.02775    0.06354
1567.39978    0.98159    0.06351
1567.76025    0.94090    0.06084
1568.12097    0.95405    0.06034
1568.48267    1.00865    0.06329
1568.84338    1.02136    0.06136
1569.20520    1.08467    0.06456
1569.56616    1.14648    0.06439
1569.92810    0.98693    0.06545
1570.28918    0.98291    0.06348
1570.65051    0.96398    0.06332
1571.01270    1.05026    0.06606
1571.37415    1.11599    0.06500
1571.73645    1.05086    0.06394
1572.09814    0.98206    0.06968
1572.46057    0.88425    0.06771
1572.82227    1.07485    0.06344
1573.18420    1.04370    0.06463
1573.54688    0.96289    0.06215
1573.90894    1.05198    0.06477
1574.27185    0.99642    0.06289
1574.63403    0.94194    0.06069
1574.99719    0.91601    0.06060
1575.35950    1.01353    0.06209
1575.72180    1.06809    0.06409
1576.08508    1.00666    0.06162
1576.44775    1.01648    0.06188
1576.81128    0.95945    0.06183
1577.17407    1.03727    0.06209
1577.53772    1.01549    0.06099
1577.90063    0.96774    0.06098
1578.26367    1.02859    0.06274
1578.62756    1.05384    0.06178
1578.99072    0.92842    0.05940
1579.35486    0.91285    0.06026
1579.71826    1.01742    0.06189
1580.08252    1.05792    0.06226
1580.44592    0.99514    0.06168
1580.80957    1.01132    0.06350
1581.17407    0.99174    0.06323
1581.53784    0.88045    0.06074
1581.90247    0.80983    0.05742
1582.26636    0.80985    0.05774
1582.63123    0.87721    0.05922
1582.99536    0.99874    0.06093
1583.35950    0.93256    0.06165
1583.72461    0.91579    0.06305
1584.08899    0.92934    0.06178
1584.45435    0.96497    0.06150
1584.81885    0.98445    0.06266
1585.18420    0.92913    0.06023
1585.54895    1.02107    0.06133
1585.91370    1.00326    0.06149
1586.27942    0.95137    0.06023
1586.64429    0.96257    0.06051
1587.01013    1.01362    0.05956
1587.37524    1.01101    0.06102
1587.74133    1.00039    0.06191
1588.10657    1.04756    0.06197
1588.47192    0.97155    0.05991
1588.83826    0.92736    0.05878
1589.20374    0.97763    0.05917
1589.57019    0.91194    0.05973
1589.93579    1.10235    0.06035
1590.30249    0.98564    0.06088
1590.66833    0.93039    0.05995
1591.03430    1.00597    0.06193
1591.40112    1.03702    0.05958
1591.76721    1.00759    0.06022
1592.13428    0.99986    0.06071
1592.50061    1.04575    0.06281
1592.86780    1.02052    0.05994
1593.23425    0.98645    0.05928
1593.60168    0.97018    0.05955
1593.96826    0.88963    0.05864
1594.33496    1.03721    0.05973
1594.70264    0.92699    0.06056
1595.06946    0.96389    0.05900
1595.43726    1.02339    0.05937
1595.80432    0.95643    0.06010
1596.17224    1.05388    0.05993
1596.53955    0.96203    0.06048
1596.90674    0.94301    0.05825
1597.27502    1.00217    0.06148
1597.64246    1.02918    0.06410
1598.01086    1.00583    0.06287
1598.37842    1.02154    0.06159
1598.74707    0.99172    0.05963
1599.11487    0.96000    0.05933
1599.48267    0.95639    0.06304
1599.85156    1.06124    0.07368
1600.21960    1.15551    0.08591
1600.58862    0.96255    0.09045
1600.95679    0.84902    0.08175
1601.32605    0.95418    0.08327
1601.69446    1.07990    0.08833
1602.06287    1.10424    0.08015
1602.43237    1.05579    0.06764
1602.80090    1.03909    0.06826
1603.17053    1.08076    0.06867
1603.53931    0.94400    0.06608
1603.90906    0.93633    0.06547
1604.27808    0.97336    0.06189
1604.64709    0.95411    0.05882
1605.01721    1.07003    0.06144
1605.38635    1.00817    0.06282
1605.75659    1.09146    0.06084
1606.12610    1.08173    0.06021
1606.49634    1.00908    0.06071
1606.86597    0.97451    0.06041
1607.23572    0.89555    0.05968
1607.60620    0.97926    0.06102
1607.97607    1.00366    0.07021
1608.34692    1.04348    0.09771
1608.71692    1.07855    0.11091
1609.08777    1.06201    0.09491
1609.45801    1.06474    0.07685
1609.82825    1.08720    0.07918
1610.19946    0.91465    0.08033
1610.56995    1.04345    0.07880
1610.94128    1.12465    0.07240
1611.31189    0.92633    0.06814
1611.68347    1.03984    0.06843
1612.05420    1.05229    0.06730
1612.42505    0.86700    0.06551
1612.79688    0.83937    0.06544
1613.16785    0.98745    0.06612
1613.53992    1.05121    0.06356
1613.91101    0.94662    0.06488
1614.28320    1.13321    0.07577
1614.65454    1.08317    0.08311
1615.02600    1.03456    0.07177
1615.39844    1.04124    0.06562
1615.77014    1.01895    0.06340
1616.14270    1.02334    0.06374
1616.51453    1.00868    0.06479
1616.88733    1.05531    0.06955
1617.25928    0.87272    0.08072
1617.63135    0.87609    0.07808
1618.00427    1.13868    0.06690
1618.37659    0.92030    0.06197
1618.74976    0.98526    0.06245
1619.12219    1.03920    0.06300
1619.49548    1.02676    0.06694
1619.86804    1.04255    0.07536
1620.24072    1.05736    0.07686
1620.61438    0.95438    0.06515
1620.98706    1.05710    0.06034
1621.36096    1.00114    0.05819
1621.73389    0.86305    0.06004
1622.10791    0.87716    0.07417
1622.48108    1.04933    0.08767
1622.85522    1.09146    0.08464
1623.22852    1.00571    0.07134
1623.60193    0.95601    0.06313
1623.97644    0.89980    0.05990
1624.34998    0.92918    0.05737
1624.72449    1.02750    0.05948
1625.09827    0.95746    0.05940
1625.47302    0.93393    0.05895
1625.84692    0.98552    0.06352
1626.22095    1.09363    0.07292
1626.59595    1.12265    0.07484
1626.97021    1.03576    0.06592
1627.34534    1.00983    0.05966
1627.71973    1.03810    0.05975
1628.09497    0.93702    0.07230
1628.46960    1.04206    0.09077
1628.84424    1.16403    0.08693
1629.21985    1.03771    0.07105
1629.59460    0.93129    0.06314
1629.97046    1.08157    0.06139
1630.34534    1.09093    0.06178
1630.72131    1.00201    0.06754
1631.09644    0.96487    0.06731
1631.47168    0.96018    0.06616
1631.84802    0.87005    0.07347
1632.22339    0.98769    0.07641
1632.59973    1.03866    0.06625
1632.97534    1.03628    0.06963
1633.35193    0.99396    0.07555
1633.72754    0.93439    0.06656
1634.10352    0.95559    0.06064
1634.48022    1.02071    0.05900
1634.85632    0.99686    0.06359
1635.23328    1.00747    0.07402
1635.60950    1.06856    0.07714
1635.98669    1.05801    0.07087
1636.36304    0.93021    0.06202
1636.73938    1.00144    0.05670
1637.11682    1.04652    0.06166
1637.49353    1.03405    0.06136
1637.87109    1.00800    0.05968
1638.24792    1.00117    0.05867
1638.62561    1.01743    0.05737
1639.00256    1.03021    0.05764
1639.37976    0.99091    0.06053
1639.75769    1.00702    0.05997
1640.13489    0.97757    0.05867
1640.51318    0.91640    0.05805
1640.89050    1.07648    0.06094
1641.26892    1.08946    0.06357
1641.64661    1.06213    0.06300
1642.02417    1.06101    0.05960
1642.40283    1.07534    0.06120
1642.78064    1.06279    0.06780
1643.15942    1.00302    0.06895
1643.53748    0.96035    0.06405
1643.91650    1.00293    0.05919
1644.29456    1.02457    0.05739
1644.67297    0.95913    0.05561
1645.05225    0.90303    0.05428
1645.43066    1.01591    0.05612
1645.81006    1.08420    0.06485
1646.18872    1.07885    0.06364
1646.56836    1.10033    0.06663
1646.94714    1.08995    0.06716
1647.32593    1.01123    0.06409
1647.70581    0.99397    0.06382
1648.08484    0.97093    0.06413
1648.46497    0.99078    0.05722
1648.84412    0.96966    0.05570
1649.22437    0.96208    0.05615
1649.60376    1.00441    0.05882
1649.98413    0.97353    0.05957
