1418.81812    0.88000    0.36744
1419.14453    1.20859    0.38035
1419.47180    1.63536    0.37858
1419.79834    1.68356    0.37819
1420.12573    1.56228    0.37345
1420.45239    1.06732    0.35991
1420.78003    1.40241    0.35837
1421.10693    1.79026    0.37351
1421.43384    1.68192    0.37632
1421.76160    1.34880    0.36767
1422.08862    1.05975    0.36534
1422.41663    1.74784    0.38823
1422.74377    1.26184    0.38276
1423.07190    0.86242    0.37897
1423.39929    1.17900    0.39669
1423.72668    1.70327    0.41561
1424.05505    1.60412    0.41937
1424.38269    1.14895    0.41497
1424.71106    0.79484    0.40547
1425.03882    0.54702    0.39817
1425.36743    0.76864    0.40250
1425.69531    1.07781    0.40950
1426.02332    1.65973    0.41752
1426.35217    0.78451    0.38809
1426.68030    1.47294    0.40068
1427.00928    1.40962    0.38166
1427.33752    0.96294    0.37400
1427.66675    1.30426    0.37171
1427.99512    1.24694    0.36260
1428.32446    1.26903    0.34776
1428.65295    1.66228    0.34215
1428.98169    1.00086    0.31856
1429.31116    1.01989    0.33040
1429.63989    1.28108    0.34208
1429.96960    1.33488    0.35518
1430.29858    1.33663    0.35189
1430.62842    0.95843    0.36482
1430.95764    0.50044    0.38442
1431.28674    1.12897    0.40199
1431.61682    0.82499    0.38454
1431.94617    0.76579    0.36131
1432.27637    0.59634    0.33856
1432.60583    1.16221    0.33983
1432.93628    1.22843    0.33247
1433.26587    1.02132    0.33965
1433.59558    0.92270    0.34782
1433.92615    0.91395    0.36061
1434.25610    1.09109    0.36886
1434.58667    0.82547    0.36595
1434.91675    1.18199    0.36333
1435.24768    0.38676    0.34275
1435.57788    1.15847    0.34540
1435.90808    0.89808    0.32523
1436.23926    0.71708    0.31804
1436.56970    0.73801    0.31142
1436.90088    0.50109    0.30138
1437.23145    0.92971    0.30325
1437.56287    0.70351    0.30377
1437.89355    0.68339    0.31301
1438.22437    0.97698    0.34316
1438.55603    1.32924    0.35601
1438.88696    0.86609    0.35392
1439.21875    0.85342    0.34444
1439.54980    1.02394    0.34032
1439.88184    0.85186    0.32888
1440.21301    0.82882    0.31296
1440.54431    0.56967    0.29530
1440.87659    0.69121    0.28923
1441.20801    1.30587    0.30321
1441.54041    0.65722    0.29145
1441.87195    0.51295    0.29498
1442.20447    0.72883    0.31150
1442.53625    0.98068    0.32569
1442.86804    1.01693    0.32988
1443.20081    0.92825    0.32424
1443.53284    1.31402    0.31861
1443.86572    1.46004    0.31539
1444.19788    1.29901    0.30553
1444.53088    1.05922    0.33292
1444.86316    0.85449    0.31178
1445.19568    0.39562    0.26969
1445.52893    0.71207    0.27456
1445.86133    1.22633    0.28196
1446.19482    1.05176    0.27072
1446.52747    0.81276    0.26708
1446.86108    0.79025    0.26764
1447.19397    0.88820    0.27223
1447.52686    0.63681    0.27186
1447.86060    1.21306    0.27285
1448.19373    1.02786    0.26973
1448.52759    0.82949    0.26358
1448.86084    1.23454    0.27105
1449.19507    1.41019    0.27216
1449.52844    0.94185    0.26190
1449.86182    0.62929    0.25060
1450.19617    0.54557    0.24648
1450.52979    1.16697    0.25601
1450.86438    0.70886    0.23774
1451.19812    0.10060    0.22937
1451.53271    0.60679    0.24253
1451.86670    0.87747    0.25936
1452.20068    0.73472    0.26374
1452.53552    0.75932    0.26267
1452.86963    0.34530    0.25428
1453.20471    0.74658    0.25844
1453.53894    1.17755    0.27496
1453.87427    0.74032    0.25735
1454.20862    0.82642    0.25734
1454.54395    0.81841    0.24489
1454.87854    0.69787    0.24063
1455.21326    0.81480    0.24823
1455.54883    0.70033    0.24429
1455.88367    0.30729    0.24384
1456.21948    0.81210    0.26258
1456.55444    0.95608    0.27519
1456.89026    0.71006    0.28193
1457.22546    0.71078    0.28633
1457.56067    0.63980    0.28677
1457.89673    0.72891    0.29579
1458.23218    0.89472    0.29818
1458.56848    0.96996    0.29883
1458.90405    0.98739    0.29202
1459.24036    1.00557    0.27971
1459.57605    1.07373    0.26266
1459.91187    0.02475    0.23783
1460.24854    0.38665    0.24865
1460.58447    0.73651    0.26268
1460.92126    1.14570    0.28266
1461.25745    1.07378    0.27904
1461.59436    0.68514    0.26145
1461.93054    0.65076    0.25360
1462.26685    0.68953    0.24953
1462.60400    0.49755    0.24152
1462.94055    0.93998    0.25209
1463.27795    0.77825    0.26279
1463.61450    0.77810    0.26913
1463.95203    0.65021    0.26485
1464.28882    0.37853    0.25649
1464.62573    0.49152    0.25106
1464.96338    0.69644    0.24915
1465.30042    0.57161    0.24130
1465.63831    0.50314    0.23026
1465.97559    0.25287    0.21743
1466.31348    0.23135    0.21987
1466.65088    0.79162    0.22653
1466.98828    0.67181    0.21742
1467.32654    0.68254    0.21416
1467.66406    1.17987    0.22248
1468.00256    0.85461    0.21319
1468.34033    0.10245    0.20862
1468.67883    0.60383    0.21603
1469.01672    0.43867    0.21535
1469.35474    0.35193    0.21132
1469.69348    0.19067    0.20087
1470.03162    0.30707    0.20799
1470.37061    0.70885    0.21709
1470.70886    0.44340    0.21026
1471.04797    0.29045    0.21764
1471.38635    0.24851    0.22813
1471.72485   -0.16127    0.23780
1472.06421    0.25631    0.25166
1472.40283    1.04596    0.26718
1472.74243    0.72677    0.25045
1473.08118    0.11825    0.22299
1473.42090    0.47318    0.22324
1473.75989    0.62340    0.22144
1474.09900    0.17179    0.21617
1474.43884    0.04463    0.22034
1474.77808    0.32866    0.23383
1475.11816    0.34569    0.23942
1475.45740    0.51386    0.23975
1475.79773    0.73261    0.23694
1476.13721    0.50670    0.22885
1476.47681    0.12884    0.21191
1476.81726    0.35548    0.20955
1477.15698    0.36246    0.20913
1477.49768    0.32728    0.20587
1477.83752    0.20337    0.19882
1478.17834    0.22749    0.19864
1478.51843    0.67386    0.20416
1478.85925    0.05152    0.19522
1479.19958    0.41660    0.20514
1479.53979    0.43382    0.19712
1479.88098    0.39078    0.19346
1480.22144    0.46551    0.18843
1480.56274    0.58681    0.19140
1480.90344    0.16221    0.17914
1481.24487    0.04306    0.17810
1481.58569    0.61443    0.18367
1481.92651    0.27168    0.17594
1482.26819    0.28962    0.17207
1482.60913    0.03856    0.16372
1482.95105    0.52612    0.18020
1483.29224    0.48877    0.17692
1483.63428    0.46941    0.18303
1483.97559    0.21807    0.18032
1484.31689    0.21341    0.18313
1484.65930    0.44437    0.18961
1485.00085    0.26307    0.18956
1485.34326    0.36114    0.19053
1485.68494    0.08403    0.18518
1486.02747    0.45630    0.19266
1486.36938    0.42229    0.20317
1486.71130    0.64405    0.22402
1487.05408    0.30202    0.23310
1487.39624    0.13261    0.23467
1487.73926    0.48580    0.23431
1488.08142    0.72863    0.22714
1488.42468    0.74296    0.21285
1488.76709    0.54844    0.19521
1489.10950    0.20969    0.18665
1489.45288    0.61344    0.19927
1489.79565    0.13995    0.19275
1490.13916    0.14964    0.19004
1490.48193    0.40298    0.19735
1490.82556    0.39525    0.20083
1491.16858    0.47629    0.20611
1491.51172    0.57271    0.20470
1491.85559    0.24819    0.19703
1492.19873    0.65197    0.20396
1492.54285    0.28735    0.20463
1492.88623    0.25174    0.20781
1493.23047    0.36928    0.21334
1493.57397    0.36327    0.21866
1493.91760    0.41835    0.22091
1494.26208    0.65921    0.21952
1494.60583    0.64126    0.20617
1494.95044    0.46914    0.19620
1495.29443    1.01372    0.19567
1495.63916    0.60884    0.18839
1495.98328    0.54575    0.19143
1496.32739    0.65812    0.20138
1496.67249    0.23695    0.20081
1497.01685    0.65957    0.21193
1497.36194    0.77058    0.20528
1497.70642    0.35173    0.19680
1498.05176    0.51000    0.19582
1498.39648    0.79737    0.19805
1498.74109    0.71444    0.20018
1499.08679    0.71861    0.20884
1499.43164    0.75703    0.21818
1499.77747    0.03438    0.21567
1500.12244    0.68836    0.24114
1500.46838    0.84327    0.23680
1500.81348    0.52536    0.22433
1501.15881    0.53266    0.21013
1501.50500    0.64823    0.20128
1501.85034    0.53966    0.19450
1502.19666    0.32623    0.19176
1502.54224    0.47467    0.20562
1502.88867    0.76602    0.21797
1503.23450    0.72674    0.22332
1503.58032    0.63908    0.20707
1503.92700    0.73178    0.20167
1504.27295    0.52663    0.18966
1504.61987    0.35087    0.18406
1504.96594    0.51247    0.18569
1505.31311    0.33133    0.19094
1505.65942    0.52809    0.20418
1506.00659    0.63010    0.22105
1506.35303    0.63646    0.22632
1506.69958    0.71441    0.22312
1507.04700    0.56651    0.21774
1507.39368    0.48273    0.20743
1507.74133    1.12550    0.21940
1508.08813    1.37511    0.21439
1508.43591    0.85705    0.21120
1508.78296    1.11143    0.21745
1509.13000    0.58475    0.21532
1509.47803    0.96324    0.22473
1509.82520    1.01170    0.23072
1510.17346    0.63223    0.22570
1510.52075    1.08679    0.22144
1510.86914    0.97867    0.22101
1511.21667    0.63609    0.23078
1511.56433    0.54679    0.23654
1511.91296    0.82599    0.23261
1512.26074    1.53441    0.22697
1512.60950    1.01372    0.21460
1512.95752    1.21955    0.21568
1513.30627    1.59232    0.21803
1513.65454    0.74986    0.19525
1514.00269    0.75294    0.20793
1514.35181    0.95994    0.21212
1514.70020    1.00537    0.20632
1515.04944    0.99070    0.19225
1515.39807    0.80473    0.18241
1515.74744    0.74739    0.17771
1516.09619    0.64692    0.17700
1516.44495    0.82911    0.17838
1516.79456    0.86742    0.17679
1517.14355    0.90188    0.17524
1517.49341    0.99484    0.17556
1517.84253    0.77200    0.16867
1518.19250    0.73750    0.17427
1518.54175    0.99324    0.17946
1518.89111    1.06268    0.18032
1519.24133    1.15671    0.17355
1519.59094    1.06248    0.16934
1519.94128    1.35374    0.17386
1520.29089    1.18348    0.16689
1520.64148    1.20776    0.16025
1520.99133    1.26654    0.15887
1521.34119    1.20500    0.15662
1521.69202    1.18865    0.15891
1522.04211    1.14680    0.16260
1522.39307    1.05398    0.16020
1522.74329    1.20598    0.15766
1523.09448    1.28339    0.15609
1523.44482    1.08296    0.14500
1523.79529    1.25478    0.14486
1524.14673    1.16379    0.15110
1524.49731    1.35853    0.15524
1524.84888    1.22947    0.14605
1525.19971    1.14471    0.13984
1525.55139    1.27926    0.13787
1525.90234    1.06192    0.13256
1526.25342    0.86443    0.12751
1526.60535    1.13838    0.12954
1526.95654    1.00298    0.12804
1527.30859    1.09082    0.12936
1527.66003    0.94329    0.12568
1528.01233    1.13583    0.12499
1528.36377    1.06485    0.11918
1528.71545    1.00272    0.11772
1529.06787    1.20222    0.11843
1529.41968    1.10507    0.11331
1529.77234    0.82209    0.10785
1530.12427    1.21041    0.11075
1530.47717    1.07094    0.10849
1530.82922    0.83583    0.10290
1531.18140    1.21754    0.11206
1531.53442    1.02644    0.10635
1531.88672    1.05561    0.10493
1532.24011    1.09160    0.10362
1532.59253    1.09707    0.10308
1532.94592    1.17017    0.10261
1533.29858    0.96984    0.09960
1533.65210    0.71040    0.09677
1534.00500    1.10741    0.10285
1534.35779    1.05803    0.10401
1534.71155    1.10552    0.10585
1535.06482    1.01188    0.10342
1535.41870    1.03851    0.10486
1535.77197    0.97160    0.10432
1536.12610    0.93506    0.10268
1536.47949    1.08323    0.10469
1536.83301    1.08289    0.10359
1537.18726    0.84349    0.09822
1537.54089    0.81971    0.09635
1537.89551    0.81176    0.09612
1538.24927    1.06925    0.09832
1538.60400    0.94458    0.09626
1538.95789    1.03351    0.10024
1539.31201    1.11872    0.10193
1539.66699    0.98963    0.09973
1540.02112    0.97624    0.10149
1540.37634    1.05745    0.10166
1540.73071    0.94114    0.09853
1541.08582    1.04179    0.09833
1541.44055    1.04535    0.09854
1541.79504    0.89961    0.09569
1542.15063    1.10442    0.10251
1542.50537    0.92005    0.10406
1542.86096    0.96856    0.10704
1543.21606    0.99860    0.10828
1543.57178    1.00856    0.10968
1543.92700    1.13616    0.10990
1544.28223    1.12225    0.10710
1544.63818    1.14454    0.10337
1544.99353    0.92926    0.09780
1545.34985    1.07040    0.10000
1545.70544    0.93185    0.09573
1546.06177    0.96279    0.09939
1546.41748    1.16053    0.10354
1546.77319    1.12289    0.10333
1547.12988    1.06665    0.10158
1547.48584    1.02547    0.10057
1547.84265    0.87331    0.09977
1548.19885    0.90384    0.10169
1548.55566    0.93232    0.10199
1548.91199    0.81720    0.09756
1549.26831    1.05276    0.09975
1549.62549    1.24004    0.10504
1549.98193    1.01276    0.10005
1550.33960    0.88230    0.09948
1550.69604    1.05461    0.10463
1551.05359    1.07594    0.10510
1551.41052    0.95213    0.10480
1551.76758    0.96089    0.10569
1552.12524    0.73557    0.10478
1552.48230    0.93150    0.10835
1552.84021    0.90940    0.10985
1553.19751    0.96540    0.11529
1553.55579    0.90739    0.11396
1553.91321    1.06577    0.12815
1554.27063    0.81720    0.12089
1554.62903    0.89178    0.11766
1554.98669    1.13832    0.12836
1555.34521    0.89322    0.13584
1555.70312    0.85927    0.13818
1556.06177    0.75288    0.13107
1556.41968    0.95467    0.12640
1556.77783    0.68304    0.12749
1557.13672    0.87565    0.13536
1557.49500    0.84574    0.14536
1557.85425    0.94885    0.15363
1558.21252    1.02626    0.15249
1558.57190    0.91276    0.14040
1558.93042    0.80255    0.13486
1559.28918    0.90294    0.13721
1559.64856    1.17548    0.14707
1560.00745    1.07739    0.15691
1560.36719    0.78381    0.15604
1560.72595    1.04868    0.15283
1561.08594    1.11431    0.15198
1561.44519    1.04852    0.15075
1561.80518    0.88060    0.14923
1562.16455    0.90780    0.15134
1562.52393    1.01576    0.15877
1562.88428    0.95777    0.16337
1563.24365    0.88963    0.16156
1563.60413    0.91167    0.15732
1563.96399    0.93259    0.15244
1564.32458    0.95021    0.15579
1564.68433    1.12970    0.16482
1565.04431    0.92385    0.16269
1565.40515    0.96791    0.16560
1565.76538    1.06245    0.16935
1566.12634    1.28555    0.17706
1566.48669    1.26921    0.17888
1566.84790    0.96252    0.17701
1567.20837    1.13325    0.17371
1567.56897    1.22707    0.16898
1567.93054    1.11680    0.16442
1568.29114    1.00559    0.16383
1568.65283    0.66894    0.15741
1569.01367    1.18907    0.16880
1569.37537    1.06147    0.16643
1569.73645    0.94371    0.15865
1570.09753    1.09608    0.16071
1570.45959    1.08882    0.16278
1570.82092    1.07432    0.16785
1571.18323    1.18462    0.17408
1571.54456    0.92318    0.17232
1571.90698    0.89121    0.16855
1572.26868    1.05549    0.17075
1572.63025    0.95790    0.17289
1572.99304    0.90600    0.17891
1573.35474    1.21930    0.17998
1573.71765    1.10124    0.17237
1574.07959    0.75296    0.15677
1574.44263    0.75649    0.15428
1574.80481    1.01438    0.16158
1575.16711    1.19023    0.17027
1575.53040    1.06590    0.17426
1575.89282    1.05499    0.17010
1576.25623    1.09317    0.16252
1576.61877    0.75177    0.14975
1576.98242    1.03456    0.15486
1577.34521    1.12483    0.15353
1577.70813    1.07016    0.15657
1578.07190    0.96008    0.15891
1578.43494    0.93284    0.16342
1578.79895    1.06313    0.16247
1579.16211    0.97191    0.16157
1579.52625    1.05616    0.16280
1579.88953    1.12390    0.16393
1580.25305    0.83748    0.15511
1580.61743    1.25879    0.16004
1580.98108    1.08003    0.15129
1581.34570    1.00818    0.15139
1581.70947    0.84034    0.15573
1582.07422    0.89144    0.16133
1582.43811    1.05914    0.15888
1582.80212    0.91966    0.15235
1583.16724    1.05054    0.15042
1583.53137    1.01927    0.14720
1583.89661    1.03274    0.14589
1584.26086    1.12228    0.14954
1584.62610    1.10351    0.14909
1584.99084    1.17537    0.15194
1585.35535    1.03823    0.15751
1585.72095    1.02832    0.16522
1586.08582    1.13460    0.17323
1586.45142    1.13444    0.17607
1586.81653    1.05753    0.17375
1587.18250    1.17737    0.17024
1587.54749    1.62668    0.17330
1587.91272    1.31669    0.16896
1588.27893    1.21969    0.15049
1588.64429    0.87306    0.14313
1589.01062    1.10214    0.15035
1589.37610    0.91994    0.15398
1589.74255    0.74826    0.15890
1590.10840    1.07295    0.16542
1590.47510    1.18646    0.16485
1590.84082    0.89127    0.15560
1591.20679    0.92028    0.15111
1591.57385    1.02029    0.15035
1591.94006    1.20397    0.15481
1592.30713    0.93108    0.15582
1592.67346    1.03010    0.16075
1593.04065    1.14193    0.16055
1593.40723    0.60482    0.15272
1593.77368    0.83209    0.15084
1594.14111    1.11753    0.14884
1594.50806    0.89419    0.14179
1594.87561    0.92296    0.13909
1595.24255    1.17187    0.14070
1595.61035    0.97942    0.13836
1595.97754    0.90130    0.13810
1596.34460    0.96489    0.14184
1596.71277    1.06164    0.14925
1597.07996    1.02260    0.14653
1597.44836    0.91536    0.14452
1597.81580    0.85353    0.14111
1598.18433    0.89528    0.13943
1598.55188    0.83674    0.13781
1598.91968    0.77017    0.13870
1599.28845    0.92141    0.14392
1599.65637    1.00323    0.14597
1600.02515    0.91870    0.14418
1600.39319    1.22692    0.14760
1600.76233    1.18016    0.14454
1601.13049    0.88191    0.14020
1601.49878    0.86504    0.13700
1601.86829    0.84420    0.13791
1602.23682    1.03955    0.13974
1602.60620    1.06457    0.14048
1602.97485    0.86947    0.13835
1603.34448    0.88585    0.13838
1603.71338    1.04128    0.14017
1604.08228    1.12351    0.14160
1604.45215    1.01356    0.13932
1604.82129    0.96960    0.14230
1605.19128    1.30890    0.14812
1605.56055    1.22508    0.14250
1605.93091    1.12962    0.13959
1606.30029    1.00882    0.13207
1606.66980    1.11593    0.13760
1607.04028    0.99863    0.13534
1607.41016    0.88261    0.13821
1607.78064    1.20104    0.14275
1608.15063    1.20656    0.14025
1608.52136    1.20494    0.13782
1608.89148    1.14391    0.13750
1609.26147    1.14847    0.14201
1609.63269    1.28225    0.14475
1610.00293    0.75278    0.13528
1610.37415    0.81869    0.13637
1610.74463    0.86534    0.13443
1611.11609    0.88949    0.14051
1611.48669    1.03883    0.14452
1611.85754    1.11018    0.14713
1612.22913    1.22012    0.14658
1612.60010    1.23198    0.14165
1612.97180    0.90428    0.13830
1613.34290    1.09972    0.14519
1613.71497    0.94563    0.14046
1614.08618    0.86695    0.13807
1614.45764    0.96306    0.13354
1614.82983    1.04004    0.13609
1615.20142    1.04535    0.13623
1615.57373    1.09659    0.14128
1615.94543    1.17454    0.14381
1616.31812    1.15466    0.14141
1616.68994    0.99184    0.13713
1617.06189    0.80807    0.13478
1617.43481    0.96770    0.13762
1617.80676    1.23190    0.14705
1618.17981    1.05464    0.14851
1618.55225    0.88204    0.14447
1618.92542    1.10983    0.14809
1619.29785    1.13960    0.14903
1619.67126    1.07277    0.14202
1620.04382    1.18390    0.13980
1620.41650    1.23826    0.13670
1620.79016    1.10516    0.13489
1621.16309    1.07641    0.13727
1621.53687    1.09294    0.14037
1621.90991    0.93687    0.13793
1622.28394    0.90351    0.13465
1622.65723    1.17624    0.13922
1623.03040    1.24924    0.14202
1623.40466    1.06038    0.14173
1623.77808    1.27080    0.14834
1624.15259    1.18050    0.14472
1624.52625    1.01303    0.13961
1624.90076    0.92120    0.13359
1625.27454    0.80300    0.13173
1625.64856    1.07452    0.14024
1626.02344    1.21831    0.14367
1626.39746    0.89614    0.13683
1626.77258    1.05620    0.13531
1627.14673    0.98408    0.14702
1627.52197    1.17328    0.19278
1627.89636    0.69101    0.22048
1628.27087    0.99035    0.21015
1628.64636    1.16207    0.17681
1629.02112    1.14886    0.16122
1629.39673    1.15901    0.15439
1629.77136    0.91198    0.14393
1630.14722    0.83930    0.13605
1630.52234    1.08435    0.13665
1630.89746    0.96804    0.13338
1631.27356    0.84000    0.12823
1631.64880    1.03866    0.13189
1632.02502    1.17236    0.14722
1632.40051    0.98972    0.15263
1632.77686    1.39670    0.16073
1633.15247    1.35947    0.15444
1633.52832    0.97342    0.13708
1633.90479    0.99512    0.13508
1634.28088    1.10527    0.13644
1634.65759    1.08101    0.13659
1635.03369    1.16162    0.13563
1635.41064    0.83117    0.12959
1635.78699    1.11789    0.13186
1636.16321    1.01740    0.13211
1636.54065    1.21469    0.13616
1636.91699    1.13090    0.14490
1637.29443    1.04940    0.14416
1637.67114    0.88383    0.13718
1638.04883    0.97750    0.13629
1638.42554    1.01148    0.13376
1638.80249    0.84955    0.12896
1639.18042    0.83233    0.12532
1639.55762    0.88398    0.12439
1639.93555    1.05141    0.12508
1640.31287    0.99007    0.12554
1640.69116    0.89442    0.12709
1641.06873    0.66301    0.12071
1641.44617    0.77080    0.12356
1641.82471    0.90209    0.12837
1642.20227    0.99576    0.13153
1642.58105    0.82177    0.13362
1642.95886    0.85049    0.14023
1643.33777    1.05945    0.14509
1643.71582    1.00589    0.14109
1644.09399    0.86248    0.13297
1644.47302    0.97210    0.13049
1644.85144    1.17844    0.13188
1645.23071    0.66170    0.12574
1645.60913    0.88844    0.12951
1645.98853    0.94809    0.13164
1646.36731    0.85888    0.13817
1646.74597    0.99831    0.13952
1647.12585    0.72082    0.13257
1647.50476    0.61907    0.12838
1647.88464    0.95478    0.13317
1648.26367    1.06114    0.13198
1648.64368    0.84013    0.12895
1649.02295    0.85007    0.12910
1649.40332    0.92887    0.14571
1649.78284    0.89097    0.14157
