1410.10913    0.94291    0.13751
1410.43433    1.00192    0.12993
1410.75879    0.92323    0.12928
1411.08411    0.97177    0.13224
1411.40881    1.23106    0.13558
1411.73425    1.14941    0.13039
1412.05896    1.23686    0.12710
1412.38379    0.96971    0.12467
1412.70959    0.93394    0.12760
1413.03455    1.04672    0.13080
1413.36035    1.14333    0.12872
1413.68542    1.05360    0.12481
1414.01147    1.04687    0.12592
1414.33679    0.91320    0.13402
1414.66211    0.90152    0.14518
1414.98840    1.07381    0.14769
1415.31384    1.03713    0.13686
1415.64026    0.97534    0.12706
1415.96594    0.88146    0.12298
1416.29248    1.21882    0.12620
1416.61829    1.18957    0.13034
1416.94409    1.01199    0.13245
1417.27087    1.07640    0.14206
1417.59680    1.10880    0.16053
1417.92383    1.59207    0.17607
1418.25000    1.18997    0.16604
1418.57715    1.07199    0.14099
1418.90344    1.20863    0.12929
1419.22986    0.96487    0.12758
1419.55701    1.25405    0.13073
1419.88367    0.85137    0.12431
1420.21106    1.01115    0.12466
1420.53784    0.94414    0.12678
1420.86536    0.84111    0.13092
1421.19214    1.13914    0.13685
1421.51990    0.72694    0.12975
1421.84692    1.05530    0.12842
1422.17407    0.94380    0.12490
1422.50208    0.86735    0.12447
1422.82935    0.68058    0.12245
1423.15735    0.81569    0.12395
1423.48486    1.19343    0.13281
1423.81299    0.93195    0.13196
1424.14062    0.87964    0.12874
1424.46826    0.99882    0.12857
1424.79663    1.00717    0.12505
1425.12451    0.91754    0.12255
1425.45300    0.76040    0.12286
1425.78101    0.97228    0.12567
1426.10974    1.01070    0.12435
1426.43774    1.00681    0.12248
1426.76599    0.99369    0.12563
1427.09497    1.09928    0.13395
1427.42334    1.20512    0.13618
1427.75244    0.85262    0.13245
1428.08093    1.10098    0.12802
1428.41016    1.27683    0.12875
1428.73877    1.17528    0.13116
1429.06750    1.09543    0.13043
1429.39709    0.80881    0.12856
1429.72583    0.75659    0.13417
1430.05554    0.64891    0.13933
1430.38452    1.01395    0.14164
1430.71436    0.98509    0.13096
1431.04346    0.87508    0.12153
1431.37280    1.09673    0.13169
1431.70276    0.92483    0.13761
1432.03223    0.91393    0.14987
1432.36243    1.00349    0.14301
1432.69189    0.81512    0.12488
1433.02234    1.14048    0.12724
1433.35205    1.02603    0.13069
1433.68164    0.86158    0.13713
1434.01233    0.70835    0.13310
1434.34229    0.86398    0.12871
1434.67285    1.13057    0.12984
1435.00293    0.99905    0.13253
1435.33386    0.79817    0.13724
1435.66418    0.77092    0.13781
1435.99426    0.71794    0.13162
1436.32544    0.78587    0.12685
1436.65588    0.76874    0.12052
1436.98718    0.81280    0.12110
1437.31775    0.54540    0.11656
1437.64917    0.81151    0.11819
1437.97998    1.15875    0.12725
1438.31079    1.18801    0.13351
1438.64246    0.52402    0.13469
1438.97339    0.90645    0.13670
1439.30518    0.72877    0.12834
1439.63635    1.20351    0.12867
1439.96838    0.75217    0.11946
1440.29956    0.78566    0.12291
1440.63098    0.71476    0.12796
1440.96313    0.83207    0.13149
1441.29456    0.63002    0.13447
1441.62708    0.85866    0.13693
1441.95862    1.00982    0.13884
1442.29114    0.93102    0.13490
1442.62292    0.80418    0.12353
1442.95483    0.77008    0.11898
1443.28760    1.05809    0.12125
1443.61951    0.83693    0.12040
1443.95251    0.94456    0.12164
1444.28467    1.02306    0.12578
1444.61768    1.03692    0.13168
1444.95007    0.88317    0.12873
1445.28235    0.89562    0.12658
1445.61572    0.72507    0.12678
1445.94836    0.90202    0.13356
1446.28162    0.70201    0.12228
1446.61450    0.80401    0.12020
1446.94800    0.95301    0.13289
1447.28088    0.55768    0.21753
1447.61462   -0.89239    0.54749
1447.94763   -0.53787    0.99730
1448.28076    1.82033    1.10784
1448.61475   -0.92137    0.54993
1448.94788    1.32452    0.20945
1449.28198    1.05287    0.12526
1449.61548    1.29986    0.12612
1449.94971    1.01167    0.12744
1450.28333    0.83879    0.12900
1450.61707    0.66937    0.12659
1450.95154    0.98998    0.13188
1451.28528    0.95926    0.13395
1451.61987    1.04020    0.13043
1451.95386    1.02808    0.12656
1452.28870    1.03894    0.12582
1452.62280    1.04624    0.12528
1452.95691    0.60247    0.12670
1453.29199    0.56044    0.12966
1453.62634    0.92405    0.13288
1453.96155    0.91302    0.12628
1454.29602    0.90743    0.12410
1454.63135    0.89321    0.12013
1454.96606    1.04097    0.12205
1455.30078    1.00521    0.12637
1455.63623    0.91477    0.12503
1455.97107    0.98352    0.12417
1456.30688    0.89840    0.12761
1456.64197    1.01205    0.13016
1456.97778    1.08951    0.12872
1457.31311    1.00418    0.12346
1457.64832    0.86417    0.12259
1457.98438    0.91345    0.12571
1458.31982    0.79118    0.13014
1458.65601    0.98122    0.13538
1458.99170    0.68440    0.12948
1459.32812    0.78680    0.12514
1459.66382    0.91421    0.12701
1459.99963    0.93771    0.13791
1460.33630    1.05657    0.14512
1460.67224    0.72012    0.13964
1461.00903    1.16577    0.13338
1461.34509    0.82573    0.12859
1461.68213    0.87330    0.12706
1462.01843    1.15171    0.13174
1462.35474    0.80954    0.13240
1462.69189    0.75281    0.13135
1463.02844    1.08613    0.12588
1463.36584    0.95155    0.12014
1463.70239    0.89167    0.12063
1464.03992    0.98296    0.13298
1464.37683    0.66172    0.14402
1464.71375    0.71709    0.14195
1465.05151    0.89973    0.12558
1465.38843    0.78878    0.11907
1465.72644    0.92167    0.12294
1466.06348    0.90228    0.12788
1466.40161    1.01015    0.13431
1466.73889    1.08645    0.13383
1467.07642    1.00593    0.12751
1467.41467    0.81185    0.12214
1467.75220    0.81765    0.12242
1468.09082    0.84052    0.12382
1468.42859    0.87299    0.12254
1468.76709    1.00419    0.12197
1469.10498    1.07440    0.12527
1469.44299    0.88110    0.12646
1469.78174    0.98105    0.13055
1470.11987    0.93279    0.13656
1470.45898    1.03493    0.14248
1470.79724    0.96053    0.13363
1471.13635    0.92300    0.12632
1471.47485    0.90345    0.12533
1471.81335    0.81431    0.12615
1472.15271    1.03209    0.12553
1472.49146    1.00041    0.12753
1472.83093    0.99289    0.12701
1473.16968    0.89240    0.13210
1473.50940    0.77443    0.13440
1473.84839    0.78529    0.12741
1474.18835    0.94599    0.12901
1474.52734    0.74790    0.12720
1474.86670    1.00372    0.14091
1475.20679    0.58835    0.15281
1475.54614    0.70008    0.16208
1475.88635    0.77628    0.15112
1476.22583    1.07038    0.14950
1476.56628    0.97796    0.15293
1476.90601    1.16941    0.15764
1477.24573    1.20801    0.15569
1477.58643    0.95840    0.14857
1477.92639    0.96059    0.14419
1478.26721    0.79902    0.14574
1478.60718    0.81699    0.14629
1478.94812    0.90984    0.13643
1479.28833    0.88955    0.12713
1479.62866    1.13195    0.13228
1479.96985    0.89211    0.14355
1480.31042    0.69562    0.14097
1480.65173    0.90355    0.13127
1480.99243    1.12501    0.13197
1481.33386    1.04866    0.13198
1481.67468    0.71263    0.12818
1482.01550    0.91846    0.13060
1482.35730    1.15639    0.13087
1482.69824    0.81827    0.12862
1483.04016    0.86104    0.13178
1483.38135    0.82582    0.13511
1483.72351    0.99763    0.13527
1484.06482    0.79096    0.13366
1484.40613    1.13639    0.13357
1484.74841    0.89767    0.12615
1485.08997    0.73931    0.12403
1485.43250    0.84305    0.12400
1485.77417    0.93211    0.12612
1486.11670    0.93225    0.12762
1486.45874    1.30552    0.13484
1486.80066    1.04443    0.13903
1487.14343    0.99207    0.13413
1487.48560    0.80202    0.12597
1487.82861    0.79570    0.12832
1488.17090    0.84992    0.13146
1488.51404    1.03438    0.14091
1488.85657    1.18564    0.14257
1489.19897    0.91694    0.13449
1489.54236    0.67359    0.12872
1489.88501    0.88718    0.12937
1490.22864    0.74120    0.12679
1490.57153    1.20822    0.13254
1490.91516    1.18037    0.13522
1491.25818    0.83093    0.12973
1491.60132    1.20211    0.13546
1491.94519    0.86526    0.15942
1492.28833    1.05966    0.16527
1492.63257    1.26056    0.14275
1492.97595    1.10593    0.13742
1493.32019    0.89662    0.13743
1493.66382    0.71151    0.13764
1494.00732    0.93076    0.14043
1494.35181    0.79923    0.13857
1494.69556    1.14920    0.13569
1495.04028    1.03751    0.13288
1495.38416    1.00786    0.13791
1495.72900    1.01593    0.14130
1496.07312    1.04664    0.15709
1496.41736    1.03948    0.15496
1496.76233    0.75755    0.13909
1497.10669    1.14887    0.14308
1497.45203    0.97090    0.14773
1497.79651    0.95084    0.14981
1498.14185    1.25635    0.14925
1498.48645    0.93786    0.14906
1498.83118    0.88970    0.15476
1499.17676    0.70238    0.15157
1499.52173    0.67539    0.13775
1499.86743    0.68397    0.13291
1500.21252    0.78780    0.13505
1500.55847    0.72047    0.13362
1500.90369    1.03241    0.13887
1501.24988    0.71753    0.14007
1501.59521    0.82986    0.14475
1501.94055    0.40719    0.13650
1502.28699    0.33055    0.13469
1502.63257    0.51914    0.13998
1502.97913    0.61508    0.14713
1503.32483    0.61188    0.15174
1503.67151    0.60677    0.14869
1504.01733    0.63210    0.14837
1504.36340    0.63450    0.14602
1504.71033    0.45658    0.15226
1505.05640    1.03108    0.15611
1505.40356    0.84545    0.15457
1505.74988    0.36744    0.14697
1506.09705    0.43048    0.14387
1506.44348    0.53798    0.13799
1506.79016    0.40059    0.13823
1507.13757    0.31492    0.14492
1507.48425    0.62770    0.15597
1507.83179    0.64658    0.15231
1508.17871    0.24805    0.14085
1508.52649    0.66706    0.14254
1508.87354    0.92775    0.14884
1509.22070    0.76465    0.15218
1509.56873    0.51991    0.14846
1509.91602    0.60752    0.14405
1510.26416    0.52280    0.14021
1510.61157    0.36490    0.14504
1510.95996    0.38670    0.15240
1511.30750    0.28279    0.15068
1511.65515   -0.16766    0.13778
1512.00378    0.13199    0.13853
1512.35156    0.56343    0.14614
1512.70044    0.01798    0.14845
1513.04834    0.31371    0.14819
1513.39722    0.15957    0.13795
1513.74536    0.22298    0.13652
1514.09363    0.25473    0.13966
1514.44287    0.03953    0.13423
1514.79114    0.02476    0.12961
1515.14050   -0.00588    0.12532
1515.48914   -0.13906    0.12662
1515.83850    0.15429    0.13452
1516.18726    0.24721    0.14261
1516.53601    0.01439    0.13930
1516.88586    0.16438    0.13439
1517.23474    0.49010    0.13641
1517.58459    0.29074    0.13433
1517.93372    0.47464    0.13774
1518.28381    0.59760    0.13967
1518.63293    0.58321    0.14438
1518.98242    0.46231    0.14283
1519.33252    0.56867    0.13753
1519.68213    0.79578    0.13056
1520.03259    0.46058    0.13471
1520.38220    0.80355    0.13215
1520.73279    0.81074    0.13748
1521.08276    0.83052    0.13620
1521.43262    1.07419    0.13237
1521.78357    1.19917    0.12913
1522.13354    1.19777    0.13102
1522.48450    1.04778    0.13384
1522.83484    1.07271    0.13869
1523.18591    1.11704    0.14012
1523.53638    1.15945    0.13445
1523.88684    1.19179    0.12974
1524.23828    0.95820    0.12469
1524.58899    1.11656    0.12633
1524.94043    1.21276    0.12435
1525.29126    1.03634    0.11909
1525.64294    1.23799    0.11597
1525.99402    1.24381    0.11366
1526.34497    1.15560    0.11305
1526.69702    0.94486    0.11061
1527.04834    0.93779    0.11076
1527.40039    1.01073    0.11130
1527.75171    0.99153    0.11435
1528.10400    0.99408    0.11639
1528.45569    0.93162    0.12869
1528.80798    0.86440    0.15503
1529.15967    1.31024    0.18599
1529.51147    1.16779    0.17468
1529.86426    0.85940    0.13238
1530.21619    1.16666    0.12373
1530.56909    1.26556    0.14634
1530.92114    1.04674    0.16148
1531.27417    0.90208    0.13330
1531.62646    0.95993    0.10329
1531.97888    1.06570    0.09564
1532.33203    0.99317    0.09617
1532.68457    1.01946    0.09845
1533.03796    1.16177    0.09818
1533.39062    0.99533    0.09479
1533.74426    1.06636    0.09406
1534.09705    1.09608    0.09256
1534.45007    0.97491    0.09002
1534.80383    1.02843    0.09207
1535.15686    0.97815    0.09333
1535.51086    1.00313    0.09527
1535.86414    1.11251    0.09440
1536.21838    1.06816    0.09128
1536.57178    0.87486    0.08708
1536.92517    0.89638    0.08594
1537.27954    0.97974    0.08699
1537.63330    0.88258    0.08698
1537.98779    1.04480    0.08886
1538.34167    0.98594    0.09044
1538.69641    0.99115    0.09068
1539.05042    1.18616    0.08875
1539.40442    0.97656    0.08509
1539.75940    0.95035    0.08311
1540.11365    1.00520    0.08573
1540.46887    0.89812    0.08727
1540.82324    0.87601    0.08815
1541.17847    0.77534    0.08382
1541.53308    1.02784    0.08323
1541.88770    1.11580    0.08087
1542.24316    1.15776    0.08221
1542.59802    1.09231    0.08281
1542.95374    0.94179    0.08518
1543.30872    1.09184    0.08867
1543.66467    1.11014    0.08415
1544.01965    1.00884    0.08187
1544.37488    0.89489    0.08031
1544.73108    0.92975    0.08166
1545.08643    1.10692    0.08512
1545.44275    1.22009    0.08799
1545.79822    1.37483    0.09143
1546.15466    1.13485    0.09009
1546.51038    1.16166    0.08689
1546.86621    1.07202    0.08446
1547.22278    1.08422    0.08619
1547.57886    0.97157    0.08711
1547.93567    0.90231    0.08794
1548.29175    0.92812    0.08602
1548.64880    0.96001    0.08595
1549.00513    0.82241    0.08495
1549.36133    0.82002    0.08668
1549.71863    1.06655    0.09497
1550.07520    1.03950    0.09763
1550.43262    0.99076    0.09308
1550.78931    0.97522    0.09149
1551.14685    0.99146    0.09315
1551.50378    0.95744    0.09582
1551.86072    0.88802    0.09725
1552.21851    1.06041    0.09683
1552.57568    0.90431    0.09248
1552.93359    0.86145    0.08994
1553.29089    0.89241    0.08891
1553.64905    0.81654    0.08831
1554.00647    0.93961    0.09065
1554.36401    1.12993    0.09531
1554.72241    0.98496    0.09964
1555.08008    0.81738    0.09673
1555.43860    1.04339    0.09584
1555.79639    0.69700    0.09296
1556.15527    0.71729    0.09576
1556.51331    0.97048    0.09820
1556.87219    1.06067    0.09761
1557.23035    1.08189    0.10011
1557.58862    1.04700    0.10054
1557.94775    0.99723    0.10268
1558.30615    0.89572    0.10150
1558.66553    0.88255    0.10143
1559.02405    1.16377    0.10136
1559.38354    0.96956    0.09946
1559.74231    0.85621    0.09852
1560.10107    0.99191    0.09778
1560.46082    1.05215    0.10463
1560.81995    1.03419    0.10843
1561.17981    1.03296    0.10561
1561.53894    1.09664    0.10376
1561.89893    0.95127    0.09712
1562.25830    0.90542    0.09561
1562.61780    1.01070    0.09689
1562.97803    0.96478    0.10179
1563.33765    1.02030    0.10722
1563.69812    0.98935    0.10681
1564.05786    0.87394    0.10065
1564.41846    0.83711    0.09877
1564.77844    1.07666    0.09845
1565.13843    0.92882    0.09833
1565.49939    1.10652    0.10062
1565.85938    1.07377    0.10157
1566.22058    0.91398    0.09992
1566.58081    0.98285    0.10062
1566.94202    0.90988    0.10013
1567.30249    0.78794    0.10103
1567.66309    0.93309    0.10895
1568.02454    1.13755    0.11030
1568.38525    1.09256    0.10345
1568.74707    0.99989    0.09927
1569.10791    1.21738    0.09821
1569.46973    0.84158    0.09941
1569.83081    1.00509    0.10046
1570.19189    0.99731    0.09850
1570.55396    1.09824    0.09813
1570.91528    0.80854    0.09493
1571.27759    0.85388    0.09499
1571.63904    1.02374    0.09619
1572.00134    0.97605    0.09375
1572.36316    0.93624    0.09268
1572.72485    1.02714    0.09675
1573.08740    1.08149    0.10210
1573.44934    0.99247    0.10155
1573.81213    1.00927    0.09623
1574.17432    1.09672    0.09376
1574.53723    1.01796    0.09355
1574.89954    1.10806    0.10102
1575.26172    1.06416    0.09870
1575.62500    1.06357    0.10053
1575.98743    1.01037    0.10283
1576.35095    0.94959    0.09814
1576.71350    0.97907    0.09639
1577.07715    0.93315    0.09810
1577.43994    0.81464    0.10059
1577.80273    0.83605    0.09833
1578.16663    0.96028    0.08795
1578.52979    0.95627    0.08624
1578.89380    0.93576    0.08646
1579.25684    0.98383    0.09002
1579.62122    0.97262    0.09232
1579.98450    1.06496    0.09155
1580.34802    1.18533    0.09466
1580.71240    1.09357    0.09850
1581.07605    1.10182    0.09706
1581.44067    1.19636    0.09541
1581.80444    1.09457    0.09477
1582.16919    0.89741    0.09670
1582.53320    0.91766    0.09466
1582.89807    0.93029    0.08705
1583.26221    1.04571    0.08824
1583.62646    0.99021    0.08830
1583.99158    1.08375    0.09036
1584.35596    1.09552    0.09629
1584.72144    0.94459    0.09892
1585.08594    0.91015    0.09760
1585.45142    0.90343    0.09451
1585.81616    0.82361    0.08855
1586.18103    0.96834    0.08766
1586.54675    1.00240    0.09045
1586.91174    0.90832    0.09185
1587.27771    0.99336    0.09135
1587.64282    1.03654    0.08954
1588.00903    1.00484    0.09013
1588.37427    0.98970    0.08957
1588.73962    0.97246    0.08814
1589.10608    0.91024    0.09168
1589.47156    0.75936    0.09102
1589.83813    0.82055    0.09338
1590.20386    0.78907    0.09058
1590.57056    0.97953    0.08964
1590.93652    0.95775    0.09262
1591.30249    0.94897    0.10174
1591.66943    0.99141    0.10903
1592.03564    0.90172    0.10434
1592.40283    1.05122    0.09971
1592.76904    1.02401    0.09938
1593.13635    1.09244    0.10262
1593.50293    1.04756    0.10474
1593.86938    0.97888    0.10388
1594.23694    1.16376    0.10246
1594.60376    0.93600    0.09815
1594.97144    0.82680    0.10000
1595.33838    0.91563    0.09836
1595.70618    1.02988    0.09603
1596.07336    1.18357    0.09656
1596.44055    1.10160    0.10321
1596.80859    0.89910    0.10926
1597.17603    0.92438    0.10272
1597.54431    0.96697    0.09494
1597.91174    1.02303    0.09877
1598.28040    1.01768    0.10599
1598.64807    0.84832    0.10421
1599.01575    0.94832    0.09601
1599.38452    1.14391    0.09667
1599.75244    0.96381    0.09569
1600.12134    0.98539    0.09800
1600.48950    0.99702    0.09752
1600.85840    1.06575    0.09897
1601.22668    0.99364    0.09930
1601.59521    0.81945    0.10152
1601.96448    0.92276    0.10734
1602.33289    1.18750    0.11005
1602.70251    1.13502    0.10306
1603.07117    0.98993    0.09782
1603.44080    1.20522    0.10276
1603.80969    1.35909    0.10886
1604.17871    0.94557    0.10373
1604.54858    0.80685    0.10109
1604.91772    1.13581    0.10193
1605.28784    0.89838    0.09628
1605.65698    0.93841    0.09293
1606.02734    1.03273    0.09106
1606.39685    0.93710    0.09279
1606.76636    0.92831    0.10048
1607.13684    1.00460    0.10386
1607.50659    1.00481    0.09969
1607.87732    1.01149    0.09716
1608.24707    0.99156    0.09900
1608.61792    0.91797    0.09641
1608.98804    1.08784    0.08991
1609.35828    1.10470    0.08867
1609.72937    0.79817    0.08787
1610.09961    1.09317    0.09383
1610.47095    0.92272    0.09409
1610.84143    0.84923    0.09332
1611.21289    0.80217    0.09277
1611.58350    0.86590    0.09559
1611.95508    1.13960    0.09617
1612.32593    1.03199    0.09527
1612.69690    0.87304    0.09288
1613.06885    1.05631    0.09083
1613.43994    1.03645    0.09144
1613.81189    0.93530    0.09273
1614.18323    0.93665    0.09628
1614.55542    0.80991    0.09276
1614.92688    0.94565    0.09440
1615.29834    1.05752    0.09856
1615.67078    1.01086    0.09812
1616.04260    0.94638    0.09080
1616.41516    0.87649    0.08595
1616.78711    0.98967    0.08680
1617.15979    1.03078    0.08757
1617.53186    0.81662    0.08396
1617.90405    0.84238    0.08428
1618.27710    0.98246    0.09144
1618.64941    0.94071    0.09691
1619.02271    1.02193    0.09877
1619.39502    1.03534    0.10025
1619.76855    1.02646    0.10545
1620.14111    0.99089    0.09869
1620.51379    0.87907    0.08646
1620.88757    1.00776    0.08775
1621.26038    0.89494    0.08876
1621.63428    0.98064    0.08402
1622.00732    0.79445    0.08621
1622.38135    0.92426    0.08943
1622.75464    1.02594    0.08831
1623.12781    1.05787    0.08368
1623.50208    0.93018    0.08199
1623.87561    0.85239    0.08786
1624.25012    1.09532    0.09622
1624.62378    1.14482    0.10400
1624.99841    1.04498    0.09776
1625.37219    0.99327    0.09034
1625.74609    0.86294    0.08837
1626.12097    1.09908    0.08626
1626.49512    0.76526    0.08066
1626.87024    0.99135    0.08447
1627.24451    1.01596    0.08378
1627.61975    1.11534    0.08633
1627.99414    0.80517    0.08436
1628.36865    0.91760    0.07979
1628.74426    1.09735    0.08047
1629.11890    1.05669    0.08906
1629.49451    0.98592    0.09637
1629.86938    0.94499    0.09146
1630.24524    0.99744    0.10101
1630.62024    1.01573    0.09788
1630.99536    0.94243    0.10149
1631.37146    0.87227    0.09362
1631.74670    0.95441    0.07910
1632.12305    1.00346    0.08413
1632.49854    1.05992    0.09317
1632.87500    1.05030    0.09671
1633.25073    1.08524    0.09010
1633.62634    0.93014    0.07847
1634.00305    0.93695    0.07815
1634.37891    0.98732    0.08154
1634.75586    1.02034    0.08761
1635.13196    1.02597    0.09811
1635.50903    1.04873    0.11653
1635.88525    1.24144    0.13414
1636.26160    1.16599    0.11953
1636.63892    0.76261    0.09457
1637.01538    1.17341    0.09357
1637.39282    1.04871    0.10370
1637.76953    1.06799    0.09549
1638.14722    0.97027    0.08691
1638.52405    1.11058    0.08201
1638.90100    1.03657    0.08805
1639.27893    1.14011    0.09121
1639.65601    1.01463    0.08690
1640.03418    1.07869    0.08289
1640.41150    1.13384    0.08462
1640.78967    1.02633    0.09037
1641.16711    0.93176    0.09614
1641.54565    0.88191    0.09173
1641.92334    0.88499    0.07998
1642.30103    0.93034    0.07756
1642.67969    0.88075    0.08826
1643.05762    0.77976    0.09514
1643.43652    0.94043    0.09002
1643.81458    0.90690    0.09288
1644.19360    0.98721    0.08907
1644.57178    0.98143    0.08241
1644.95020    1.08953    0.08352
1645.32947    1.06773    0.08614
1645.70801    1.00318    0.08496
1646.08752    1.02061    0.08426
1646.46619    1.15563    0.08663
1646.84583    1.13950    0.08400
1647.22473    1.01083    0.08005
1647.60364    1.01382    0.08055
1647.98364    0.95773    0.08978
1648.36267    0.82723    0.09636
1648.74280    0.96327    0.08849
1649.12219    0.91146    0.07793
1649.50232    0.97903    0.07935
1649.88184    0.97608    0.09058
