1410.23462    1.05800    0.17245
1410.55908    1.03306    0.17011
1410.88354    1.38047    0.17091
1411.20886    1.14969    0.17016
1411.53357    0.97821    0.17303
1411.85913    0.72141    0.17307
1412.18384    0.78033    0.17346
1412.50952    0.75847    0.17232
1412.83447    0.58494    0.16927
1413.15955    0.85495    0.16865
1413.48535    1.22904    0.16575
1413.81055    0.90707    0.15405
1414.13660    0.82453    0.14634
1414.46191    0.68055    0.14800
1414.78809    0.92474    0.16117
1415.11340    0.88267    0.16762
1415.43909    0.80055    0.17222
1415.76550    1.36335    0.17642
1416.09119    1.26939    0.17177
1416.41772    0.87941    0.16445
1416.74365    0.68014    0.15983
1417.07031    0.84032    0.15902
1417.39624    1.33371    0.16368
1417.72229    1.11944    0.15974
1418.04932    0.67093    0.15658
1418.37549    1.06493    0.15931
1418.70264    1.15262    0.16230
1419.02893    0.95518    0.16266
1419.35608    0.67209    0.16081
1419.68274    0.86192    0.16316
1420.00916    1.07234    0.16843
1420.33667    1.16613    0.17100
1420.66345    1.05901    0.16773
1420.99097    0.88818    0.16160
1421.31799    0.87458    0.16073
1421.64575    0.76281    0.16225
1421.97278    0.90667    0.16121
1422.29993    0.85210    0.16071
1422.62781    1.06457    0.16561
1422.95520    1.05829    0.16806
1423.28333    0.81329    0.17324
1423.61060    0.81719    0.17414
1423.93884    0.90732    0.16143
1424.26648    0.98767    0.16750
1424.59497    1.16115    0.17255
1424.92261    1.16963    0.16897
1425.25037    0.85220    0.15850
1425.57922    0.74442    0.15237
1425.90710    0.86967    0.15654
1426.23596    1.03141    0.16504
1426.56409    0.92569    0.17348
1426.89307    0.98196    0.17767
1427.22131    0.95158    0.17300
1427.54956    0.99595    0.16630
1427.87866    1.06955    0.16537
1428.20728    0.89569    0.16476
1428.53662    0.85395    0.16225
1428.86523    0.93158    0.15629
1429.19458    0.89583    0.15248
1429.52356    0.97402    0.15078
1429.85229    0.59725    0.14688
1430.18213    0.75378    0.14871
1430.51111    0.90304    0.15827
1430.84094    0.66693    0.17080
1431.17004    0.81853    0.17724
1431.50012    1.15103    0.17479
1431.82947    0.78141    0.16246
1432.15881    0.86570    0.15669
1432.48914    0.98373    0.15885
1432.81873    0.79378    0.16160
1433.14893    0.95128    0.16381
1433.47876    0.99560    0.15975
1433.80933    0.98387    0.15374
1434.13904    1.13879    0.15530
1434.46899    1.07388    0.15560
1434.79993    1.05180    0.15614
1435.13000    1.26386    0.15848
1435.46094    0.77655    0.15072
1435.79114    0.76639    0.15310
1436.12219    0.87175    0.15443
1436.45264    0.97300    0.15565
1436.78308    1.01994    0.15783
1437.11426    0.84891    0.15695
1437.44495    0.74502    0.15315
1437.77637    0.70406    0.14853
1438.10718    1.00352    0.14603
1438.43884    1.05211    0.14592
1438.76978    0.91353    0.14317
1439.10071    0.86376    0.14087
1439.43250    0.86568    0.13785
1439.76379    0.88453    0.13375
1440.09570    0.83018    0.13290
1440.42700    0.75788    0.13360
1440.75903    0.55748    0.13558
1441.09070    0.57718    0.13721
1441.42200    0.91301    0.13894
1441.75452    0.89483    0.13979
1442.08618    1.04228    0.14091
1442.41870    1.30305    0.14403
1442.75049    1.04100    0.14248
1443.08325    0.80687    0.14454
1443.41516    0.97405    0.14879
1443.74731    0.96464    0.15372
1444.08020    0.80328    0.15888
1444.41235    0.69675    0.16095
1444.74548    0.63638    0.15867
1445.07776    0.82071    0.15839
1445.41101    0.78791    0.15673
1445.74353    0.38895    0.15725
1446.07629    0.69090    0.15812
1446.40955    0.75600    0.15194
1446.74243    0.71647    0.14197
1447.07593    0.75668    0.13457
1447.40881    1.16813    0.14082
1447.74268    0.87742    0.14306
1448.07568    0.81193    0.14972
1448.40894    0.79010    0.15311
1448.74292    0.76549    0.15604
1449.07605    0.67613    0.15807
1449.41028    0.79654    0.15833
1449.74377    0.98208    0.15781
1450.07812    0.90052    0.15539
1450.41162    0.96707    0.15340
1450.74609    0.64245    0.15055
1451.07983    0.83637    0.15110
1451.41370    0.91203    0.14780
1451.74829    1.08211    0.14341
1452.08228    0.59686    0.13674
1452.41711    0.59179    0.13733
1452.75134    0.80729    0.14347
1453.08630    0.99194    0.14721
1453.42065    1.02815    0.14726
1453.75500    0.72914    0.14691
1454.09009    0.62804    0.14920
1454.42456    1.01246    0.15455
1454.76013    1.06530    0.16219
1455.09473    1.31513    0.17034
1455.43018    0.66325    0.16465
1455.76501    0.68935    0.15167
1456.09998    0.52850    0.14103
1456.43579    0.88447    0.13951
1456.77075    0.52296    0.14088
1457.10681    0.74490    0.14527
1457.44189    0.55742    0.14730
1457.77808    0.53236    0.15279
1458.11340    1.05039    0.16453
1458.44885    0.99331    0.17024
1458.78516    0.71180    0.17069
1459.12073    1.01044    0.16787
1459.45728    1.01577    0.16304
1459.79285    0.56105    0.15631
1460.12952    0.44140    0.15836
1460.46545    1.21477    0.16918
1460.80139    1.05076    0.16904
1461.13843    1.04247    0.16527
1461.47449    1.19215    0.16487
1461.81140    0.82478    0.16598
1462.14771    0.69551    0.16639
1462.48486    1.05008    0.16443
1462.82129    1.12387    0.15479
1463.15796    0.93434    0.15077
1463.49524    0.94887    0.15103
1463.83203    0.78642    0.15105
1464.16943    1.02585    0.15670
1464.50635    1.14780    0.16948
1464.84399    1.35627    0.16514
1465.18103    0.77645    0.15723
1465.51807    0.89321    0.15461
1465.85608    0.96901    0.15838
1466.19324    0.95805    0.15186
1466.53125    0.72589    0.13959
1466.86877    0.73727    0.13240
1467.20703    0.87739    0.13334
1467.54443    0.81451    0.13679
1467.88208    1.01414    0.14418
1468.22058    1.07855    0.14878
1468.55835    0.91310    0.14835
1468.89697    0.69289    0.14737
1469.23486    0.68976    0.14823
1469.57373    0.93695    0.14976
1469.91187    0.94390    0.14975
1470.25000    0.92865    0.14885
1470.58899    0.76273    0.14913
1470.92725    0.52906    0.15195
1471.26648    0.72973    0.15580
1471.60498    0.89239    0.15355
1471.94434    0.77144    0.14959
1472.28296    0.74919    0.14710
1472.62170    0.68606    0.14662
1472.96118    1.00285    0.15129
1473.30017    0.98306    0.14525
1473.63989    0.71380    0.13955
1473.97876    0.66526    0.13834
1474.31860    0.74022    0.14420
1474.65784    1.01494    0.15050
1474.99707    0.82060    0.14966
1475.33728    0.90270    0.14683
1475.67676    0.84091    0.14597
1476.01697    0.76258    0.15404
1476.35645    0.94648    0.16877
1476.69690    1.02708    0.17663
1477.03662    0.89433    0.16424
1477.37732    0.61918    0.14738
1477.71716    0.57467    0.14138
1478.05701    0.72655    0.14894
1478.39795    1.07524    0.17235
1478.73792    0.85824    0.17658
1479.07898    0.86914    0.16653
1479.41919    0.46256    0.14718
1479.76038    0.54132    0.14409
1480.10083    1.00994    0.14671
1480.44128    0.99367    0.14802
1480.78271    0.84459    0.14920
1481.12341    0.83508    0.16805
1481.46484    0.81213    0.17286
1481.80579    0.95162    0.16927
1482.14746    1.03698    0.17075
1482.48828    0.94231    0.15973
1482.82935    0.71054    0.16693
1483.17139    0.76552    0.16366
1483.51257    1.05158    0.15925
1483.85474    1.06109    0.15852
1484.19604    1.04354    0.15068
1484.53821    0.59118    0.14924
1484.87976    1.60943    0.15648
1485.22144    1.49444    0.16238
1485.56384    1.06902    0.15851
1485.90564    1.22397    0.15215
1486.24829    0.82193    0.14450
1486.59009    0.68124    0.15047
1486.93298    0.99928    0.15238
1487.27502    0.97389    0.14848
1487.61719    1.20440    0.17025
1487.96033    0.96022    0.17067
1488.30249    1.10541    0.16024
1488.64575    1.12154    0.15431
1488.98816    1.20272    0.14727
1489.33154    1.03413    0.14403
1489.67407    1.02318    0.14436
1490.01697    0.93554    0.14318
1490.36035    0.96973    0.14350
1490.70325    0.94743    0.14248
1491.04700    0.87499    0.14105
1491.39001    0.95111    0.14154
1491.73401    0.77065    0.14021
1492.07715    0.69077    0.14320
1492.42041    0.95779    0.14946
1492.76465    0.95156    0.14922
1493.10791    1.07244    0.14753
1493.45227    0.87049    0.14363
1493.79590    0.54691    0.14442
1494.14026    0.69617    0.14884
1494.48401    0.71353    0.14885
1494.82776    0.91154    0.14650
1495.17261    1.18263    0.14227
1495.51648    0.94160    0.13555
1495.86133    0.75620    0.13436
1496.20544    1.08590    0.14277
1496.55054    1.20223    0.15031
1496.89490    1.04664    0.14925
1497.23914    0.82690    0.14349
1497.58447    0.51255    0.14000
1497.92883    0.78098    0.14494
1498.27429    0.91357    0.15365
1498.61914    1.03266    0.15460
1498.96460    1.16457    0.14911
1499.30945    0.87406    0.14101
1499.65430    1.03688    0.14251
1500.00024    1.00171    0.15019
1500.34534    0.94578    0.15626
1500.69128    1.04629    0.15713
1501.03650    0.87461    0.15169
1501.38257    0.84355    0.14977
1501.72803    1.10293    0.14996
1502.07349    0.93632    0.15067
1502.41980    1.17122    0.15030
1502.76550    0.82919    0.14461
1503.11194    0.89871    0.14432
1503.45764    0.92572    0.14228
1503.80444    0.89892    0.14027
1504.15039    0.70339    0.13834
1504.49731    0.81952    0.13945
1504.84338    0.88169    0.14297
1505.18958    0.89030    0.14286
1505.53674    0.87650    0.14724
1505.88293    0.90418    0.15100
1506.23022    0.80191    0.14823
1506.57678    0.67988    0.14210
1506.92419    0.84157    0.13843
1507.27075    1.00219    0.14268
1507.61755    1.01370    0.14733
1507.96521    0.84605    0.14830
1508.31213    1.05521    0.14772
1508.66003    1.02120    0.14556
1509.00708    0.85074    0.14176
1509.35498    1.08572    0.14258
1509.70227    1.01294    0.14298
1510.04944    0.87175    0.14342
1510.39771    1.10510    0.14622
1510.74524    0.78361    0.14505
1511.09363    0.68005    0.14526
1511.44116    1.25185    0.14839
1511.78967    1.28921    0.15018
1512.13745    0.75166    0.14852
1512.48535    0.58869    0.14620
1512.83423    0.57867    0.14635
1513.18225    0.67409    0.14730
1513.53113    0.58874    0.15032
1513.87939    0.77303    0.15913
1514.22839    1.25662    0.16109
1514.57678    1.12294    0.15874
1514.92517    1.24285    0.15037
1515.27454    1.34636    0.14486
1515.62305    0.95526    0.13841
1515.97253    1.07098    0.13818
1516.32141    1.28125    0.14204
1516.67090    1.14704    0.14521
1517.02002    1.00784    0.14670
1517.36890    0.91908    0.14393
1517.71887    1.04873    0.14465
1518.06787    1.38203    0.14901
1518.41809    1.24752    0.15258
1518.76733    1.17709    0.14909
1519.11768    0.82548    0.13993
1519.46692    1.21731    0.13616
1519.81665    1.19321    0.13353
1520.16699    1.46048    0.14249
1520.51672    1.53428    0.14464
1520.86731    1.22143    0.13894
1521.21716    1.05754    0.13152
1521.56799    1.11195    0.12768
1521.91809    1.14608    0.12419
1522.26819    0.98795    0.12356
1522.61926    1.14377    0.12647
1522.96960    1.26343    0.13257
1523.32068    1.13424    0.13222
1523.67126    1.16348    0.12848
1524.02258    0.90321    0.12239
1524.37305    0.96718    0.12155
1524.72388    0.98014    0.12435
1525.07532    0.99904    0.12670
1525.42615    1.15147    0.12574
1525.77795    1.22320    0.11926
1526.12903    0.96766    0.11548
1526.48096    0.90064    0.11340
1526.83215    1.11770    0.11657
1527.18323    1.03893    0.11384
1527.53552    1.08598    0.10768
1527.88684    1.20867    0.10734
1528.23914    1.27910    0.10752
1528.59082    1.16853    0.10860
1528.94324    0.85324    0.10777
1529.29492    0.74581    0.10293
1529.64771    1.01187    0.09917
1529.99951    1.16794    0.10168
1530.35144    1.03489    0.10576
1530.70447    0.99370    0.10660
1531.05664    0.89839    0.09794
1531.40955    1.09776    0.09343
1531.76184    0.87988    0.09153
1532.11511    0.74845    0.09318
1532.46753    0.54322    0.09169
1532.82019    0.57187    0.08977
1533.17371    0.76665    0.09050
1533.52625    0.98696    0.09241
1533.87988    1.06899    0.09311
1534.23279    0.98220    0.09302
1534.58655    1.04049    0.09341
1534.93958    1.16087    0.09399
1535.29272    1.16389    0.10351
1535.64673    1.19883    0.10426
1536.00000    1.12787    0.09809
1536.35425    1.24927    0.09886
1536.70776    1.02452    0.09694
1537.06201    1.03295    0.09999
1537.41565    0.93900    0.09804
1537.76941    0.50991    0.09287
1538.12390    0.15918    0.09060
1538.47778    0.32248    0.09370
1538.83252    0.76515    0.09896
1539.18652    0.82720    0.10210
1539.54150    1.13794    0.10413
1539.89563    1.21839    0.10198
1540.24988    1.23220    0.09810
1540.60510    1.19805    0.09557
1540.95947    1.34664    0.09972
1541.31494    1.50190    0.10332
1541.66943    1.10570    0.09884
1542.02490    0.99318    0.09753
1542.37964    1.16775    0.09894
1542.73450    0.97924    0.09557
1543.09033    0.99213    0.09069
1543.44519    1.02241    0.09534
1543.80115    0.69069    0.08762
1544.15637    0.68815    0.07653
1544.51233    0.53268    0.07278
1544.86768    0.78225    0.07182
1545.22302    1.02004    0.07085
1545.57935    0.78640    0.06961
1545.93494    0.94914    0.07266
1546.29150    0.84755    0.07361
1546.64709    0.72959    0.07089
1547.00378    0.89140    0.06700
1547.35974    0.97551    0.06476
1547.71570    1.03545    0.06312
1548.07263    1.12098    0.06335
1548.42871    1.12024    0.06413
1548.78564    1.21074    0.06545
1549.14209    1.29126    0.06449
1549.49927    1.33212    0.06268
1549.85583    1.28561    0.06222
1550.21216    1.41262    0.06468
1550.56970    1.26885    0.06543
1550.92639    1.17361    0.06647
1551.28418    1.14972    0.06515
1551.64099    0.95550    0.06453
1551.99890    0.98417    0.06543
1552.35596    1.01030    0.06606
1552.71289    0.98669    0.06542
1553.07092    0.98517    0.06551
1553.42834    0.93783    0.06612
1553.78650    0.93469    0.06816
1554.14404    0.94041    0.07082
1554.50232    0.94139    0.07133
1554.85986    0.99118    0.07253
1555.21753    0.86498    0.07492
1555.57629    0.92599    0.07597
1555.93408    0.79242    0.07396
1556.29297    0.72367    0.07471
1556.65088    1.03665    0.08012
1557.00989    1.04460    0.08689
1557.36816    1.08302    0.09874
1557.72729    1.06692    0.10227
1558.08557    0.92247    0.10189
1558.44397    1.07649    0.09846
1558.80347    1.14273    0.10223
1559.16199    0.97500    0.10345
1559.52148    1.13413    0.10289
1559.88025    1.20715    0.10055
1560.23987    0.99067    0.10065
1560.59888    1.09642    0.10303
1560.95789    1.26851    0.10437
1561.31787    1.04994    0.10227
1561.67700    0.97989    0.10332
1562.03723    1.02007    0.10552
1562.39648    0.93352    0.10656
1562.75684    1.12996    0.10806
1563.11633    1.23989    0.10769
1563.47595    1.19344    0.11007
1563.83643    0.99114    0.11199
1564.19617    0.81397    0.11265
1564.55688    1.03837    0.11174
1564.91687    1.02342    0.10851
1565.27783    0.96475    0.11111
1565.63770    1.28069    0.10799
1565.99792    0.88250    0.10642
1566.35901    0.85354    0.10364
1566.71948    0.94921    0.10582
1567.08081    1.02562    0.10568
1567.44116    0.96701    0.10779
1567.80261    1.07590    0.11216
1568.16333    1.18633    0.11849
1568.52405    0.92624    0.12061
1568.88574    1.01765    0.13340
1569.24670    1.04412    0.12845
1569.60864    1.05813    0.12574
1569.96973    0.91714    0.12398
1570.33167    0.83129    0.11484
1570.69287    1.04869    0.11600
1571.05420    1.15392    0.11854
1571.41650    0.97950    0.11789
1571.77808    0.91963    0.11651
1572.14050    0.94372    0.11894
1572.50208    0.96111    0.11620
1572.86475    0.78976    0.11359
1573.22668    1.06191    0.11433
1573.58862    0.88228    0.11345
1573.95129    0.92767    0.11380
1574.31348    1.02672    0.11620
1574.67651    1.01861    0.12122
1575.03882    0.95087    0.12591
1575.40198    1.02576    0.12780
1575.76440    1.12552    0.12645
1576.12683    0.90801    0.12334
1576.49048    0.79158    0.12196
1576.85303    0.73032    0.12321
1577.21655    0.87259    0.12637
1577.57947    1.05603    0.12782
1577.94324    0.95944    0.12394
1578.30627    0.85826    0.12117
1578.66943    0.92984    0.12502
1579.03345    0.84622    0.12539
1579.39673    1.17406    0.12444
1579.76086    1.04942    0.12506
1580.12427    1.08387    0.12997
1580.48865    0.97524    0.13245
1580.85229    0.96385    0.13145
1581.21582    0.72061    0.13815
1581.58057    1.00425    0.13623
1581.94446    1.13808    0.12377
1582.30920    1.09613    0.12595
1582.67322    1.05095    0.12320
1583.03809    0.90635    0.11841
1583.40234    0.84183    0.11578
1583.76648    0.86090    0.11576
1584.13171    0.91539    0.11673
1584.49634    0.85190    0.11933
1584.86169    0.77045    0.11959
1585.22620    1.04795    0.11971
1585.59167    0.85216    0.11833
1585.95642    0.96288    0.11825
1586.32227    0.74671    0.11823
1586.68713    0.83832    0.11862
1587.05225    0.97522    0.12229
1587.41809    0.65495    0.12040
1587.78333    0.98864    0.12389
1588.14941    0.72806    0.12120
1588.51477    0.79090    0.12151
1588.88110    0.97487    0.12268
1589.24670    1.25775    0.12674
1589.61218    1.10583    0.13601
1589.97876    0.94845    0.13385
1590.34460    1.05212    0.12408
1590.71130    1.04119    0.12108
1591.07727    0.82131    0.11923
1591.44409    0.88893    0.12348
1591.81030    0.93054    0.12911
1592.17651    0.77553    0.12657
1592.54358    1.01668    0.12382
1592.91003    0.85749    0.11751
1593.27734    0.89478    0.12457
1593.64380    0.82094    0.13373
1594.01135    0.81836    0.15458
1594.37793    0.83059    0.14608
1594.74475    1.26198    0.13592
1595.11243    0.82923    0.11653
1595.47949    0.84268    0.12069
1595.84741    0.85075    0.12873
1596.21460    0.87531    0.13290
1596.58252    0.77034    0.12330
1596.94995    0.91586    0.11934
1597.31726    0.69856    0.11871
1597.68555    0.88107    0.12170
1598.05322    1.09579    0.12423
1598.42163    1.09710    0.12041
1598.78931    1.07120    0.11790
1599.15808    0.85972    0.11849
1599.52588    0.76694    0.12063
1599.89392    0.93876    0.12262
1600.26282    1.11031    0.12347
1600.63098    0.92312    0.12354
1601.00012    0.62157    0.12134
1601.36841    0.88360    0.12061
1601.73767    0.88214    0.12044
1602.10620    0.80204    0.11789
1602.47461    0.76765    0.11688
1602.84424    0.76179    0.12043
1603.21289    1.02922    0.12934
1603.58264    0.78211    0.12933
1603.95166    0.95969    0.12465
1604.32141    0.80207    0.11549
1604.69055    0.91214    0.11696
1605.05969    1.00404    0.11877
1605.42969    0.92326    0.11969
1605.79919    1.11656    0.11910
1606.16943    1.07700    0.11863
1606.53894    0.95696    0.12287
1606.90930    0.93614    0.12810
1607.27905    0.92251    0.12813
1607.64868    0.99395    0.12502
1608.01953    0.83390    0.12243
1608.38940    0.85647    0.12005
1608.76038    0.95993    0.11901
1609.13049    0.86973    0.11855
1609.50146    0.84006    0.11793
1609.87183    1.01305    0.11942
1610.24207    0.96373    0.12169
1610.61340    0.90890    0.12272
1610.98389    1.12212    0.12306
1611.35547    0.69074    0.11994
1611.72607    0.83062    0.12439
1612.09778    1.42476    0.13167
1612.46875    1.19465    0.12796
1612.83960    0.86694    0.11930
1613.21155    0.88725    0.11643
1613.58264    1.03809    0.11904
1613.95471    1.02466    0.13257
1614.32593    0.91651    0.13183
1614.69824    0.77201    0.12062
1615.06970    0.93285    0.12420
1615.44214    0.74406    0.12349
1615.81384    0.93417    0.12629
1616.18542    0.79041    0.12779
1616.55811    1.22636    0.12974
1616.93005    1.05600    0.12466
1617.30286    0.98071    0.12098
1617.67493    0.98180    0.12032
1618.04797    1.15666    0.12322
1618.42017    0.70019    0.12619
1618.79260    0.76044    0.13141
1619.16577    1.10302    0.13579
1619.53833    0.93794    0.13336
1619.91174    0.85426    0.12624
1620.28442    0.93796    0.11926
1620.65808    0.96629    0.11728
1621.03088    0.68235    0.11767
1621.40393    0.80660    0.12496
1621.77771    1.14177    0.13479
1622.15076    0.94032    0.13472
1622.52478    1.00708    0.13547
1622.89819    0.87339    0.12878
1623.27234    1.03463    0.12422
1623.64575    0.75449    0.11723
1624.01929    0.78351    0.11411
1624.39380    0.92741    0.11362
1624.76746    0.72976    0.11150
1625.14221    0.89379    0.11236
1625.51599    0.65829    0.11298
1625.89087    0.93164    0.11599
1626.26489    0.82799    0.11652
1626.63904    1.05324    0.11179
1627.01404    0.87432    0.10678
1627.38843    0.76466    0.10869
1627.76379    0.80556    0.11787
1628.13806    1.11653    0.12801
1628.51355    0.73721    0.12579
1628.88831    0.74387    0.11835
1629.26294    1.05840    0.11350
1629.63879    1.05156    0.11119
1630.01355    0.95911    0.11086
1630.38940    1.09620    0.11504
1630.76453    0.90197    0.11517
1631.14050    0.73331    0.11200
1631.51587    0.81622    0.11101
1631.89124    0.83393    0.11215
1632.26746    1.02132    0.11452
1632.64307    0.88590    0.11621
1633.01953    1.01334    0.11751
1633.39514    0.79182    0.11577
1633.77173    1.01765    0.11789
1634.14758    1.25265    0.11832
1634.52356    1.06430    0.11697
1634.90051    0.94016    0.11573
1635.27649    0.80712    0.11390
1635.65369    0.99004    0.11089
1636.02991    1.21492    0.11021
1636.40723    1.08232    0.11252
1636.78369    1.03021    0.11707
1637.16016    1.43335    0.12451
1637.53784    1.27738    0.12607
1637.91443    1.34935    0.12566
1638.29224    1.11330    0.12127
1638.66895    1.18941    0.11942
1639.04700    1.16883    0.11964
1639.42395    1.13829    0.11807
1639.80103    1.22266    0.11712
1640.17932    1.13862    0.12575
1640.55664    1.10844    0.12623
1640.93481    0.96500    0.12604
1641.31226    1.12064    0.11494
1641.69092    1.11416    0.11935
1642.06848    1.11106    0.12212
1642.44629    1.01984    0.12005
1642.82507    0.91564    0.11602
1643.20300    0.70996    0.11425
1643.58191    0.64790    0.11318
1643.95996    0.88826    0.11295
1644.33911    0.93715    0.11099
1644.71741    0.82634    0.11042
1645.09668    0.63565    0.11014
1645.47510    0.82783    0.10942
1645.85364    1.00406    0.10691
1646.23303    0.77341    0.10172
1646.61182    0.90253    0.11679
1646.99158    0.69675    0.12574
1647.37048    0.90040    0.11706
1647.75037    1.22931    0.11093
1648.12927    1.06992    0.10598
1648.50854    0.84218    0.10565
1648.88867    0.78857    0.11051
1649.26807    0.96779    0.11464
1649.64819    0.76281    0.11357
