1410.04797    1.07973    0.03761
1410.37231    1.04158    0.03650
1410.69678    0.84614    0.03349
1411.02209    0.76366    0.03220
1411.34668    0.86100    0.03377
1411.67212    1.00713    0.03635
1411.99695    1.09486    0.03762
1412.32251    1.16627    0.03823
1412.64734    1.03972    0.03691
1412.97314    1.09492    0.03726
1413.29822    1.11011    0.03740
1413.62329    1.05601    0.03708
1413.94934    1.06343    0.03717
1414.27466    1.02039    0.03654
1414.60059    1.06764    0.03697
1414.92603    1.07667    0.03709
1415.25244    1.06748    0.03669
1415.57800    1.04144    0.03639
1415.90369    1.02198    0.03611
1416.23022    1.10360    0.03695
1416.55591    1.03213    0.03610
1416.88257    1.07617    0.03700
1417.20862    1.13963    0.03813
1417.53540    1.13149    0.03776
1417.86145    1.09383    0.03720
1418.18762    1.07738    0.03716
1418.51465    1.03373    0.03717
1418.84106    1.02868    0.03669
1419.16821    0.99421    0.03609
1419.49475    0.98380    0.03576
1419.82202    1.04816    0.03655
1420.14856    1.02958    0.03637
1420.47534    1.02521    0.03653
1420.80298    1.03454    0.03662
1421.12976    1.05809    0.03707
1421.45740    1.05969    0.03751
1421.78442    1.03821    0.03662
1422.11230    1.06323    0.03677
1422.43945    0.96400    0.03613
1422.76660    1.01792    0.03595
1423.09485    1.07407    0.03720
1423.42224    1.04428    0.03642
1423.75049    1.03197    0.03693
1424.07800    1.10445    0.03751
1424.40625    1.07622    0.03768
1424.73401    1.01116    0.03666
1425.06189    1.00757    0.03632
1425.39038    1.03847    0.03633
1425.71826    1.03058    0.03663
1426.04700    1.01599    0.03638
1426.37512    1.03220    0.03672
1426.70410    1.03074    0.03624
1427.03223    1.03028    0.03700
1427.36047    1.02342    0.03622
1427.68970    1.00968    0.03615
1428.01819    1.05186    0.03662
1428.34753    1.06533    0.03686
1428.67590    1.01403    0.03645
1429.00549    1.01323    0.03626
1429.33423    1.03896    0.03662
1429.66309    1.00940    0.03622
1429.99268    1.00784    0.03609
1430.32166    1.02918    0.03606
1430.65149    1.01412    0.03608
1430.98059    1.03084    0.03646
1431.31055    1.04484    0.03586
1431.63989    1.00589    0.03603
1431.96912    1.02567    0.03594
1432.29944    1.01755    0.03581
1432.62891    1.00792    0.03623
1432.95935    0.94165    0.03496
1433.28894    0.89437    0.03448
1433.61951    0.89181    0.03315
1433.94934    0.70809    0.03077
1434.27905    0.62852    0.02974
1434.60986    0.69092    0.03073
1434.93994    0.84126    0.03267
1435.27075    0.94919    0.03455
1435.60107    0.94953    0.03444
1435.93201    0.94549    0.03430
1436.26233    0.77790    0.03166
1436.59265    0.74734    0.03161
1436.92407    0.79422    0.03174
1437.25452    0.86832    0.03365
1437.58606    0.96127    0.03466
1437.91675    0.94430    0.03461
1438.24841    0.90679    0.03414
1438.57922    0.72805    0.03103
1438.91101    0.65249    0.03026
1439.24194    0.73277    0.03164
1439.57300    0.82398    0.03323
1439.90503    0.91124    0.03464
1440.23621    0.93647    0.03498
1440.56824    0.92298    0.03426
1440.89978    0.81724    0.03309
1441.23193    0.69203    0.03122
1441.56360    0.68033    0.03062
1441.89514    0.76655    0.03197
1442.22766    0.90943    0.03475
1442.55945    0.92678    0.03532
1442.89209    0.92793    0.03410
1443.22412    0.96414    0.03527
1443.55688    0.97248    0.03494
1443.88892    0.94985    0.03467
1444.22119    0.95306    0.03501
1444.55408    0.99656    0.03590
1444.88647    1.01799    0.03657
1445.21960    1.01542    0.03585
1445.55212    1.01719    0.03573
1445.88562    0.96869    0.03473
1446.21814    0.82430    0.03245
1446.55078    0.70634    0.03096
1446.88428    0.62230    0.02896
1447.21729    0.59702    0.02925
1447.55103    0.68947    0.03083
1447.88403    0.85035    0.03297
1448.21790    0.80312    0.03248
1448.55103    0.81945    0.03226
1448.88428    0.76873    0.03127
1449.21826    0.67565    0.03034
1449.55176    0.68589    0.02970
1449.88599    0.68653    0.03019
1450.21960    0.82410    0.03204
1450.55396    0.86230    0.03324
1450.88770    0.91788    0.03399
1451.22144    0.99119    0.03526
1451.55603    0.95930    0.03455
1451.89001    0.92076    0.03445
1452.22485    1.00958    0.03535
1452.55884    0.97608    0.03463
1452.89380    0.94515    0.03446
1453.22815    0.95372    0.03414
1453.56250    0.94107    0.03406
1453.89758    1.00045    0.03499
1454.23206    0.93694    0.03430
1454.56738    0.93587    0.03438
1454.90198    0.95016    0.03460
1455.23755    0.94562    0.03493
1455.57239    0.96738    0.03497
1455.90710    0.99974    0.03497
1456.24292    0.96539    0.03468
1456.57788    1.00014    0.03456
1456.91370    0.97888    0.03485
1457.24902    0.98342    0.03495
1457.58496    1.10052    0.03691
1457.92029    0.99930    0.03561
1458.25574    0.97776    0.03527
1458.59204    1.00696    0.03585
1458.92761    0.99664    0.03501
1459.26404    0.97686    0.03506
1459.59973    1.00601    0.03536
1459.93628    1.00024    0.03565
1460.27209    0.97098    0.03559
1460.60791    1.00160    0.03531
1460.94482    0.97858    0.03556
1461.28101    0.94540    0.03499
1461.61792    0.99521    0.03545
1461.95410    0.96326    0.03485
1462.29126    0.97204    0.03506
1462.62769    0.98024    0.03457
1462.96411    1.01234    0.03543
1463.30139    1.04071    0.03586
1463.63818    1.02226    0.03605
1463.97571    1.01074    0.03583
1464.31238    0.92568    0.03461
1464.65002    0.90546    0.03449
1464.98694    0.98383    0.03544
1465.32495    0.99926    0.03550
1465.66199    0.90231    0.03525
1465.99915    1.01160    0.03613
1466.33704    0.97825    0.03556
1466.67444    1.01498    0.03640
1467.01270    1.00128    0.03591
1467.35022    0.98448    0.03588
1467.68860    1.07669    0.03628
1468.02625    1.00476    0.03535
1468.36389    0.92839    0.03450
1468.70239    0.94890    0.03510
1469.04041    0.96428    0.03496
1469.37915    0.97568    0.03527
1469.71716    1.02215    0.03574
1470.05603    0.95671    0.03428
1470.39429    0.90944    0.03372
1470.73254    0.94400    0.03430
1471.07166    0.95962    0.03390
1471.41016    0.93322    0.03420
1471.74939    0.93675    0.03390
1472.08801    0.97718    0.03453
1472.42749    0.97847    0.03465
1472.76611    0.95119    0.03411
1473.10498    0.90502    0.03369
1473.44458    0.93034    0.03389
1473.78357    1.03694    0.03504
1474.12354    0.98551    0.03485
1474.46265    1.00470    0.03515
1474.80261    1.07542    0.03620
1475.14185    1.04840    0.03608
1475.48120    0.97241    0.03501
1475.82141    0.99925    0.03471
1476.16101    1.04627    0.03549
1476.50134    0.99370    0.03501
1476.84094    0.93341    0.03432
1477.18164    0.94187    0.03445
1477.52136    0.97554    0.03440
1477.86133    0.97919    0.03461
1478.20215    1.03561    0.03502
1478.54224    1.05932    0.03527
1478.88318    1.05481    0.03498
1479.22339    0.97263    0.03398
1479.56445    0.96762    0.03411
1479.90491    1.11700    0.03578
1480.24524    1.02503    0.03469
1480.58667    1.06446    0.03514
1480.92712    0.99107    0.03450
1481.26868    0.96136    0.03402
1481.60950    1.00911    0.03420
1481.95117    0.99148    0.03416
1482.29211    0.98521    0.03403
1482.63306    0.97973    0.03393
1482.97498    0.95021    0.03319
1483.31616    0.93635    0.03374
1483.65820    0.99777    0.03412
1483.99951    1.08350    0.03501
1484.34167    0.99539    0.03422
1484.68323    0.97157    0.03416
1485.02466    0.95959    0.03373
1485.36707    0.96969    0.03423
1485.70886    0.99863    0.03428
1486.05151    1.02001    0.03458
1486.39331    1.05798    0.03549
1486.73608    1.05735    0.03493
1487.07812    1.03302    0.03473
1487.42017    1.00646    0.03449
1487.76331    0.98799    0.03379
1488.10547    0.98023    0.03378
1488.44861    0.98124    0.03410
1488.79102    0.97358    0.03417
1489.13440    0.99075    0.03421
1489.47693    0.96017    0.03339
1489.81958    0.92060    0.03291
1490.16309    0.95217    0.03322
1490.50586    0.93730    0.03345
1490.84961    0.93630    0.03314
1491.19250    0.93252    0.03334
1491.53650    0.91518    0.03239
1491.87964    0.88181    0.03261
1492.22363    0.83960    0.03177
1492.56702    0.80548    0.03130
1492.91016    0.74604    0.02982
1493.25452    0.76945    0.03022
1493.59802    0.65436    0.02825
1493.94250    0.52237    0.02727
1494.28613    0.62491    0.02788
1494.63074    0.58128    0.02733
1494.97449    0.52665    0.02682
1495.31848    0.58528    0.02758
1495.66333    0.60072    0.02727
1496.00745    0.56191    0.02705
1496.35229    0.58666    0.02724
1496.69653    0.57401    0.02735
1497.04175    0.54456    0.02652
1497.38611    0.58933    0.02698
1497.73059    0.56097    0.02646
1498.07605    0.47840    0.02535
1498.42053    0.49787    0.02556
1498.76611    0.51593    0.02576
1499.11096    0.42610    0.02405
1499.45654    0.37454    0.02288
1499.80151    0.32048    0.02161
1500.14648    0.24111    0.02055
1500.49243    0.17899    0.01910
1500.83765    0.11712    0.01747
1501.18372    0.14557    0.01751
1501.52905    0.14430    0.01787
1501.87537    0.13519    0.01780
1502.22083    0.14348    0.01805
1502.56653    0.13870    0.01805
1502.91284    0.11901    0.01829
1503.25867    0.13256    0.01785
1503.60535    0.12674    0.01769
1503.95117    0.15876    0.01820
1504.29797    0.20619    0.01946
1504.64417    0.19491    0.01948
1504.99023    0.20308    0.01943
1505.33740    0.21566    0.01978
1505.68359    0.23640    0.02049
1506.03076    0.26083    0.02046
1506.37732    0.29974    0.02124
1506.72461    0.36451    0.02230
1507.07129    0.42037    0.02312
1507.41809    0.43161    0.02399
1507.76562    0.42718    0.02421
1508.11243    0.43544    0.02408
1508.46021    0.42919    0.02408
1508.80725    0.38503    0.02330
1509.15515    0.36840    0.02299
1509.50232    0.27514    0.02168
1509.84961    0.24006    0.02007
1510.19788    0.22272    0.01986
1510.54517    0.20195    0.02172
1510.89343    0.22393    0.02140
1511.24109    0.24744    0.01930
1511.58960    0.21137    0.01896
1511.93738    0.17836    0.01834
1512.28516    0.15914    0.01775
1512.63391    0.12953    0.01765
1512.98181    0.09388    0.01720
1513.33081    0.10665    0.01641
1513.67883    0.07611    0.01650
1514.02795    0.09452    0.01692
1514.37622    0.11450    0.01716
1514.72449    0.10242    0.01630
1515.07397    0.09346    0.01626
1515.42249    0.09320    0.01624
1515.77185    0.08751    0.01590
1516.12048    0.05029    0.01597
1516.47021    0.04780    0.01586
1516.81909    0.08701    0.01552
1517.16797    0.09262    0.01594
1517.51794    0.04838    0.01487
1517.86707    0.08076    0.01511
1518.21704    0.07835    0.01487
1518.56628    0.07292    0.01521
1518.91650    0.08614    0.01496
1519.26587    0.08334    0.01537
1519.61621    0.08813    0.01519
1519.96582    0.09771    0.01520
1520.31543    0.12567    0.01509
1520.66602    0.11848    0.01523
1521.01587    0.10617    0.01522
1521.36658    0.13803    0.01556
1521.71667    0.10361    0.01489
1522.06750    0.17555    0.01642
1522.41760    0.22275    0.01707
1522.76782    0.29131    0.01903
1523.11890    0.38725    0.02102
1523.46948    0.43429    0.02216
1523.82068    0.46443    0.02132
1524.17126    0.44986    0.02124
1524.52271    0.48679    0.02183
1524.87341    0.56269    0.02274
1525.22424    0.63995    0.02431
1525.57593    0.70917    0.02471
1525.92700    0.76729    0.02548
1526.27881    0.82264    0.02668
1526.62988    0.88208    0.02721
1526.98193    0.94670    0.02815
1527.33325    1.02384    0.02911
1527.68457    1.08572    0.02992
1528.03687    1.04072    0.02929
1528.38843    1.00224    0.02867
1528.74084    1.02047    0.02850
1529.09253    1.04553    0.02870
1529.44507    1.06472    0.02881
1529.79688    1.09917    0.02905
1530.14893    1.09690    0.02893
1530.50183    1.07944    0.02874
1530.85376    1.05292    0.02829
1531.20679    1.06332    0.02781
1531.55908    1.05754    0.02746
1531.91223    0.98445    0.02661
1532.26477    1.01765    0.02639
1532.61719    1.01443    0.02653
1532.97058    0.99026    0.02581
1533.32324    1.00394    0.02627
1533.67688    1.02579    0.02590
1534.02954    0.98911    0.02547
1534.38342    0.96223    0.02524
1534.73645    1.01657    0.02551
1535.08948    1.05596    0.02640
1535.44336    1.03780    0.02565
1535.79663    1.01207    0.02516
1536.15088    1.02338    0.02542
1536.50415    0.99131    0.02495
1536.85852    0.99202    0.02474
1537.21204    0.97454    0.02456
1537.56567    0.98901    0.02424
1537.92029    1.00376    0.02444
1538.27405    0.95547    0.02368
1538.62878    0.98432    0.02394
1538.98267    0.96853    0.02358
1539.33765    0.96997    0.02385
1539.69177    0.97838    0.02400
1540.04602    0.96718    0.02352
1540.40112    0.95188    0.02330
1540.75537    0.96812    0.02319
1541.11072    0.98448    0.02343
1541.46521    0.95161    0.02302
1541.82068    0.95559    0.02319
1542.17542    1.00113    0.02337
1542.53027    1.00914    0.02378
1542.88586    1.02768    0.02374
1543.24084    1.00256    0.02348
1543.59668    1.00665    0.02358
1543.95190    1.03540    0.02382
1544.30774    1.02249    0.02339
1544.66309    0.97030    0.02315
1545.01843    1.03839    0.02375
1545.37476    1.01950    0.02357
1545.73022    1.06510    0.02430
1546.08667    1.08092    0.02435
1546.44226    1.04800    0.02424
1546.79895    1.07256    0.02431
1547.15491    1.03773    0.02416
1547.51147    0.99638    0.02341
1547.86755    0.94746    0.02303
1548.22363    0.95237    0.02303
1548.58069    1.01675    0.02393
1548.93689    1.05557    0.02450
1549.29407    1.02882    0.02452
1549.65051    1.07120    0.02482
1550.00781    1.06335    0.02511
1550.36450    1.04220    0.02493
1550.72119    1.04796    0.02518
1551.07874    1.05602    0.02528
1551.43555    1.08985    0.02571
1551.79321    1.02942    0.02562
1552.15027    1.01385    0.02511
1552.50818    0.99043    0.02528
1552.86536    0.96465    0.02495
1553.22253    1.00617    0.02537
1553.58069    0.94366    0.02484
1553.93811    0.97773    0.02561
1554.29651    0.94043    0.02510
1554.65405    0.97119    0.02623
1555.01245    1.03760    0.02641
1555.37036    0.95321    0.02621
1555.72803    1.01864    0.02647
1556.08679    0.95784    0.02590
1556.44482    0.96079    0.02640
1556.80383    0.97153    0.02615
1557.16199    0.93673    0.02610
1557.52100    0.94086    0.02618
1557.87915    0.96831    0.02673
1558.23767    0.96331    0.02679
1558.59705    0.98521    0.02750
1558.95544    0.99412    0.02778
1559.31506    0.99919    0.02806
1559.67383    1.03628    0.02863
1560.03345    0.96809    0.02786
1560.39221    0.98025    0.02806
1560.75134    1.02517    0.02859
1561.11108    1.01663    0.02909
1561.47034    0.99456    0.02866
1561.83032    1.03451    0.02950
1562.18970    1.00010    0.02897
1562.54980    1.01323    0.02956
1562.90930    1.02537    0.02997
1563.26892    1.03664    0.03005
1563.62939    1.03733    0.03001
1563.98914    1.00724    0.02957
1564.34973    1.02300    0.02993
1564.70972    1.04885    0.03056
1565.07043    1.06146    0.03042
1565.43054    0.99995    0.03005
1565.79065    0.88869    0.02820
1566.15173    0.81558    0.02732
1566.51196    0.75572    0.02642
1566.87317    0.82293    0.02738
1567.23364    0.89007    0.02864
1567.59509    0.96157    0.02967
1567.95569    1.01367    0.03009
1568.31641    1.00278    0.03035
1568.67798    1.08382    0.03136
1569.03894    1.00785    0.03052
1569.40063    1.08812    0.03232
1569.76172    1.12848    0.03186
1570.12378    1.02862    0.03173
1570.48499    1.01373    0.03115
1570.84619    1.05186    0.03191
1571.20837    1.03720    0.03226
1571.56995    1.03813    0.03238
1571.93225    1.00950    0.03158
1572.29395    0.97358    0.03110
1572.65649    0.99570    0.03130
1573.01831    0.90924    0.03036
1573.38025    0.87408    0.02964
1573.74304    0.94072    0.03002
1574.10498    1.04619    0.03208
1574.46802    1.08431    0.03222
1574.83020    1.03269    0.03189
1575.19336    1.06423    0.03237
1575.55579    1.04956    0.03201
1575.91907    1.03822    0.03196
1576.28162    1.03666    0.03197
1576.64429    1.04222    0.03190
1577.00769    1.05782    0.03211
1577.37061    1.04066    0.03188
1577.73438    1.09984    0.03250
1578.09729    1.06876    0.03219
1578.46118    1.04730    0.03230
1578.82434    1.08349    0.03234
1579.18750    1.06487    0.03255
1579.55176    1.04648    0.03235
1579.91504    1.04151    0.03168
1580.27930    1.00333    0.03194
1580.64294    0.99973    0.03147
1581.00745    1.02818    0.03209
1581.37109    1.02165    0.03197
1581.73499    1.08229    0.03229
1582.09961    1.03662    0.03193
1582.46362    1.01061    0.03166
1582.82849    1.00452    0.03136
1583.19263    1.01068    0.03171
1583.55774    1.06199    0.03257
1583.92200    1.07039    0.03233
1584.28650    1.05684    0.03227
1584.65173    1.06201    0.03230
1585.01624    1.05565    0.03206
1585.38184    1.06497    0.03233
1585.74646    1.11276    0.03323
1586.11218    1.00880    0.03214
1586.47705    1.04152    0.03191
1586.84204    1.04592    0.03227
1587.20789    0.99467    0.03164
1587.57300    0.97697    0.03105
1587.93921    1.02761    0.03147
1588.30444    1.03004    0.03151
1588.67078    0.99639    0.03110
1589.03613    1.02489    0.03143
1589.40173    1.04190    0.03202
1589.76831    0.98788    0.03075
1590.13403    0.94975    0.03083
1590.50061    1.03960    0.03146
1590.86658    1.02215    0.03152
1591.23340    0.99675    0.03099
1591.59949    0.97232    0.03066
1591.96558    0.95713    0.03055
1592.33264    0.99333    0.03104
1592.69897    0.99176    0.03143
1593.06641    1.00226    0.03149
1593.43286    0.95407    0.03088
1593.80017    0.96166    0.03092
1594.16699    1.01840    0.03106
1594.53357    0.98347    0.03145
1594.90125    1.01268    0.03144
1595.26819    0.99880    0.03128
1595.63611    1.00618    0.03092
1596.00317    1.00716    0.03131
1596.37122    0.96759    0.03030
1596.73840    0.94718    0.03035
1597.10571    1.02738    0.03092
1597.47400    0.95860    0.03048
1597.84155    0.93608    0.02969
1598.20996    0.95303    0.02994
1598.57764    0.96584    0.03022
1598.94641    0.99950    0.03084
1599.31421    0.96594    0.03054
1599.68201    1.00827    0.03101
1600.05090    1.02577    0.03178
1600.41907    1.00788    0.03087
1600.78809    0.99671    0.03130
1601.15637    1.00950    0.03129
1601.52551    1.03160    0.03114
1601.89392    0.97527    0.03050
1602.26257    1.02094    0.03092
1602.63196    1.05340    0.03212
1603.00073    0.99077    0.03094
1603.37036    0.94684    0.03034
1603.73926    0.92531    0.03008
1604.10901    0.96882    0.03092
1604.47803    0.99974    0.03109
1604.84802    1.01687    0.03130
1605.21716    1.04020    0.03133
1605.58655    1.02975    0.03176
1605.95667    0.92149    0.03193
1606.32617    0.94989    0.03487
1606.69653    0.95475    0.03373
1607.06628    0.96961    0.03385
1607.43677    1.01747    0.03347
1607.80652    1.00526    0.03212
1608.17651    0.99710    0.03108
1608.54736    0.97747    0.03086
1608.91736    0.99580    0.03060
1609.28845    0.98184    0.03088
1609.65857    0.95788    0.03074
1610.02979    1.02086    0.03089
1610.40015    0.99006    0.03114
1610.77051    0.99996    0.03110
1611.14197    1.02510    0.03148
1611.51270    1.00785    0.03087
1611.88428    0.96713    0.03102
1612.25513    0.97806    0.03134
1612.62683    1.01849    0.03157
1612.99780    1.02980    0.03233
1613.36902    1.04917    0.03202
1613.74109    1.01971    0.03167
1614.11218    0.97423    0.03100
1614.48438    1.02228    0.03170
1614.85583    1.01514    0.03149
1615.22815    1.00984    0.03106
1615.59973    0.98017    0.03079
1615.97144    0.98875    0.03056
1616.34412    1.03600    0.03179
1616.71594    1.01491    0.03173
1617.08875    0.94877    0.03016
1617.46069    1.02701    0.03131
1617.83374    1.03406    0.03109
1618.20593    0.97052    0.03063
1618.57825    0.95212    0.03029
1618.95154    1.00676    0.03148
1619.32385    1.03270    0.03157
1619.69727    0.97794    0.03128
1620.06995    1.00601    0.03134
1620.44348    1.01697    0.03116
1620.81628    0.98057    0.03079
1621.18921    1.02592    0.03139
1621.56287    0.99563    0.03114
1621.93604    1.00496    0.03106
1622.31006    0.97438    0.03072
1622.68323    0.97221    0.03104
1623.05737    1.01991    0.03117
1623.43079    1.02510    0.03176
1623.80420    1.05431    0.03216
1624.17871    1.00168    0.03143
1624.55237    1.00650    0.03173
1624.92700    1.02966    0.03162
1625.30090    0.99309    0.03126
1625.67566    0.94553    0.02993
1626.04968    0.99414    0.03098
1626.42358    1.02948    0.03140
1626.79871    1.02549    0.03129
1627.17285    1.04336    0.03128
1627.54822    1.06575    0.03150
1627.92249    1.02499    0.03186
1628.29785    1.06357    0.03165
1628.67249    1.01925    0.03117
1629.04724    0.99207    0.03091
1629.42297    0.99618    0.03080
1629.79773    0.99793    0.03117
1630.17358    1.00056    0.03103
1630.54858    1.00749    0.03113
1630.92456    0.97464    0.03059
1631.29980    0.97806    0.03061
1631.67590    0.99500    0.03099
1632.05127    0.99489    0.03127
1632.42676    1.00432    0.03084
1632.80322    1.01543    0.03115
1633.17883    1.03540    0.03121
1633.55542    1.05006    0.03139
1633.93127    1.01464    0.03167
1634.30798    0.97165    0.03105
1634.68396    1.01942    0.03162
1635.06006    1.05176    0.03185
1635.43713    1.04191    0.03207
1635.81335    1.01613    0.03206
1636.19055    1.02055    0.03151
1636.56702    1.02731    0.03157
1636.94434    0.98136    0.03095
1637.32080    1.01028    0.03146
1637.69763    0.99373    0.03119
1638.07520    0.97259    0.03035
1638.45203    0.98351    0.03084
1638.82983    1.01431    0.03135
1639.20691    1.02573    0.03143
1639.58484    1.00884    0.03121
1639.96204    1.04071    0.03166
1640.33936    1.02386    0.03140
1640.71753    1.01744    0.03157
1641.09497    1.02823    0.03132
1641.47339    0.96890    0.03103
1641.85107    1.01195    0.03126
1642.22974    0.99196    0.03128
1642.60754    0.96401    0.03027
1642.98547    0.97837    0.03096
1643.36426    0.99692    0.03122
1643.74231    0.96085    0.03082
1644.12134    0.96080    0.03140
1644.49951    1.01772    0.03229
1644.87866    0.96651    0.03067
1645.25720    0.92684    0.03000
1645.63562    0.97831    0.03057
1646.01526    0.98993    0.03075
1646.39380    0.99230    0.03059
1646.77344    0.94320    0.03003
1647.15234    0.91375    0.02936
1647.53210    0.91347    0.02956
1647.91125    0.94240    0.03037
1648.29016    0.99719    0.03105
1648.67041    0.95373    0.03019
1649.04968    0.92377    0.03008
1649.42981    0.92498    0.03040
1649.80933    0.95212    0.03047
