1410.01062    1.64263    0.14049
1410.33582    1.48896    0.13611
1410.66028    1.77862    0.13725
1410.98474    1.26777    0.12983
1411.31018    1.50380    0.13535
1411.63477    1.49154    0.13433
1411.96033    1.34053    0.12928
1412.28516    1.54120    0.13211
1412.61084    1.65799    0.13464
1412.93579    1.55805    0.13730
1413.26086    1.41899    0.14233
1413.58667    1.27637    0.15185
1413.91199    1.55652    0.16012
1414.23804    1.43518    0.14993
1414.56323    1.44258    0.13851
1414.88940    1.31557    0.13008
1415.21497    1.44720    0.13574
1415.54053    1.33390    0.14257
1415.86707    1.53083    0.14936
1416.19275    1.41896    0.14234
1416.51929    1.35207    0.13423
1416.84509    1.34247    0.13106
1417.17175    1.30311    0.13278
1417.49780    1.35764    0.14636
1417.82483    1.45658    0.15357
1418.15100    1.59328    0.15344
1418.47717    1.35946    0.14293
1418.80432    1.43198    0.14000
1419.13062    1.38997    0.13540
1419.45789    1.43238    0.13013
1419.78442    1.39387    0.13021
1420.11182    1.39222    0.13911
1420.43848    1.31766    0.14866
1420.76526    1.37332    0.14865
1421.09290    1.33106    0.13740
1421.41992    1.20883    0.12641
1421.74768    1.32269    0.12404
1422.07471    1.37443    0.12383
1422.40271    1.15956    0.12247
1422.72974    1.37636    0.12854
1423.05713    1.37908    0.12828
1423.38525    1.17216    0.12301
1423.71277    1.38731    0.12894
1424.04114    1.40685    0.13051
1424.36877    1.15247    0.13086
1424.69714    1.10774    0.12823
1425.02490    1.33920    0.12881
1425.35278    1.15637    0.12657
1425.68127    0.99013    0.12423
1426.00940    1.17811    0.12537
1426.33826    1.29338    0.12541
1426.66626    1.24582    0.12162
1426.99524    1.24069    0.12169
1427.32349    1.16991    0.12284
1427.65186    1.23068    0.12423
1427.98120    1.03286    0.12195
1428.30957    1.21310    0.12534
1428.63904    1.08919    0.12587
1428.96765    1.15750    0.12448
1429.29724    1.16624    0.12048
1429.62598    1.23551    0.11959
1429.95496    1.21803    0.11818
1430.28455    1.05824    0.11732
1430.61353    0.99491    0.11675
1430.94348    1.05094    0.12182
1431.27271    1.15393    0.12320
1431.60278    1.16507    0.12064
1431.93213    0.76948    0.11080
1432.26160    1.07206    0.11912
1432.59180    0.95079    0.12246
1432.92139    1.08668    0.12822
1433.25171    1.04288    0.12691
1433.58154    0.83997    0.11960
1433.91211    1.01923    0.11590
1434.24194    1.12870    0.14313
1434.57190    1.10931    0.14263
1434.90271    1.22192    0.11660
1435.23279    1.32935    0.11909
1435.56372    1.15801    0.11728
1435.89404    1.01238    0.11658
1436.22522    1.17487    0.12556
1436.55566    1.12549    0.12569
1436.88599    1.02703    0.12340
1437.21741    1.07055    0.12075
1437.54797    1.21899    0.11726
1437.87952    0.90204    0.11010
1438.21033    0.90772    0.10976
1438.54187    0.99486    0.11183
1438.87292    1.17285    0.11440
1439.20386    1.29749    0.11611
1439.53577    0.88897    0.11055
1439.86694    0.79313    0.11215
1440.19897    0.87300    0.11677
1440.53040    0.84527    0.11832
1440.86243    1.25813    0.12567
1441.19397    1.13140    0.12469
1441.52551    1.05045    0.12094
1441.85779    1.03315    0.11789
1442.18958    0.95200    0.11623
1442.52209    0.85208    0.11715
1442.85388    0.87537    0.11671
1443.18665    0.81942    0.11350
1443.51868    0.89190    0.11089
1443.85156    1.01698    0.11269
1444.18372    1.01068    0.11246
1444.51599    1.05431    0.11572
1444.84912    1.05174    0.11993
1445.18140    0.84139    0.12155
1445.51465    0.90058    0.12449
1445.84729    1.13362    0.12554
1446.18066    0.80246    0.11984
1446.51331    1.00580    0.12073
1446.84607    0.94970    0.11861
1447.17981    1.05299    0.11906
1447.51270    1.00611    0.11505
1447.84656    0.94086    0.11012
1448.17969    0.83844    0.10715
1448.51355    0.96241    0.10936
1448.84668    0.99805    0.10901
1449.17993    0.69443    0.10617
1449.51416    0.79122    0.10768
1449.84766    0.95873    0.11032
1450.18201    0.83173    0.10762
1450.51562    0.92334    0.10797
1450.85010    1.05189    0.11053
1451.18384    1.02238    0.11182
1451.51770    0.85693    0.10977
1451.85242    0.90632    0.11093
1452.18652    0.85602    0.11369
1452.52124    0.86392    0.11695
1452.85547    0.84133    0.11388
1453.19043    0.80656    0.11335
1453.52478    0.89076    0.11675
1453.85913    0.87777    0.11573
1454.19434    0.71068    0.11360
1454.52893    0.92609    0.11307
1454.86426    1.04300    0.11127
1455.19910    0.91935    0.10719
1455.53455    0.99855    0.10849
1455.86951    1.01517    0.10740
1456.20435    0.95837    0.10911
1456.54028    0.85050    0.10892
1456.87524    1.08109    0.11045
1457.21130    0.75683    0.10495
1457.54639    0.82877    0.10372
1457.88257    0.85642    0.10543
1458.21790    0.88304    0.10614
1458.55347    0.81993    0.10696
1458.88965    0.81318    0.10645
1459.22522    0.87216    0.11089
1459.56177    0.94451    0.11594
1459.89758    0.93554    0.11863
1460.23425    0.79013    0.11679
1460.57007    0.73237    0.11303
1460.90613    0.78929    0.10950
1461.24304    0.79051    0.10743
1461.57922    0.99014    0.10769
1461.91626    0.81127    0.10389
1462.25256    0.79203    0.10238
1462.58972    0.69807    0.10418
1462.92615    0.83720    0.10972
1463.26282    0.80181    0.11386
1463.60010    0.91254    0.11371
1463.93689    0.78702    0.11162
1464.27441    0.67653    0.10929
1464.61133    0.77403    0.10778
1464.94910    1.02375    0.10516
1465.28613    0.85953    0.10259
1465.62305    0.73267    0.10168
1465.96118    0.87322    0.10689
1466.29834    0.78026    0.11081
1466.63647    0.90564    0.11066
1466.97388    0.83069    0.12770
1467.31213    0.84960    0.12623
1467.64966    1.04359    0.11079
1467.98828    0.86560    0.10501
1468.32581    0.68627    0.10022
1468.66357    0.86675    0.10483
1469.00232    0.66155    0.10656
1469.34033    0.81319    0.10905
1469.67908    0.92546    0.12111
1470.01709    0.81739    0.12851
1470.35620    0.87100    0.12677
1470.69446    0.98441    0.12205
1471.03284    0.90795    0.12110
1471.37207    0.79526    0.11510
1471.71045    0.88634    0.11323
1472.04980    0.96294    0.10969
1472.38855    0.74478    0.10151
1472.72803    0.85279    0.10220
1473.06677    0.77544    0.10300
1473.40564    0.74079    0.10426
1473.74548    0.82928    0.10290
1474.08447    0.72318    0.09878
1474.42444    0.97214    0.10175
1474.76367    0.72116    0.09885
1475.10364    0.91528    0.10436
1475.44299    0.91174    0.10269
1475.78247    1.07109    0.10555
1476.12280    0.99093    0.10441
1476.46228    0.73663    0.10339
1476.80273    0.81243    0.10351
1477.14258    0.84299    0.10530
1477.48315    0.59886    0.10169
1477.82300    0.59494    0.10421
1478.16296    0.84304    0.11549
1478.50391    0.76044    0.11480
1478.84399    0.92230    0.11112
1479.18506    0.64681    0.10074
1479.52539    0.73355    0.09763
1479.86646    0.68220    0.09954
1480.20691    0.55747    0.10014
1480.54749    0.69033    0.10049
1480.88892    0.77365    0.09765
1481.22949    0.85007    0.09786
1481.57104    0.74659    0.09981
1481.91199    0.63031    0.09861
1482.25366    0.63043    0.09746
1482.59460    0.79534    0.09695
1482.93567    0.91653    0.09893
1483.27771    0.76445    0.09680
1483.61890    0.66901    0.09891
1483.96106    0.54030    0.09914
1484.30237    0.67980    0.10476
1484.64465    0.89224    0.10801
1484.98621    0.71419    0.10569
1485.32788    0.66359    0.10462
1485.67041    0.72204    0.10309
1486.01208    0.51647    0.11834
1486.35474    0.77950    0.12028
1486.69678    0.70674    0.11526
1487.03955    0.79871    0.10158
1487.38171    0.77165    0.10585
1487.72375    0.65056    0.10734
1488.06689    0.62844    0.10708
1488.40918    0.69313    0.10473
1488.75244    0.69529    0.10124
1489.09497    0.62520    0.09709
1489.43835    0.74541    0.09629
1489.78101    0.89038    0.09867
1490.12366    0.76946    0.12863
1490.46729    0.65251    0.12561
1490.81018    0.79925    0.10692
1491.15393    0.76897    0.09905
1491.49707    0.90483    0.09981
1491.84094    0.80582    0.09939
1492.18408    0.62259    0.09761
1492.52734    0.77476    0.09950
1492.87158    0.87818    0.09960
1493.21497    0.72895    0.09792
1493.55933    0.81458    0.09859
1493.90295    0.84814    0.09742
1494.24744    0.62727    0.09232
1494.59119    0.50439    0.08839
1494.93591    0.52821    0.09200
1495.27979    0.63630    0.09728
1495.62366    0.79635    0.10350
1495.96875    0.68855    0.10205
1496.31274    0.58341    0.09432
1496.65771    0.70637    0.09705
1497.00208    0.76135    0.10026
1497.34729    0.72131    0.10463
1497.69177    0.61305    0.10301
1498.03625    0.57821    0.09519
1498.38184    0.60577    0.09139
1498.72644    0.53597    0.09079
1499.07202    0.55599    0.09293
1499.41687    0.56529    0.09318
1499.76270    0.53321    0.09268
1500.10767    0.45837    0.09147
1500.45288    0.49083    0.09350
1500.79883    0.56751    0.09643
1501.14404    0.60020    0.10146
1501.49023    0.49399    0.10392
1501.83569    0.42344    0.09993
1502.18201    0.54351    0.09277
1502.52747    0.26980    0.08435
1502.87317    0.10775    0.08435
1503.21973    0.47622    0.09578
1503.56567    0.43403    0.10018
1503.91235    0.50610    0.09580
1504.25830    0.39192    0.08720
1504.60510    0.45919    0.08650
1504.95129    0.35372    0.08411
1505.29749    0.36805    0.08455
1505.64453    0.62380    0.08687
1505.99097    0.41473    0.08689
1506.33826    0.53952    0.08889
1506.68481    0.61132    0.09055
1507.03223    0.51694    0.09312
1507.37891    0.57743    0.09793
1507.72559    0.60954    0.09714
1508.07324    0.57051    0.09123
1508.42029    0.54051    0.08643
1508.76819    0.51076    0.08342
1509.11511    0.64821    0.08536
1509.46313    0.51136    0.08451
1509.81055    0.42886    0.08881
1510.15784    0.52302    0.09274
1510.50598    0.48121    0.09113
1510.85352    0.30765    0.08585
1511.20190    0.54502    0.08978
1511.54956    0.52342    0.08961
1511.89819    0.51508    0.08618
1512.24597    0.54295    0.08475
1512.59375    0.34756    0.08475
1512.94275    0.54950    0.08907
1513.29065    0.48150    0.09094
1513.63965    0.59155    0.09222
1513.98792    0.64123    0.09041
1514.33691    0.66793    0.08834
1514.68542    0.71086    0.08967
1515.03381    0.55432    0.08921
1515.38318    0.53089    0.09118
1515.73181    0.59728    0.09511
1516.08142    0.63140    0.09982
1516.43018    0.78695    0.10503
1516.77979    0.63345    0.10273
1517.12878    0.58791    0.09574
1517.47766    0.66029    0.09176
1517.82764    0.67960    0.09273
1518.17688    0.54566    0.09588
1518.52686    0.44753    0.09456
1518.87634    0.54871    0.09196
1519.22644    0.61616    0.09881
1519.57605    0.27017    0.09430
1519.92554    0.33618    0.09363
1520.27600    0.36126    0.08517
1520.62585    0.37961    0.08301
1520.97656    0.41743    0.08669
1521.32642    0.18834    0.09078
1521.67712    0.27063    0.09382
1522.02722    0.37483    0.09306
1522.37830    0.16691    0.08857
1522.72839    0.17103    0.08881
1523.07874    0.15058    0.08886
1523.42981    0.15257    0.08511
1523.78040    0.06513    0.07578
1524.13171    0.24839    0.07536
1524.48242    0.12835    0.07532
1524.83398    0.33000    0.08213
1525.18481    0.31324    0.08619
1525.53552    0.25381    0.08884
1525.88733    0.31766    0.08846
1526.23840    0.24391    0.08339
1526.59033    0.28955    0.07943
1526.94153    0.29642    0.07788
1527.29358    0.37337    0.07721
1527.64502    0.31693    0.07533
1527.99646    0.49443    0.07802
1528.34888    0.35978    0.07659
1528.70044    0.36719    0.07794
1529.05298    0.48324    0.08001
1529.40466    0.50675    0.08272
1529.75732    0.58827    0.08451
1530.10925    0.60296    0.08500
1530.46130    0.58703    0.08448
1530.81409    0.68730    0.08410
1531.16626    0.67564    0.08128
1531.51941    0.53368    0.07828
1531.87183    0.70019    0.07797
1532.22498    0.71683    0.07945
1532.57751    0.51096    0.07931
1532.93005    0.70822    0.08308
1533.28345    0.62883    0.08162
1533.63635    0.88257    0.08289
1533.98987    0.83337    0.08330
1534.34277    0.74684    0.08500
1534.69666    0.86536    0.08641
1535.04968    0.84257    0.08581
1535.40283    1.17479    0.08830
1535.75684    1.15850    0.08747
1536.11023    1.09039    0.08682
1536.46448    1.27699    0.08959
1536.81787    1.27914    0.08908
1537.17224    1.16205    0.08558
1537.52588    1.19293    0.08595
1537.87952    1.18182    0.08717
1538.23425    1.05403    0.08428
1538.58801    1.04819    0.08392
1538.94287    1.04374    0.08547
1539.29700    0.91096    0.08525
1539.65186    1.05149    0.08739
1540.00610    0.95055    0.08555
1540.36035    0.82902    0.08414
1540.71545    0.95994    0.08645
1541.07007    1.06831    0.08699
1541.42542    0.94839    0.08118
1541.77991    0.99776    0.08019
1542.13550    0.99636    0.07953
1542.49036    0.89078    0.07867
1542.84509    1.02116    0.07951
1543.20081    0.95421    0.07922
1543.55591    1.16573    0.08277
1543.91187    0.84233    0.07962
1544.26697    0.91627    0.08254
1544.62317    0.86573    0.08502
1544.97852    0.88423    0.08396
1545.33386    0.89182    0.08107
1545.69031    0.85524    0.08020
1546.04578    0.99615    0.08111
1546.40234    1.02262    0.08139
1546.75806    0.96719    0.08085
1547.11475    1.08228    0.08504
1547.47070    1.12644    0.08655
1547.82666    1.04639    0.08362
1548.18359    0.92025    0.07950
1548.53967    0.90146    0.07948
1548.89673    0.99344    0.08282
1549.25305    0.90903    0.08441
1549.61047    0.95906    0.08518
1549.96692    0.92211    0.08311
1550.32422    1.06232    0.08246
1550.68103    0.92433    0.07949
1551.03760    0.83849    0.07818
1551.39526    0.83491    0.07928
1551.75220    0.98981    0.08485
1552.11011    1.06904    0.08800
1552.46716    0.84132    0.08093
1552.82507    0.91504    0.07999
1553.18237    0.96355    0.08107
1553.53967    1.03975    0.08613
1553.89783    0.99559    0.08808
1554.25537    0.98129    0.08575
1554.61377    0.93437    0.08262
1554.97144    1.07287    0.08395
1555.33008    1.21976    0.08574
1555.68774    1.07197    0.08712
1556.04578    1.00483    0.08592
1556.40454    1.03623    0.08451
1556.76257    0.90580    0.07924
1557.12146    0.95777    0.08099
1557.47986    1.11009    0.08264
1557.83887    1.15789    0.08692
1558.19727    0.90056    0.08435
1558.55566    1.09315    0.08800
1558.91516    1.04884    0.09215
1559.27380    1.14836    0.09914
1559.63330    0.98761    0.10020
1559.99207    1.14716    0.10028
1560.35181    0.87158    0.09353
1560.71082    1.03686    0.09225
1561.06982    1.03213    0.08929
1561.42981    0.91616    0.08631
1561.78906    1.09562    0.08861
1562.14917    1.05776    0.08839
1562.50842    0.92575    0.08596
1562.86890    1.19724    0.08686
1563.22839    1.00467    0.08504
1563.58801    1.03435    0.08425
1563.94861    1.13108    0.08632
1564.30835    1.15864    0.08725
1564.66907    1.09393    0.08708
1565.02905    1.10017    0.08612
1565.38989    1.14059    0.08693
1565.75012    1.04360    0.08791
1566.11035    1.13027    0.08913
1566.47144    1.25505    0.09037
1566.83179    1.14221    0.08893
1567.19312    1.18192    0.09104
1567.55359    1.25483    0.09439
1567.91504    1.13609    0.09285
1568.27576    1.03762    0.08836
1568.63660    1.01024    0.08508
1568.99829    1.14772    0.08624
1569.35913    0.94097    0.08342
1569.72107    1.07177    0.08629
1570.08228    1.21259    0.08903
1570.44434    1.17328    0.08723
1570.80554    1.03591    0.08447
1571.16687    0.94604    0.08327
1571.52930    0.93709    0.08319
1571.89075    0.93385    0.08413
1572.25330    1.12841    0.09284
1572.61487    1.01226    0.09299
1572.97766    1.05246    0.08915
1573.33936    1.03607    0.08452
1573.70129    1.06180    0.08545
1574.06433    1.17869    0.08547
1574.42639    1.03955    0.08369
1574.78943    1.05070    0.08337
1575.15161    1.14341    0.08490
1575.51501    0.99450    0.08288
1575.87744    1.00750    0.08249
1576.23999    1.17549    0.08578
1576.60339    1.17967    0.08656
1576.96619    1.04238    0.08283
1577.32983    0.94419    0.08042
1577.69263    0.84944    0.08102
1578.05640    0.89192    0.08324
1578.41943    1.10387    0.08713
1578.78345    1.08370    0.08641
1579.14661    1.25962    0.08610
1579.50989    1.11495    0.08173
1579.87402    1.05825    0.08066
1580.23755    1.06597    0.08239
1580.60193    0.96016    0.08065
1580.96558    0.84613    0.08090
1581.33020    1.13788    0.08944
1581.69385    1.21252    0.09164
1582.05786    1.09976    0.08748
1582.42261    0.91095    0.08528
1582.78674    1.10573    0.08729
1583.15161    0.91626    0.08490
1583.51587    0.90741    0.08166
1583.88086    0.92904    0.08170
1584.24536    0.90429    0.08287
1584.60974    0.91254    0.08231
1584.97510    0.94713    0.08487
1585.33984    1.03643    0.08734
1585.70544    1.07553    0.08688
1586.07019    1.18623    0.08636
1586.43604    0.87030    0.08178
1586.80090    0.94174    0.08381
1587.16602    1.00945    0.08658
1587.53198    1.00371    0.08753
1587.89722    0.96279    0.08631
1588.26331    0.87264    0.08629
1588.62866    1.11167    0.09055
1588.99500    1.19882    0.09326
1589.36060    1.12962    0.09194
1589.72620    1.17409    0.09063
1590.09290    1.06945    0.08903
1590.45850    0.97110    0.08879
1590.82532    1.10099    0.08866
1591.19128    1.16049    0.08687
1591.55823    1.09247    0.08591
1591.92444    1.18131    0.08573
1592.29053    0.98196    0.08268
1592.65784    1.05001    0.08404
1593.02417    1.15346    0.08792
1593.39160    1.18853    0.08820
1593.75806    0.87810    0.08355
1594.12561    1.04764    0.08505
1594.49231    1.00021    0.08489
1594.85913    1.19916    0.10504
1595.22693    1.25023    0.10686
1595.59387    1.10817    0.10750
1595.96179    0.89559    0.08828
1596.32898    1.14914    0.09143
1596.69714    1.16362    0.08985
1597.06433    1.00233    0.08584
1597.43176    0.80069    0.08340
1597.80017    1.12948    0.08876
1598.16772    1.16790    0.09400
1598.53625    1.06631    0.09560
1598.90393    1.06027    0.09485
1599.27271    1.02116    0.09206
1599.64062    0.90278    0.08910
1600.00867    1.09140    0.09159
1600.37769    0.91186    0.08908
1600.74573    0.99401    0.09236
1601.11487    0.85392    0.09431
1601.48315    1.12750    0.09428
1601.85242    0.92634    0.08717
1602.22095    1.15799    0.08904
1602.58960    1.22012    0.08966
1602.95911    1.11880    0.08645
1603.32788    1.15410    0.08692
1603.69763    1.11250    0.08536
1604.06665    1.01724    0.08342
1604.43640    0.96394    0.08201
1604.80554    0.99270    0.08080
1605.17468    0.98115    0.08140
1605.54492    1.11406    0.08454
1605.91418    1.18286    0.08635
1606.28455    1.04462    0.08379
1606.65405    1.06475    0.08339
1607.02454    0.95948    0.08245
1607.39429    0.92761    0.08529
1607.76489    0.88259    0.08548
1608.13477    0.94809    0.08627
1608.50476    0.95573    0.08639
1608.87573    0.80555    0.08528
1609.24585    0.96822    0.08870
1609.61682    0.87638    0.08865
1609.98718    0.91640    0.08830
1610.35840    0.89433    0.08690
1610.72888    0.95182    0.08606
1611.09949    0.94892    0.08499
1611.47095    1.06167    0.08397
1611.84167    1.04917    0.08186
1612.21326    0.91787    0.08173
1612.58435    1.02585    0.08349
1612.95605    1.00484    0.08200
1613.32715    1.02154    0.08361
1613.69824    0.89141    0.08146
1614.07043    0.91496    0.08344
1614.44177    1.08350    0.08846
1614.81396    0.85181    0.08636
1615.18542    1.01243    0.08474
1615.55786    1.06717    0.08438
1615.92969    1.01398    0.08369
1616.30139    0.93284    0.08217
1616.67407    0.98726    0.08154
1617.04602    1.14529    0.08475
1617.41895    1.03252    0.08377
1617.79102    1.13788    0.08344
1618.16406    1.09144    0.07921
1618.53625    0.82233    0.07487
1618.90857    0.97216    0.07758
1619.28198    1.04505    0.08266
1619.65442    1.17826    0.08674
1620.02795    1.03634    0.08586
1620.40063    1.14669    0.08501
1620.77441    1.10713    0.08193
1621.14709    1.17571    0.08370
1621.52014    1.14750    0.08533
1621.89404    0.98698    0.08330
1622.26721    1.04123    0.08229
1622.64124    1.05206    0.08166
1623.01453    1.10811    0.08257
1623.38867    1.07002    0.08139
1623.76221    0.99022    0.07944
1624.13574    0.96436    0.07886
1624.51038    0.92029    0.07921
1624.88403    1.05768    0.08080
1625.25867    1.13720    0.08389
1625.63269    1.12820    0.08763
1626.00745    0.96571    0.08924
1626.38159    0.60541    0.08453
1626.75574    0.32795    0.07523
1627.13086    0.30582    0.07306
1627.50513    0.74826    0.07900
1627.88037    1.01519    0.08530
1628.25488    1.10919    0.08613
1628.63037    1.09477    0.08121
1629.00500    1.00724    0.07935
1629.37976    1.11846    0.08104
1629.75549    1.21350    0.08285
1630.13049    1.25795    0.08419
1630.50635    1.12422    0.08369
1630.88135    1.21365    0.08694
1631.25757    1.23302    0.09158
1631.63281    0.97751    0.09195
1632.00806    1.05652    0.09291
1632.38440    1.01925    0.09471
1632.76001    1.02393    0.09739
1633.13647    1.07976    0.09773
1633.51221    1.08338    0.09082
1633.88892    1.00928    0.08345
1634.26477    1.12282    0.08379
1634.64075    1.00389    0.08209
1635.01770    1.02542    0.08224
1635.39380    1.21152    0.08273
1635.77087    1.02366    0.08147
1636.14722    1.05878    0.08409
1636.52454    1.16962    0.08895
1636.90100    1.22178    0.09264
1637.27844    0.93404    0.08925
1637.65515    0.92680    0.08666
1638.03198    1.24060    0.08727
1638.40955    1.03278    0.08113
1638.78650    1.26315    0.08202
1639.16443    0.98132    0.07706
1639.54150    1.03915    0.07745
1639.91956    0.99641    0.07734
1640.29688    0.94255    0.07694
1640.67419    1.08931    0.08095
1641.05261    0.91284    0.08524
1641.43005    1.05910    0.09089
1641.80859    1.14915    0.08995
1642.18628    1.06841    0.08218
1642.56494    0.93751    0.07915
1642.94275    0.92065    0.07900
1643.32080    0.96671    0.07758
1643.69971    0.91510    0.07456
1644.07788    0.69401    0.07183
1644.45691    0.47672    0.06855
1644.83533    0.55315    0.06862
1645.21460    0.47186    0.06806
1645.59302    0.65237    0.06980
1645.97168    0.70956    0.06964
1646.35120    0.76499    0.07053
1646.72986    0.75458    0.07178
1647.10962    0.66525    0.07252
1647.48853    0.47046    0.07159
1647.86841    0.29477    0.06715
1648.24756    0.58631    0.07046
1648.62671    0.58697    0.07026
1649.00684    0.76719    0.07217
1649.38623    0.73864    0.07531
1649.76660    0.85963    0.07873
