1410.13855    1.18278    0.10691
1410.46375    0.99116    0.10276
1410.78821    1.08199    0.10251
1411.11279    1.14343    0.10425
1411.43823    1.14293    0.10611
1411.76294    1.17777    0.10925
1412.08838    1.06419    0.11007
1412.41321    1.08315    0.10927
1412.73889    1.09127    0.11394
1413.06396    1.11908    0.11208
1413.38904    1.22493    0.10831
1413.71497    1.20231    0.10817
1414.04016    1.04837    0.10245
1414.36633    1.31068    0.10411
1414.69165    1.09391    0.09989
1415.01782    0.92739    0.09725
1415.34338    0.85244    0.09765
1415.66895    1.03584    0.09864
1415.99548    1.01837    0.09855
1416.32117    0.68133    0.09595
1416.64771    0.61083    0.09635
1416.97375    0.75016    0.09776
1417.30042    0.94268    0.10158
1417.62646    1.17524    0.10542
1417.95264    0.97569    0.10668
1418.27966    0.95786    0.10310
1418.60583    1.12348    0.10389
1418.93298    0.98293    0.10260
1419.25940    1.31651    0.10504
1419.58667    1.15593    0.10373
1419.91321    0.95692    0.10167
1420.23987    1.09813    0.10095
1420.56738    1.15210    0.09981
1420.89417    0.99845    0.09983
1421.22180    1.05884    0.10940
1421.54871    1.27047    0.10860
1421.87659    1.12332    0.10372
1422.20374    1.11235    0.10036
1422.53088    1.12219    0.10170
1422.85889    1.11388    0.10612
1423.18628    1.00144    0.11499
1423.51440    1.15027    0.10970
1423.84192    1.03995    0.10251
1424.17017    1.02601    0.09848
1424.49792    1.13426    0.09903
1424.82556    1.24045    0.10437
1425.15405    1.21521    0.10773
1425.48193    1.12224    0.10584
1425.81067    1.09236    0.10505
1426.13867    0.95353    0.10513
1426.46753    0.81499    0.10371
1426.79578    0.95131    0.10336
1427.12390    0.94802    0.09848
1427.45300    0.98888    0.09481
1427.78137    1.11129    0.09777
1428.11072    0.97530    0.09659
1428.43921    0.96036    0.09568
1428.76868    1.22737    0.09964
1429.09729    1.21582    0.09963
1429.42603    1.21065    0.09999
1429.75574    1.09678    0.09714
1430.08459    1.07442    0.09677
1430.41443    1.07247    0.09501
1430.74341    1.04994    0.09584
1431.07336    1.10116    0.09560
1431.40259    1.14877    0.09387
1431.73193    1.15231    0.09246
1432.06201    1.01839    0.09093
1432.39148    1.06006    0.09124
1432.72180    1.11746    0.09458
1433.05139    0.82018    0.09413
1433.38184    1.18091    0.09806
1433.71155    1.05874    0.09388
1434.04211    0.95119    0.09414
1434.37207    1.18268    0.09843
1434.70203    0.94193    0.09741
1435.03284    0.87690    0.09245
1435.36304    1.05363    0.08948
1435.69397    1.00184    0.08782
1436.02429    0.92996    0.08708
1436.35535    1.04627    0.08824
1436.68591    1.09132    0.08837
1437.01636    1.24821    0.08975
1437.34766    1.21407    0.08995
1437.67834    1.20123    0.09341
1438.00989    1.08753    0.09252
1438.34070    1.18125    0.09442
1438.67249    1.16117    0.09050
1439.00330    1.08851    0.08635
1439.33435    1.15626    0.08583
1439.66638    1.17073    0.08614
1439.99756    1.11533    0.08543
1440.32959    0.99572    0.08369
1440.66101    0.94669    0.08508
1440.99316    0.95251    0.08940
1441.32458    0.95303    0.09090
1441.65625    0.98405    0.09005
1441.98865    0.97406    0.08947
1442.32043    1.02801    0.08669
1442.65308    1.11737    0.08763
1442.98486    1.21876    0.08867
1443.31763    0.95848    0.09095
1443.64966    0.89473    0.08941
1443.98181    0.99965    0.08775
1444.31482    1.04069    0.08688
1444.64709    0.82827    0.08600
1444.98010    0.95512    0.08923
1445.31262    0.97326    0.08853
1445.64575    1.08104    0.08796
1445.97839    1.14365    0.08764
1446.31104    0.96674    0.08800
1446.64453    1.02833    0.09326
1446.97742    1.20101    0.09614
1447.31104    1.10092    0.09317
1447.64392    1.02473    0.09148
1447.97791    1.22468    0.09755
1448.31091    0.96858    0.09167
1448.64404    0.88387    0.08678
1448.97827    1.09597    0.09512
1449.31152    0.81850    0.10922
1449.64563    1.05185    0.11202
1449.97925    0.96909    0.09872
1450.31348    0.95395    0.09227
1450.64722    0.98282    0.09170
1450.98096    0.98221    0.09346
1451.31555    1.00808    0.09598
1451.64941    0.97205    0.09484
1451.98413    0.90553    0.09086
1452.31824    1.02406    0.09137
1452.65308    1.15913    0.09585
1452.98730    1.03456    0.09982
1453.32153    1.05443    0.09596
1453.65662    1.52991    0.09817
1453.99109    1.00201    0.08750
1454.32642    1.12445    0.08860
1454.66089    1.06424    0.08871
1454.99634    1.05100    0.09473
1455.33105    1.03671    0.09737
1455.66589    1.11724    0.09462
1456.00146    1.07610    0.09197
1456.33643    0.95718    0.09151
1456.67236    0.98987    0.09215
1457.00732    1.04970    0.09212
1457.34338    0.91537    0.09227
1457.67859    0.85329    0.09605
1458.01404    1.00265    0.10411
1458.35022    0.95407    0.10465
1458.68567    0.85304    0.09505
1459.02209    0.92569    0.08827
1459.35767    1.04889    0.09043
1459.69421    1.01494    0.08812
1460.03003    0.78363    0.08427
1460.36670    1.03701    0.08786
1460.70264    1.10245    0.08983
1461.03870    1.13769    0.09254
1461.37561    0.81917    0.09108
1461.71179    0.85081    0.09097
1462.04883    0.92313    0.09085
1462.38525    0.84290    0.08959
1462.72241    0.82334    0.09041
1463.05896    0.86880    0.09401
1463.39551    0.92089    0.09597
1463.73291    0.92622    0.09133
1464.06970    0.96767    0.08844
1464.40735    0.93629    0.08482
1464.74426    0.84353    0.08430
1465.08191    0.93692    0.08858
1465.41907    0.86772    0.09075
1465.75610    1.07581    0.08894
1466.09412    1.00734    0.08943
1466.43140    0.88583    0.09692
1466.76953    0.77997    0.10476
1467.10693    1.34971    0.10704
1467.44531    1.13613    0.09657
1467.78296    0.83305    0.08952
1468.12048    0.90894    0.08788
1468.45911    1.11619    0.08786
1468.79688    1.19381    0.08638
1469.13562    0.97095    0.08379
1469.47351    0.97684    0.08729
1469.81238    1.03301    0.08824
1470.15051    1.04272    0.08229
1470.48877    0.95944    0.07956
1470.82776    1.07593    0.08443
1471.16614    1.04136    0.08917
1471.50549    1.05510    0.10091
1471.84399    0.96988    0.10823
1472.18335    0.93662    0.10403
1472.52197    0.93478    0.09135
1472.86072    0.91850    0.08533
1473.20044    0.97498    0.08450
1473.53931    1.07769    0.08566
1473.87915    1.00391    0.08382
1474.21826    0.92359    0.08147
1474.55823    1.01932    0.08408
1474.89734    1.06974    0.08831
1475.23669    0.99535    0.08585
1475.57690    0.94410    0.08175
1475.91638    0.90711    0.08029
1476.25671    0.77777    0.08180
1476.59631    0.66778    0.08432
1476.93677    0.78780    0.07810
1477.27649    0.71802    0.07227
1477.61646    0.70061    0.07114
1477.95715    0.68437    0.07075
1478.29712    0.71669    0.07430
1478.63794    0.67036    0.08042
1478.97827    0.88836    0.08309
1479.31921    0.74712    0.07644
1479.65955    0.55595    0.07014
1479.99988    0.48233    0.06983
1480.34119    0.48659    0.07234
1480.68176    0.45598    0.07539
1481.02319    0.53735    0.08399
1481.36389    0.61205    0.10527
1481.70557    0.19589    0.15933
1482.04639    0.25868    0.17301
1482.38733    0.75282    0.12269
1482.72913    0.46474    0.07079
1483.07031    0.64817    0.08328
1483.41223    0.63180    0.09372
1483.75354    0.33496    0.08089
1484.09570    0.26445    0.06363
1484.43701    0.44186    0.06513
1484.77856    0.50173    0.06617
1485.12097    0.58424    0.06760
1485.46252    0.67148    0.06999
1485.80518    0.76351    0.07119
1486.14697    0.62667    0.06911
1486.48962    0.53246    0.06789
1486.83154    0.55931    0.07015
1487.17444    0.66709    0.07220
1487.51660    0.83403    0.07141
1487.85876    0.86867    0.07142
1488.20190    0.98798    0.07479
1488.54431    0.94727    0.07934
1488.88757    0.83550    0.08027
1489.22998    0.76727    0.07651
1489.57349    0.96342    0.07237
1489.91614    0.81383    0.06957
1490.25891    0.74508    0.06769
1490.60254    0.75788    0.07017
1490.94543    0.71580    0.06976
1491.28931    0.54782    0.06826
1491.63220    0.63203    0.06912
1491.97632    0.73662    0.07034
1492.31946    0.62333    0.07142
1492.66284    0.66125    0.07519
1493.00708    0.69515    0.07602
1493.35046    0.69872    0.07422
1493.69482    0.80735    0.07478
1494.03845    0.79821    0.07449
1494.38293    0.77448    0.07673
1494.72681    0.71715    0.07505
1495.07068    0.87982    0.07851
1495.41541    0.88477    0.08028
1495.75940    0.94473    0.08185
1496.10425    0.88332    0.08426
1496.44849    0.90341    0.09574
1496.79358    0.95642    0.10490
1497.13794    1.02304    0.10511
1497.48230    0.79475    0.08350
1497.82764    0.87442    0.07689
1498.17224    0.92453    0.07477
1498.51770    0.85300    0.07318
1498.86243    0.83588    0.07289
1499.20813    0.85255    0.07163
1499.55298    0.81025    0.06994
1499.89795    0.64723    0.06805
1500.24377    0.51455    0.06727
1500.58899    0.64904    0.07085
1500.93494    0.72941    0.07450
1501.28027    0.52333    0.07383
1501.62646    0.53057    0.07591
1501.97192    0.49505    0.07294
1502.31738    0.65959    0.07044
1502.66382    0.43006    0.06494
1503.00952    0.34787    0.06725
1503.35608    0.45372    0.07019
1503.70190    0.41275    0.06796
1504.04871    0.47374    0.06597
1504.39465    0.56118    0.06488
1504.74072    0.46644    0.06380
1505.08777    0.41135    0.06211
1505.43408    0.31259    0.06500
1505.78125    0.41714    0.07098
1506.12756    0.39534    0.07109
1506.47498    0.30833    0.06513
1506.82153    0.30569    0.06182
1507.16809    0.27380    0.06191
1507.51562    0.15342    0.06081
1507.86255    0.07329    0.05910
1508.21021    0.13575    0.05954
1508.55713   -0.00393    0.05664
1508.90503    0.03973    0.05520
1509.25208    0.14943    0.05459
1509.59937   -0.01131    0.05222
1509.94751    0.04143    0.05518
1510.29480   -0.02107    0.05673
1510.64307    0.06839    0.05419
1510.99060    0.08004    0.05395
1511.33899    0.03892    0.05506
1511.68665    0.10262    0.06032
1512.03455    0.12860    0.06154
1512.38306   -0.01602    0.05626
1512.73096    0.05420    0.05309
1513.07983   -0.01404    0.05160
1513.42798   -0.01873    0.05118
1513.77698   -0.03584    0.05195
1514.12524    0.07317    0.05365
1514.47437    0.18904    0.05447
1514.82275    0.06386    0.05337
1515.17126    0.08033    0.05233
1515.52063    0.14568    0.05232
1515.86926    0.29877    0.05687
1516.21875    0.19898    0.06036
1516.56763    0.19465    0.06544
1516.91736    0.10599    0.06633
1517.26636    0.18575    0.05617
1517.61536    0.25705    0.05520
1517.96533    0.15947    0.05572
1518.31458    0.05557    0.06103
1518.66467    0.02877    0.06196
1519.01404    0.01325    0.05571
1519.36426    0.07210    0.05225
1519.71375    0.14909    0.05274
1520.06348    0.09955    0.05898
1520.41394    0.16457    0.06341
1520.76379   -0.00329    0.06171
1521.11438   -0.03079    0.06030
1521.46436    0.09403    0.06235
1521.81519    0.07951    0.06386
1522.16528    0.02143    0.06109
1522.51550   -0.05813    0.05665
1522.86646    0.00263    0.05282
1523.21680    0.14099    0.05430
1523.56812    0.12870    0.05837
1523.91870    0.06163    0.05631
1524.27002   -0.04374    0.05318
1524.62073    0.14330    0.05260
1524.97144    0.08095    0.04812
1525.32300    0.17913    0.05321
1525.67395    0.07209    0.05358
1526.02576    0.07024    0.05348
1526.37695    0.11063    0.04949
1526.72888    0.00784    0.04754
1527.08008    0.11399    0.04847
1527.43127    0.14613    0.04801
1527.78357    0.20821    0.05236
1528.13513    0.25349    0.06049
1528.48743    0.24367    0.06580
1528.83911    0.24201    0.06617
1529.19153    0.34774    0.06265
1529.54346    0.47628    0.05968
1529.89526    0.40285    0.06023
1530.24805    0.29842    0.06301
1530.60010    0.35439    0.06336
1530.95312    0.28921    0.05657
1531.30530    0.18165    0.05094
1531.65833    0.21336    0.04971
1532.01074    0.28136    0.05120
1532.36316    0.17875    0.05046
1532.71655    0.17412    0.04771
1533.06909    0.24899    0.04809
1533.42261    0.20039    0.04798
1533.77539    0.21172    0.05070
1534.12915    0.19162    0.05426
1534.48193    0.29814    0.05493
1534.83508    0.28435    0.05089
1535.18896    0.40840    0.05181
1535.54211    0.48891    0.05452
1535.89612    0.44675    0.05569
1536.24951    0.60352    0.06106
1536.60376    0.69827    0.06640
1536.95728    0.81097    0.06770
1537.31091    0.91520    0.06480
1537.66541    1.04536    0.06325
1538.01917    1.07545    0.06302
1538.37378    0.97501    0.06170
1538.72766    0.97825    0.06203
1539.08252    0.86850    0.06191
1539.43652    0.79802    0.06218
1539.79077    1.08388    0.06520
1540.14575    1.07721    0.06195
1540.50012    1.17366    0.06269
1540.85522    1.09738    0.06362
1541.20972    1.15928    0.06779
1541.56519    0.84549    0.06669
1541.91980    0.98569    0.06396
1542.27539    1.10179    0.05985
1542.63025    1.12239    0.05898
1542.98499    0.99959    0.05817
1543.34082    0.95100    0.05990
1543.69592    1.03450    0.06271
1544.05188    0.99893    0.06023
1544.40710    1.00477    0.05879
1544.76318    1.15490    0.06407
1545.11853    1.14863    0.06760
1545.47400    1.03875    0.06361
1545.83044    0.98435    0.05819
1546.18604    0.96832    0.05750
1546.54260    1.02602    0.06232
1546.89832    0.98679    0.06524
1547.25513    0.88015    0.06132
1547.61108    1.00502    0.05848
1547.96716    1.10105    0.05824
1548.32397    0.96523    0.05767
1548.68018    0.94900    0.05685
1549.03735    1.05589    0.05816
1549.39368    1.12309    0.05973
1549.75098    1.02295    0.05794
1550.10754    1.01807    0.05833
1550.46411    1.13326    0.06289
1550.82166    0.97887    0.06210
1551.17834    1.08761    0.06231
1551.53601    0.96687    0.06086
1551.89307    0.98151    0.06251
1552.25085    0.89987    0.06530
1552.60791    1.03535    0.06581
1552.96521    0.90692    0.06201
1553.32324    0.96964    0.06187
1553.68066    1.03432    0.06161
1554.03882    0.87738    0.05814
1554.39636    0.89162    0.05760
1554.75476    1.01561    0.05995
1555.11243    1.08241    0.06125
1555.47021    0.97772    0.05965
1555.82898    0.98363    0.05929
1556.18689    1.00670    0.05977
1556.54565    0.90793    0.05905
1556.90369    0.88199    0.05911
1557.26282    1.01403    0.06163
1557.62097    1.14087    0.06449
1557.97937    1.01672    0.07447
1558.33862    1.03233    0.07487
1558.69714    1.00122    0.07780
1559.05652    0.87837    0.07762
1559.41528    0.99883    0.06791
1559.77478    0.90680    0.06609
1560.13354    1.14548    0.07356
1560.49255    1.06712    0.07731
1560.85242    1.06572    0.07137
1561.21143    1.01097    0.06394
1561.57141    1.04864    0.06558
1561.93066    1.08177    0.07111
1562.29089    1.05375    0.07229
1562.65027    1.01438    0.06626
1563.00977    1.03760    0.06481
1563.37024    1.05889    0.06558
1563.72986    1.00844    0.06592
1564.09045    1.02443    0.06644
1564.45032    1.00073    0.06492
1564.81104    1.07698    0.06625
1565.17102    1.07671    0.06724
1565.53113    1.01624    0.06752
1565.89209    0.92945    0.06718
1566.25232    1.03169    0.06735
1566.61340    1.10231    0.06824
1566.97388    1.01046    0.06756
1567.33521    0.96538    0.06687
1567.69580    0.90336    0.06677
1568.05640    0.97527    0.08101
1568.41797    1.06950    0.08562
1568.77881    1.01230    0.08970
1569.14062    1.06732    0.06974
1569.50159    1.08014    0.07002
1569.86353    1.12888    0.07041
1570.22461    1.00485    0.06811
1570.58667    0.93141    0.06744
1570.94800    1.10862    0.06973
1571.30945    1.05648    0.06781
1571.67175    1.08436    0.06888
1572.03333    0.94551    0.06919
1572.39587    0.95730    0.06987
1572.75757    0.91540    0.06515
1573.12024    1.03324    0.06671
1573.48206    0.97963    0.06906
1573.84412    1.15517    0.07584
1574.20715    1.10117    0.08060
1574.56909    0.91150    0.07421
1574.93237    1.06054    0.06886
1575.29456    0.99055    0.06817
1575.65784    0.91468    0.07245
1576.02026    0.85892    0.07215
1576.38293    0.98360    0.06936
1576.74646    1.04879    0.06863
1577.10913    1.03371    0.06940
1577.47278    1.00854    0.07300
1577.83582    1.04490    0.07672
1578.19946    1.03064    0.07448
1578.56262    0.91845    0.07124
1578.92578    1.13485    0.07305
1579.28992    1.24694    0.07421
1579.65320    0.89665    0.06940
1580.01746    0.90949    0.06852
1580.38098    1.04254    0.06925
1580.74536    1.08698    0.06848
1581.10901    0.90891    0.06684
1581.47266    0.99715    0.07169
1581.83740    1.14552    0.07642
1582.20142    1.10374    0.07509
1582.56616    1.11701    0.07521
1582.93030    0.96918    0.07029
1583.29529    1.01214    0.06785
1583.65955    0.97760    0.06676
1584.02380    0.95896    0.06713
1584.38904    0.98114    0.06931
1584.75354    0.97649    0.07061
1585.11902    0.89058    0.07075
1585.48376    1.04727    0.07241
1585.84937    1.08489    0.07004
1586.21411    1.06028    0.06973
1586.57898    0.92660    0.06754
1586.94482    1.06230    0.06946
1587.30994    1.06332    0.07050
1587.67590    0.95376    0.07070
1588.04114    1.07108    0.07281
1588.40735    1.01387    0.07427
1588.77283    0.97609    0.07377
1589.13831    1.02684    0.07129
1589.50476    0.97505    0.07022
1589.87048    0.99677    0.07276
1590.23706    0.99612    0.07345
1590.60291    0.93805    0.06962
1590.96960    0.93600    0.06728
1591.33569    1.05019    0.06902
1591.70178    1.11130    0.07227
1592.06885    1.01881    0.07324
1592.43506    1.15832    0.07325
1592.80225    1.00839    0.07107
1593.16858    1.01257    0.07103
1593.53613    1.10406    0.07130
1593.90271    1.02182    0.07001
1594.26929    0.93350    0.07144
1594.63696    1.07517    0.07383
1595.00391    1.17912    0.07513
1595.37170    0.94257    0.07041
1595.73865    0.96362    0.07062
1596.10669    0.91875    0.06896
1596.47388    0.96242    0.06906
1596.84106    1.05582    0.07181
1597.20923    1.07794    0.07415
1597.57678    0.97145    0.07541
1597.94507    1.03391    0.07568
1598.31274    0.95580    0.06890
1598.68127    1.15664    0.07057
1599.04907    0.95866    0.06852
1599.41785    0.93086    0.07262
1599.78564    0.98035    0.07462
1600.15381    1.13472    0.07328
1600.52271    1.16252    0.07215
1600.89099    0.90882    0.07093
1601.26013    0.93374    0.07401
1601.62854    0.92836    0.07320
1601.99780    1.06328    0.07184
1602.36633    1.01851    0.07194
1602.73499    1.06149    0.07264
1603.10461    0.96147    0.07196
1603.47339    0.92326    0.07159
1603.84314    0.94312    0.07078
1604.21204    1.07049    0.07071
1604.58203    1.04746    0.07180
1604.95117    0.99173    0.07349
1605.32031    1.12111    0.07894
1605.69055    0.94932    0.08706
1606.05994    0.86891    0.10830
1606.43030    0.94182    0.11329
1606.79980    0.90149    0.09596
1607.17041    1.09843    0.08940
1607.54004    1.01601    0.09305
1607.90991    1.05476    0.09287
1608.28076    1.01116    0.07762
1608.65063    0.90350    0.07091
1609.02173    1.04936    0.08078
1609.39172    0.90779    0.08305
1609.76282    0.96418    0.07564
1610.13318    0.98639    0.07021
1610.50354    1.06899    0.07339
1610.87500    1.12648    0.07326
1611.24561    0.98148    0.06963
1611.61719    1.02874    0.07140
1611.98792    1.01251    0.07866
1612.35962    0.97100    0.07759
1612.73047    0.87527    0.07672
1613.10156    0.98918    0.07880
1613.47351    1.01958    0.07417
1613.84473    0.99801    0.08063
1614.21692    0.91819    0.09716
1614.58826    1.08817    0.11111
1614.96045    1.14470    0.10643
1615.33203    1.10531    0.09150
1615.70361    1.14712    0.09229
1616.07617    0.93209    0.08952
1616.44800    1.04495    0.09118
1616.82068    0.88945    0.08283
1617.19263    1.05192    0.08079
1617.56555    0.97260    0.07651
1617.93774    0.92078    0.07584
1618.30994    0.95233    0.07684
1618.68311    0.99788    0.07721
1619.05542    1.07762    0.07750
1619.42883    1.03412    0.07908
1619.80127    1.10026    0.08214
1620.17480    1.04282    0.08348
1620.54761    0.98944    0.08293
1620.92041    0.94051    0.07977
1621.29419    1.00791    0.07650
1621.66724    0.91505    0.07459
1622.04114    0.85809    0.07503
1622.41431    1.00394    0.07768
1622.78845    0.94670    0.08030
1623.16174    0.84410    0.08187
1623.53516    1.01250    0.08045
1623.90955    1.11969    0.07636
1624.28308    1.04753    0.07369
1624.65771    1.12633    0.07391
1625.03149    1.09365    0.07505
1625.40613    0.99727    0.07748
1625.78003    1.02183    0.08455
1626.15405    1.09588    0.08864
1626.52905    1.08211    0.08370
1626.90320    1.01282    0.07407
1627.27844    0.96183    0.07037
1627.65271    1.11149    0.07402
1628.02808    1.06214    0.08453
1628.40271    1.07438    0.09573
1628.77808    0.94743    0.09093
1629.15283    0.98314    0.08176
1629.52759    1.02352    0.07700
1629.90344    1.02072    0.07433
1630.27832    1.06762    0.07634
1630.65430    0.86311    0.06940
1631.02942    1.04948    0.07014
1631.40552    0.96774    0.06931
1631.78076    1.05800    0.07962
1632.15613    1.04620    0.08520
1632.53247    1.07934    0.08732
1632.90808    0.88638    0.07805
1633.28467    1.10692    0.07720
1633.66040    1.03801    0.07531
1634.03711    0.87177    0.08182
1634.41296    1.12969    0.10023
1634.78906    1.23705    0.10718
1635.16602    1.16598    0.08500
1635.54211    0.94686    0.07408
1635.91931    1.13217    0.07380
1636.29565    1.08039    0.07356
1636.67297    1.01277    0.07177
1637.04944    0.97340    0.07479
1637.42615    0.82365    0.07293
1637.80371    1.04459    0.07535
1638.18042    0.91625    0.07691
1638.55823    1.07604    0.07718
1638.93518    0.95771    0.07634
1639.31311    0.93952    0.07941
1639.69019    1.09784    0.07883
1640.06750    1.11507    0.07487
1640.44556    1.01544    0.07477
1640.82300    1.15445    0.08106
1641.20142    0.96531    0.08736
1641.57898    1.14204    0.09083
1641.95752    1.06952    0.08277
1642.33521    1.10418    0.07555
1642.71301    0.93180    0.07117
1643.09180    1.01848    0.07398
1643.46985    1.11866    0.07862
1643.84888    1.06879    0.07923
1644.22693    0.91162    0.07700
1644.60608    0.88348    0.07613
1644.98450    0.94674    0.07924
1645.36292    0.84324    0.08112
1645.74231    0.97721    0.08243
1646.12085    1.10700    0.08273
1646.50049    0.98537    0.08077
1646.87927    0.89213    0.08077
1647.25903    0.78206    0.08075
1647.63806    0.92630    0.08260
1648.01709    1.14642    0.08045
1648.39709    0.98992    0.07550
1648.77625    0.95112    0.07728
1649.15649    1.01593    0.07942
1649.53589    1.00286    0.07810
1649.91626    0.97613    0.07603
