1410.05493    1.21018    0.07205
1410.38013    1.23508    0.07333
1410.70459    1.06681    0.07069
1411.02979    1.18698    0.07181
1411.35437    1.10022    0.07146
1411.67993    1.13971    0.07081
1412.00476    1.05981    0.07079
1412.33032    0.95570    0.06712
1412.65515    1.01112    0.06868
1412.98010    0.94823    0.06851
1413.30603    1.13428    0.06977
1413.63110    1.07877    0.07074
1413.95715    1.06807    0.07106
1414.28235    1.14527    0.07162
1414.60840    1.08662    0.07043
1414.93396    0.96108    0.06931
1415.25940    0.99364    0.06752
1415.58569    1.17870    0.07115
1415.91150    1.18626    0.07026
1416.23804    1.02678    0.06811
1416.56372    0.98849    0.06751
1416.89038    1.13325    0.06789
1417.21631    1.04856    0.06816
1417.54236    1.18634    0.07029
1417.86926    1.15684    0.07150
1418.19543    1.00320    0.06757
1418.52246    1.05763    0.06806
1418.84888    1.11381    0.06694
1419.17603    0.95232    0.06706
1419.50256    1.12158    0.06865
1419.82898    1.14519    0.06942
1420.15649    1.02319    0.06798
1420.48315    1.05538    0.06818
1420.81067    1.02302    0.06869
1421.13757    1.17274    0.07063
1421.46521    1.13153    0.07002
1421.79224    1.08657    0.07005
1422.11938    1.09829    0.06782
1422.44727    1.07156    0.06972
1422.77454    1.08965    0.06887
1423.10266    1.15853    0.06953
1423.42993    1.03572    0.06628
1423.75818    1.03287    0.06769
1424.08582    1.15459    0.06904
1424.41333    1.14022    0.06934
1424.74182    1.03238    0.06983
1425.06958    1.15621    0.06917
1425.39819    1.13582    0.06827
1425.72620    1.09328    0.06810
1426.05481    1.09760    0.06750
1426.38306    1.09579    0.06711
1426.71118    1.10892    0.06737
1427.04004    0.98039    0.06630
1427.36829    1.02985    0.06714
1427.69751    1.02784    0.06711
1428.02600    1.03320    0.06727
1428.35535    1.13195    0.06775
1428.68384    0.97202    0.06636
1429.01245    1.10823    0.06754
1429.34204    1.14682    0.06830
1429.67090    1.07371    0.06572
1430.00061    1.06867    0.06663
1430.32959    1.13578    0.06767
1430.65942    1.02192    0.06591
1430.98840    0.97522    0.06597
1431.31763    1.02003    0.06561
1431.64771    1.00472    0.06506
1431.97717    0.98842    0.06533
1432.30737    1.03805    0.06510
1432.63672    0.97591    0.06450
1432.96716    1.09176    0.06579
1433.29688    1.07795    0.06645
1433.62659    1.01905    0.06530
1433.95715    1.01829    0.06963
1434.28699    1.06872    0.07030
1434.61780    1.13249    0.06706
1434.94775    1.09741    0.06664
1435.27869    1.09273    0.06857
1435.60889    1.04527    0.06510
1435.93994    1.06461    0.06721
1436.27026    1.17598    0.06752
1436.60071    1.03872    0.06618
1436.93188    1.08766    0.06693
1437.26245    1.08494    0.06687
1437.59399    0.98310    0.06583
1437.92456    0.96350    0.06540
1438.25623    1.05246    0.06588
1438.58704    0.94158    0.06418
1438.91797    1.00978    0.06622
1439.24976    1.03023    0.06524
1439.58093    0.93817    0.06648
1439.91284    0.87375    0.06455
1440.24414    0.94130    0.06602
1440.57629    1.01159    0.06567
1440.90759    1.05446    0.06631
1441.23914    0.91502    0.06392
1441.57153    0.91012    0.06299
1441.90308    1.02181    0.06350
1442.23560    0.99080    0.06297
1442.56738    0.86994    0.06203
1442.90002    0.79845    0.06030
1443.23206    0.89087    0.06073
1443.56409    0.89024    0.06075
1443.89685    0.79210    0.06038
1444.22913    0.75205    0.06060
1444.56213    0.69969    0.05780
1444.89441    0.69156    0.05816
1445.22766    0.61192    0.05771
1445.56018    0.54935    0.05821
1445.89270    0.56861    0.05757
1446.22607    0.57375    0.05697
1446.55884    0.42673    0.05511
1446.89233    0.46116    0.05573
1447.22522    0.42491    0.05528
1447.55884    0.45160    0.05521
1447.89197    0.50198    0.05385
1448.22510    0.43059    0.05305
1448.55896    0.38204    0.05308
1448.89221    0.40095    0.05352
1449.22632    0.45569    0.05503
1449.55969    0.33854    0.05340
1449.89404    0.26346    0.05197
1450.22754    0.43312    0.05453
1450.56116    0.42938    0.05814
1450.89575    0.49447    0.05985
1451.22949    0.48829    0.05744
1451.56409    0.50963    0.05635
1451.89807    0.53335    0.05519
1452.23279    0.52908    0.06082
1452.56689    0.66043    0.06164
1452.90112    0.51426    0.06210
1453.23621    0.57531    0.06282
1453.57043    0.69073    0.06041
1453.90564    0.75863    0.05934
1454.24011    0.83676    0.06116
1454.57544    0.83604    0.05942
1454.91003    0.80198    0.05996
1455.24475    0.96223    0.06059
1455.58032    0.95498    0.06161
1455.91516    0.87833    0.05906
1456.25098    0.97863    0.06276
1456.58582    0.89602    0.06110
1456.92188    0.96305    0.06017
1457.25696    0.86605    0.06070
1457.59229    0.88936    0.05941
1457.92834    0.99303    0.06146
1458.26367    0.91410    0.05969
1458.59998    0.84799    0.06019
1458.93555    0.95982    0.06065
1459.27197    0.90126    0.06079
1459.60767    0.82192    0.05789
1459.94348    0.87916    0.05951
1460.28015    0.97960    0.06043
1460.61597    0.94324    0.06195
1460.95288    1.06748    0.06385
1461.28894    1.04400    0.06938
1461.62598    0.98100    0.06697
1461.96216    0.97909    0.06167
1462.29919    1.00406    0.06180
1462.63562    1.04259    0.06199
1462.97217    1.07408    0.06171
1463.30957    0.94170    0.06008
1463.64612    0.90386    0.05831
1463.98364    0.98224    0.06076
1464.32056    1.01204    0.06103
1464.65808    1.05586    0.06286
1464.99512    1.07024    0.06401
1465.33203    1.07077    0.06443
1465.66992    1.05255    0.06272
1466.00720    1.05982    0.06144
1466.34521    1.08702    0.06073
1466.68262    1.00846    0.06401
1467.02075    1.03308    0.06167
1467.35828    1.09699    0.06236
1467.69580    1.14056    0.06316
1468.03418    1.14770    0.07065
1468.37207    1.15030    0.07605
1468.71057    1.19143    0.07383
1469.04846    1.13940    0.07121
1469.38721    1.10050    0.06771
1469.72534    1.10566    0.06518
1470.06335    1.10080    0.06462
1470.40234    1.09794    0.06499
1470.74060    1.20341    0.06431
1471.07983    1.06138    0.06225
1471.41821    1.09582    0.06151
1471.75745    1.14515    0.06817
1472.09607    1.07688    0.06571
1472.43469    1.00775    0.06293
1472.77417    1.06593    0.06575
1473.11304    1.16011    0.06314
1473.45276    1.06317    0.06543
1473.79175    1.10825    0.07124
1474.13159    1.16616    0.07696
1474.47070    0.96723    0.06972
1474.80981    0.95591    0.06669
1475.14990    1.03895    0.06093
1475.48938    1.03022    0.06242
1475.82959    0.99204    0.06120
1476.16907    0.95357    0.06024
1476.50952    0.92045    0.05883
1476.84912    0.99926    0.05909
1477.18896    1.05135    0.05900
1477.52966    1.02944    0.05827
1477.86951    1.01363    0.05929
1478.21021    1.01684    0.06284
1478.55042    0.97337    0.06327
1478.89124    0.88924    0.05889
1479.23145    0.96316    0.05875
1479.57178    0.81587    0.05590
1479.91296    0.81287    0.05636
1480.25342    0.89699    0.05800
1480.59473    0.75075    0.05961
1480.93542    0.71411    0.06220
1481.27686    0.94554    0.06151
1481.61768    0.97239    0.05895
1481.95850    0.94468    0.05788
1482.30017    0.93963    0.05678
1482.64124    0.89491    0.05804
1482.98315    0.92529    0.06790
1483.32422    0.80547    0.07819
1483.66638    0.98382    0.08596
1484.00769    1.10060    0.09843
1484.34900    1.02448    0.08413
1484.69128    0.96337    0.06361
1485.03296    0.88034    0.06190
1485.37537    0.72200    0.06312
1485.71704    0.80684    0.06211
1486.05969    0.84505    0.05804
1486.40149    0.76289    0.05414
1486.74341    0.74451    0.05274
1487.08630    0.73129    0.05165
1487.42834    0.67492    0.05066
1487.77136    0.76558    0.05229
1488.11365    0.77917    0.05279
1488.45679    0.69451    0.05199
1488.79919    0.67311    0.05390
1489.14246    0.66442    0.05262
1489.48511    0.75841    0.05153
1489.82776    0.67962    0.05036
1490.17126    0.63594    0.05088
1490.51416    0.62281    0.05312
1490.85779    0.53003    0.05367
1491.20081    0.62861    0.05441
1491.54468    0.70349    0.05087
1491.88782    0.61728    0.05531
1492.23096    0.52858    0.05201
1492.57507    0.51832    0.04633
1492.91846    0.51114    0.04628
1493.26282    0.45219    0.04378
1493.60620    0.46772    0.04572
1493.95068    0.45014    0.04433
1494.29431    0.46565    0.04532
1494.63806    0.47594    0.04526
1494.98279    0.41266    0.04514
1495.32666    0.41659    0.04556
1495.67151    0.40805    0.04506
1496.01562    0.43311    0.04377
1496.36060    0.43028    0.04395
1496.70483    0.41314    0.04587
1497.04919    0.42098    0.05045
1497.39429    0.37063    0.05045
1497.73877    0.35713    0.04811
1498.08411    0.35061    0.04817
1498.42883    0.49901    0.07064
1498.77441    0.61421    0.08008
1499.11914    0.48911    0.06265
1499.46399    0.48683    0.05339
1499.80981    0.40250    0.04824
1500.15491    0.42182    0.04620
1500.50073    0.47179    0.04348
1500.84595    0.46895    0.04467
1501.19202    0.41916    0.04429
1501.53735    0.35798    0.04153
1501.88281    0.41625    0.04289
1502.22913    0.31311    0.04309
1502.57483    0.32327    0.04207
1502.92114    0.46362    0.04393
1503.26697    0.46964    0.04339
1503.61353    0.38452    0.04282
1503.95959    0.38448    0.04479
1504.30554    0.46450    0.04565
1504.65234    0.54609    0.04463
1504.99854    0.53918    0.04417
1505.34558    0.45330    0.04264
1505.69189    0.45518    0.04292
1506.03906    0.47140    0.04256
1506.38550    0.57143    0.04456
1506.73206    0.53451    0.04490
1507.07947    0.42340    0.04221
1507.42627    0.48462    0.04260
1507.77380    0.58291    0.04367
1508.12073    0.44832    0.04290
1508.46851    0.51968    0.04386
1508.81555    0.55796    0.04435
1509.16260    0.48034    0.04247
1509.51062    0.45090    0.04142
1509.85791    0.40419    0.04724
1510.20605    0.50266    0.04378
1510.55347    0.53600    0.04449
1510.90173    0.59402    0.04603
1511.24939    0.64074    0.04573
1511.59705    0.57986    0.04528
1511.94568    0.58967    0.04502
1512.29346    0.52826    0.04474
1512.64221    0.61234    0.04421
1512.99023    0.63730    0.04583
1513.33899    0.59065    0.04632
1513.68713    0.61691    0.04511
1514.03540    0.57804    0.04360
1514.38452    0.61263    0.04446
1514.73291    0.59743    0.04473
1515.08215    0.60954    0.04435
1515.43079    0.66614    0.04530
1515.78015    0.67640    0.04600
1516.12891    0.63357    0.04446
1516.47852    0.68809    0.04651
1516.82739    0.73608    0.04671
1517.17639    0.68405    0.04521
1517.52625    0.66487    0.04537
1517.87524    0.76247    0.04636
1518.22522    0.68759    0.04560
1518.57458    0.72902    0.04712
1518.92480    0.72188    0.04688
1519.27417    0.74830    0.04769
1519.62378    0.83449    0.04891
1519.97412    0.84896    0.04863
1520.32385    0.73937    0.04738
1520.67432    0.81477    0.04786
1521.02429    0.78101    0.04833
1521.37488    0.78824    0.04654
1521.72485    0.85406    0.04905
1522.07495    0.88238    0.05082
1522.42603    1.03497    0.05536
1522.77625    0.91910    0.05494
1523.12732    0.87927    0.05279
1523.47778    0.92822    0.05271
1523.82910    0.93443    0.05284
1524.17969    0.86670    0.05287
1524.53027    0.84967    0.05055
1524.88184    0.89019    0.04960
1525.23254    0.97606    0.05055
1525.58435    0.99567    0.05030
1525.93530    0.97369    0.05047
1526.28711    1.01045    0.05082
1526.63831    1.03824    0.05123
1526.98950    0.99848    0.05198
1527.34155    1.03271    0.05110
1527.69299    1.02262    0.05114
1528.04529    0.97916    0.04966
1528.39685    1.00657    0.05083
1528.74927    0.97962    0.05017
1529.10095    0.92116    0.04946
1529.45264    1.02888    0.05026
1529.80542    1.00160    0.05037
1530.15735    0.92632    0.05363
1530.51025    1.06969    0.05852
1530.86230    1.04715    0.05729
1531.21521    0.95093    0.05126
1531.56750    0.97732    0.05051
1531.91980    1.01645    0.05294
1532.27307    1.03082    0.05307
1532.62561    1.05733    0.05092
1532.97913    0.99689    0.05032
1533.33167    1.05558    0.04935
1533.68530    1.03245    0.04962
1534.03809    0.99098    0.04950
1534.39099    1.00250    0.05039
1534.74487    1.04184    0.05059
1535.09790    1.05019    0.04846
1535.45190    0.82109    0.04606
1535.80505    0.88271    0.04766
1536.15930    1.03638    0.05052
1536.51257    1.03657    0.04968
1536.86621    0.96439    0.04790
1537.22058    1.03151    0.04734
1537.57422    1.05111    0.04673
1537.92871    0.99120    0.04643
1538.28259    1.07130    0.04835
1538.63721    1.13959    0.05243
1538.99121    0.99537    0.04766
1539.34534    1.03415    0.04548
1539.70020    0.93846    0.04256
1540.05444    0.89281    0.04132
1540.40955    0.94530    0.04289
1540.76392    1.04086    0.04423
1541.11926    1.09807    0.04560
1541.47375    1.06125    0.04515
1541.82837    1.05862    0.04375
1542.18396    1.00471    0.04218
1542.53870    1.00102    0.04114
1542.89429    0.96060    0.04152
1543.24927    0.86465    0.04891
1543.60522    1.13069    0.04708
1543.96033    0.98010    0.04393
1544.31641    1.05005    0.04186
1544.67163    1.12225    0.04304
1545.02698    1.04573    0.04290
1545.38318    1.04379    0.04494
1545.73877    1.11394    0.04608
1546.09521    1.01223    0.04393
1546.45093    0.97855    0.04305
1546.80737    0.99314    0.04448
1547.16333    0.99090    0.04528
1547.51929    0.99076    0.04487
1547.87610    1.00723    0.04523
1548.23218    1.00952    0.04586
1548.58923    0.98038    0.04677
1548.94543    0.95079    0.04916
1549.30261    0.98982    0.04999
1549.65906    1.07338    0.04975
1550.01562    0.99786    0.04694
1550.37292    0.95442    0.04807
1550.72961    0.95726    0.04842
1551.08728    0.95248    0.04926
1551.44409    0.99860    0.05054
1551.80188    1.10882    0.04877
1552.15881    1.04042    0.04901
1552.51587    1.08532    0.04793
1552.87390    0.97862    0.04739
1553.23108    0.92794    0.04686
1553.58923    1.06290    0.05060
1553.94678    1.15808    0.05067
1554.30505    0.96612    0.04782
1554.66260    0.99799    0.04821
1555.02026    0.97502    0.05050
1555.37891    0.89517    0.05021
1555.73669    0.90485    0.04947
1556.09546    1.01701    0.04907
1556.45337    1.02491    0.04949
1556.81226    1.02430    0.04901
1557.17041    0.94815    0.04829
1557.52869    0.93432    0.04698
1557.88782    0.98703    0.04863
1558.24622    0.98124    0.04850
1558.60559    0.96931    0.04798
1558.96399    0.98870    0.04944
1559.32361    0.93294    0.04839
1559.68225    0.94093    0.04844
1560.04114    0.98035    0.04772
1560.40088    0.88079    0.04697
1560.75989    0.75802    0.04570
1561.11975    0.78716    0.04453
1561.47888    0.88378    0.04704
1561.83887    0.93564    0.04641
1562.19824    0.93126    0.04836
1562.55762    0.93774    0.04925
1562.91797    0.97653    0.04890
1563.27747    0.94372    0.04852
1563.63794    0.87778    0.04758
1563.99768    0.88949    0.04654
1564.35840    0.93160    0.04672
1564.71826    0.90252    0.04735
1565.07825    0.92316    0.04706
1565.43909    0.95566    0.04749
1565.79919    0.93568    0.04682
1566.16028    0.99385    0.04875
1566.52063    1.03759    0.04811
1566.88184    0.92527    0.04740
1567.24231    0.95979    0.04780
1567.60291    0.97328    0.04702
1567.96436    0.92498    0.04700
1568.32507    0.95202    0.04828
1568.68665    1.00880    0.04874
1569.04749    0.98758    0.04860
1569.40930    1.06755    0.04930
1569.77039    0.99948    0.04825
1570.13147    0.92598    0.04752
1570.49353    0.92162    0.04770
1570.85486    0.95035    0.05268
1571.21716    0.95398    0.05168
1571.57861    0.94878    0.04651
1571.94104    0.96429    0.04639
1572.30261    0.87834    0.04640
1572.66516    0.89252    0.04585
1573.02698    0.98496    0.04741
1573.38879    0.96234    0.04678
1573.75171    0.96946    0.04696
1574.11377    0.90706    0.04666
1574.47668    0.93827    0.04614
1574.83887    0.96121    0.04709
1575.20203    0.90889    0.04663
1575.56433    0.87988    0.04562
1575.92688    0.95947    0.04655
1576.29028    0.97229    0.04698
1576.65283    0.96144    0.04739
1577.01648    0.96341    0.04685
1577.37927    0.95150    0.04661
1577.74304    0.92097    0.04626
1578.10596    0.96875    0.04732
1578.46899    0.96200    0.04711
1578.83301    0.96757    0.04749
1579.19617    0.92118    0.04653
1579.56030    0.89417    0.04712
1579.92383    0.96878    0.04843
1580.28796    0.89670    0.04745
1580.65161    0.91677    0.04724
1581.01526    1.02044    0.04757
1581.37988    1.00680    0.04745
1581.74365    0.91171    0.04653
1582.10828    0.90801    0.04629
1582.47229    0.88443    0.04572
1582.83728    0.97304    0.04646
1583.20142    0.92443    0.04705
1583.56555    0.84814    0.04388
1583.93066    0.87084    0.04533
1584.29517    0.93992    0.04578
1584.66040    0.95340    0.04636
1585.02502    0.99010    0.04761
1585.39050    0.92672    0.04700
1585.75525    0.85617    0.04540
1586.12000    0.88217    0.04585
1586.48584    0.96011    0.04669
1586.85071    0.94085    0.04564
1587.21667    0.92280    0.04585
1587.58191    0.84953    0.05047
1587.94788    0.94046    0.04699
1588.31323    1.01710    0.04782
1588.67859    0.83387    0.04558
1589.04492    0.96138    0.05394
1589.41052    0.90663    0.05381
1589.77698    0.90145    0.04649
1590.14270    0.97459    0.04613
1590.50940    0.97797    0.04639
1590.87537    0.89123    0.04573
1591.24133    0.97956    0.04644
1591.60815    0.94714    0.04613
1591.97437    0.90493    0.04454
1592.34155    0.95712    0.04562
1592.70776    1.05797    0.04744
1593.07507    1.05647    0.04778
1593.44165    0.91126    0.04611
1593.80811    0.99970    0.04603
1594.17566    0.97298    0.04660
1594.54236    0.93841    0.04559
1594.91003    0.99211    0.04622
1595.27698    1.01969    0.04707
1595.64490    1.00357    0.04641
1596.01196    1.05890    0.04700
1596.37915    0.97447    0.04712
1596.74731    1.01836    0.04672
1597.11462    1.12436    0.04942
1597.48291    0.99844    0.04708
1597.85034    0.99095    0.04665
1598.21887    0.98360    0.04595
1598.58655    0.94677    0.04559
1598.95422    0.97481    0.04658
1599.32300    1.03234    0.04694
1599.69092    1.00927    0.04685
1600.05969    0.99695    0.04682
1600.42786    0.98265    0.04595
1600.79688    1.00659    0.04714
1601.16516    1.01579    0.04678
1601.53442    0.99536    0.04674
1601.90271    0.99417    0.04650
1602.27136    1.01904    0.04676
1602.64075    1.03647    0.04704
1603.00952    1.06771    0.04778
1603.37915    1.01924    0.04642
1603.74805    0.94735    0.04587
1604.11780    0.99599    0.04589
1604.48682    1.03754    0.04669
1604.85596    0.95206    0.04623
1605.22607    0.97641    0.04611
1605.59534    1.06346    0.04729
1605.96558    1.05540    0.04705
1606.33496    0.95676    0.04595
1606.70544    1.01264    0.04626
1607.07507    1.01091    0.04721
1607.44470    1.06885    0.04834
1607.81543    1.01720    0.05064
1608.18530    0.91358    0.05605
1608.55615    0.99660    0.05744
1608.92615    1.07971    0.05598
1609.29724    1.11870    0.05764
1609.66748    1.01834    0.05751
1610.03772    1.01991    0.05372
1610.40906    1.09526    0.05015
1610.77942    1.02433    0.04797
1611.15100    1.04426    0.04962
1611.52148    1.04603    0.05007
1611.89307    1.12814    0.05503
1612.26392    1.11036    0.05375
1612.63489    1.00672    0.04692
1613.00684    1.02879    0.04739
1613.37781    1.06792    0.04784
1613.74988    0.96505    0.04672
1614.12109    0.97684    0.04543
1614.49329    1.05975    0.04659
1614.86462    1.06082    0.04723
1615.23633    0.97168    0.04527
1615.60864    0.98667    0.04679
1615.98035    1.02730    0.05105
1616.35303    0.91860    0.05909
1616.72485    0.93523    0.06262
1617.09766    1.08967    0.06088
1617.46973    1.08228    0.05535
1617.84180    0.98298    0.05683
1618.21484    0.98446    0.05914
1618.58716    1.01291    0.05656
1618.96033    1.03072    0.05316
1619.33276    1.02461    0.05203
1619.70618    1.00000    0.05034
1620.07886    1.01543    0.05085
1620.45142    1.01488    0.05103
1620.82507    1.06935    0.05084
1621.19800    1.03789    0.04840
1621.57190    0.99017    0.04875
1621.94482    1.07359    0.05927
1622.31885    0.97743    0.06153
1622.69214    0.98845    0.05994
1623.06543    1.01541    0.05911
1623.43970    1.08579    0.05877
1623.81323    1.13903    0.05936
1624.18762    1.04622    0.05675
1624.56128    0.96569    0.05697
1624.93591    1.14376    0.05384
1625.30981    1.09889    0.05446
1625.68372    0.97635    0.05124
1626.05847    0.97998    0.04855
1626.43262    1.05161    0.04866
1626.80762    1.11125    0.04962
1627.18188    1.07073    0.04919
1627.55713    0.99740    0.05038
1627.93152    1.02071    0.05363
1628.30603    1.06941    0.05379
1628.68152    1.03220    0.04965
1629.05615    1.13227    0.04879
1629.43188    1.05481    0.04738
1629.80664    1.06200    0.04970
1630.18250    1.06535    0.05384
1630.55762    1.04018    0.05816
1630.93359    1.10359    0.05743
1631.30872    1.10362    0.04950
1631.68396    1.05369    0.04764
1632.06030    1.05638    0.04738
1632.43567    1.08409    0.04758
1632.81213    1.11535    0.04717
1633.18774    1.14665    0.04822
1633.56445    1.08994    0.04653
1633.94019    1.05289    0.05119
1634.31604    1.06383    0.05384
1634.69287    1.05220    0.05243
1635.06897    1.07284    0.04945
1635.44604    1.15743    0.04830
1635.82239    1.01706    0.04862
1636.19946    1.11168    0.05295
1636.57593    1.11312    0.05948
1636.95239    1.05090    0.05636
1637.32996    1.04978    0.05017
1637.70654    1.08697    0.04821
1638.08423    1.09032    0.04828
1638.46106    1.07934    0.04803
1638.83887    1.13021    0.04898
1639.21582    1.09325    0.04825
1639.59302    1.01861    0.04749
1639.97107    1.09019    0.04787
1640.34839    1.09384    0.04822
1640.72668    1.05755    0.04942
1641.10413    1.01633    0.05028
1641.48242    1.00727    0.05416
1641.86011    1.04375    0.05487
1642.23792    1.08178    0.05307
1642.61646    1.05382    0.05262
1642.99438    1.16471    0.05608
1643.37329    1.11289    0.06949
1643.75134    1.03576    0.05837
1644.13037    1.02403    0.04927
1644.50867    0.99526    0.04558
1644.88696    1.07304    0.04820
1645.26624    1.02771    0.04620
1645.64465    0.98302    0.04591
1646.02429    1.00775    0.05010
1646.40283    1.05030    0.05047
1646.78247    1.04899    0.04628
1647.16138    1.06229    0.04702
1647.54028    0.99382    0.04475
1647.92017    1.06474    0.04688
1648.29932    1.16143    0.04761
1648.67944    1.10828    0.04707
1649.05872    1.00257    0.04671
1649.43896    1.17338    0.04902
1649.81848    0.99491    0.04719
