1410.05261    1.43531    0.22340
1410.37769    1.26587    0.21952
1410.70227    1.16625    0.21577
1411.02747    1.26329    0.21163
1411.35217    1.28356    0.20681
1411.67749    1.00000    0.20197
1412.00232    0.82849    0.20680
1412.32715    0.96927    0.20980
1412.65283    1.25313    0.21109
1412.97791    1.08915    0.20024
1413.30371    1.10219    0.19934
1413.62878    0.88589    0.20007
1413.95483    1.11363    0.20985
1414.28003    1.24942    0.21580
1414.60547    1.45938    0.21903
1414.93164    1.37289    0.21283
1415.25720    1.40806    0.20663
1415.58350    1.52766    0.20244
1415.90918    1.03229    0.19520
1416.23560    0.81061    0.19690
1416.56140    0.99738    0.20109
1416.88733    1.31510    0.20650
1417.21411    1.07080    0.21077
1417.54004    1.25914    0.22229
1417.86694    1.10255    0.22613
1418.19312    0.82289    0.21640
1418.52014    0.95490    0.20906
1418.84656    1.46907    0.20958
1419.17285    1.59162    0.26623
1419.50024    1.23393    0.25299
1419.82666    0.95947    0.23975
1420.15417    0.92525    0.19286
1420.48083    1.09722    0.19430
1420.80835    1.26450    0.19611
1421.13525    1.08896    0.19494
1421.46216    0.88741    0.19756
1421.78992    1.26180    0.21375
1422.11694    1.45595    0.21910
1422.44495    1.24855    0.21188
1422.77222    1.33610    0.20664
1423.10034    1.01815    0.20295
1423.42761    0.71955    0.20166
1423.75513    0.85464    0.20038
1424.08350    0.85054    0.19575
1424.41101    1.21429    0.20133
1424.73950    0.79898    0.19915
1425.06726    1.04096    0.20980
1425.39600    0.85081    0.21591
1425.72388    1.15430    0.21840
1426.05188    0.59224    0.20294
1426.38074    0.86739    0.20555
1426.70874    1.01935    0.20450
1427.03772    1.00857    0.20343
1427.36609    1.11153    0.20561
1427.69519    1.18697    0.21050
1428.02356    1.19980    0.21416
1428.35217    0.88283    0.20487
1428.68152    0.84005    0.19790
1429.01025    1.13852    0.19481
1429.33972    0.54658    0.19265
1429.66858    0.73290    0.19889
1429.99817    0.99688    0.20515
1430.32715    1.02292    0.19672
1430.65613    0.84343    0.18609
1430.98621    0.89993    0.18247
1431.31531    1.15358    0.18612
1431.64539    0.80619    0.18584
1431.97473    0.77513    0.18683
1432.30493    0.96298    0.18534
1432.63452    0.99332    0.18629
1432.96472    0.95788    0.18764
1433.29443    0.86826    0.18524
1433.62415    0.91927    0.18595
1433.95483    1.09793    0.18686
1434.28467    1.02966    0.18528
1434.61536    0.93955    0.18261
1434.94543    1.13298    0.18420
1435.27625    1.13041    0.18702
1435.60657    1.17255    0.19206
1435.93677    1.37460    0.19578
1436.26794    1.21012    0.19278
1436.59827    1.02139    0.18893
1436.92957    1.08675    0.18554
1437.26025    1.26022    0.18411
1437.59155    1.04857    0.18187
1437.92224    0.94875    0.18057
1438.25305    1.15858    0.18091
1438.58472    0.88073    0.18023
1438.91565    1.50099    0.20342
1439.24744    0.61759    0.23587
1439.57861    0.48507    0.24350
1439.91052    1.33144    0.20402
1440.24194    1.08997    0.19044
1440.57312    0.71924    0.17816
1440.90540    0.81471    0.17740
1441.23682    0.64589    0.17708
1441.56921    0.96631    0.18924
1441.90088    0.66446    0.18305
1442.23340    1.16651    0.18158
1442.56506    0.78667    0.17247
1442.89697    0.95180    0.17946
1443.22974    1.02979    0.18609
1443.56165    1.33732    0.19369
1443.89453    0.67946    0.16978
1444.22681    0.59763    0.16863
1444.55981    0.48127    0.16780
1444.89209    0.80476    0.17440
1445.22449    1.12817    0.17757
1445.55774    0.65839    0.16695
1445.89038    0.54380    0.16301
1446.22375    0.60523    0.16582
1446.55652    1.05932    0.17838
1446.88989    0.87711    0.18602
1447.22290    0.86752    0.18722
1447.55579    1.20348    0.18303
1447.88965    1.31608    0.17699
1448.22266    1.21268    0.17552
1448.55664    0.92234    0.17174
1448.88989    0.52236    0.16796
1449.22400    0.68349    0.17126
1449.55737    0.92983    0.17107
1449.89087    1.04046    0.16918
1450.22522    1.03750    0.17152
1450.55884    0.91399    0.17782
1450.89331    1.03509    0.18462
1451.22705    1.06592    0.18484
1451.56177    1.04203    0.17728
1451.89563    1.04967    0.17365
1452.22961    1.01461    0.17401
1452.56458    0.90528    0.17438
1452.89868    0.89688    0.17429
1453.23376    1.00075    0.17274
1453.56799    1.09515    0.17477
1453.90332    0.96082    0.17907
1454.23779    0.70786    0.18012
1454.57214    0.91142    0.18847
1454.90759    0.94607    0.19044
1455.24231    0.89332    0.18693
1455.57788    0.72218    0.18771
1455.91284    0.90757    0.18861
1456.24854    0.93574    0.18672
1456.58350    0.99118    0.18174
1456.91870    0.88066    0.17031
1457.25464    0.88061    0.16766
1457.58984    0.72458    0.16730
1457.92590    1.06753    0.17531
1458.26135    0.92397    0.17492
1458.59766    0.60089    0.17154
1458.93323    1.02254    0.17686
1459.26953    0.92413    0.17278
1459.60522    0.78494    0.16905
1459.94116    1.16206    0.17106
1460.27771    0.88453    0.16916
1460.61365    0.68001    0.16804
1460.95044    0.84588    0.17789
1461.28662    1.06269    0.18185
1461.62354    0.54547    0.17049
1461.95984    0.79970    0.16983
1462.29614    1.00669    0.17102
1462.63330    1.00843    0.17228
1462.96973    0.73244    0.16910
1463.30713    0.67266    0.16678
1463.64380    0.57193    0.16236
1463.98132    0.56938    0.15993
1464.31799    0.80036    0.16340
1464.65503    0.92523    0.16455
1464.99268    0.79998    0.16552
1465.32971    0.75533    0.16743
1465.66760    0.75868    0.16725
1466.00476    0.86849    0.17114
1466.34290    0.91518    0.17079
1466.68005    0.53519    0.16018
1467.01758    0.21373    0.15122
1467.35583    1.04054    0.16513
1467.69336    0.95997    0.17110
1468.03186    0.80719    0.19455
1468.36951    0.93216    0.21724
1468.70813    0.81388    0.19878
1469.04614    0.99899    0.16697
1469.38403    1.07686    0.16842
1469.72290    0.72043    0.16066
1470.06091    0.65561    0.16225
1470.40002    0.87697    0.16711
1470.73816    0.86930    0.17024
1471.07739    0.43166    0.16978
1471.41577    1.06498    0.17765
1471.75427    0.74704    0.16902
1472.09375    0.90596    0.17713
1472.43237    0.76720    0.17897
1472.77185    0.55149    0.17002
1473.11060    0.71935    0.16891
1473.45044    0.91466    0.17203
1473.78931    0.98367    0.17166
1474.12842    0.61738    0.16208
1474.46826    0.50389    0.15858
1474.80750    0.76856    0.16917
1475.14771    0.87373    0.17706
1475.48694    0.99742    0.17322
1475.82715    0.96985    0.16516
1476.16675    0.74147    0.16119
1476.50623    0.80814    0.15873
1476.84668    0.65372    0.16007
1477.18652    0.74737    0.17075
1477.52722    0.93722    0.17933
1477.86707    0.39566    0.16904
1478.20789    0.69769    0.16494
1478.54785    0.77619    0.15667
1478.88806    0.78506    0.15397
1479.22913    0.60097    0.15249
1479.56934    0.73518    0.15443
1479.91052    0.78788    0.15424
1480.25098    0.49190    0.15054
1480.59241    0.35131    0.14937
1480.93298    0.61413    0.15794
1481.27356    0.56228    0.15943
1481.61523    0.51721    0.15434
1481.95605    0.63957    0.15222
1482.29773    0.67017    0.15317
1482.63879    0.37891    0.15501
1482.98059    0.68369    0.15968
1483.32178    0.85960    0.15933
1483.66309    0.76081    0.15332
1484.00525    0.66480    0.15120
1484.34668    0.78849    0.15740
1484.68896    0.62107    0.15297
1485.03052    0.49256    0.15258
1485.37292    0.75490    0.15594
1485.71460    0.70786    0.15759
1486.05713    0.69134    0.15617
1486.39905    0.54058    0.15320
1486.74109    0.61586    0.14973
1487.08386    0.49893    0.15268
1487.42603    0.40553    0.16652
1487.76892    0.66129    0.17745
1488.11121    0.36206    0.16865
1488.45435    0.66561    0.16500
1488.79675    0.40902    0.16007
1489.13928    0.28881    0.15485
1489.48267    0.25835    0.14883
1489.82544    0.40318    0.14657
1490.16895    0.31191    0.14604
1490.51172    0.15363    0.14590
1490.85547    0.33539    0.14719
1491.19836    0.38051    0.14735
1491.54138    0.32774    0.14392
1491.88525    0.21288    0.14213
1492.22852   -0.03053    0.14016
1492.57263    0.29175    0.14735
1492.91602    0.27708    0.15537
1493.26025    0.59384    0.16288
1493.60376    0.43888    0.15766
1493.94751    0.20102    0.14929
1494.29199    0.26300    0.15043
1494.63562    0.35959    0.15340
1494.98035    0.35105    0.15728
1495.32422    0.19977    0.15552
1495.66907    0.15176    0.15147
1496.01306    0.02861    0.14056
1496.35730    0.18273    0.14073
1496.70239    0.08139    0.14159
1497.04663    0.30023    0.14554
1497.39185    0.16951    0.14761
1497.73633    0.25587    0.15279
1498.08167    0.43604    0.15219
1498.42639    0.53908    0.15236
1498.77112    0.40073    0.14941
1499.11670    0.35242    0.15507
1499.46155    0.07376    0.15800
1499.80725    0.23775    0.16305
1500.15234    0.19271    0.15979
1500.49829    0.09230    0.14948
1500.84351    0.48572    0.14652
1501.18884    0.26756    0.14325
1501.53491    0.09292    0.14213
1501.88037    0.20878    0.14303
1502.22668    0.32707    0.14380
1502.57227    0.33858    0.14128
1502.91882    0.29675    0.14314
1503.26453    0.36781    0.15081
1503.61035    0.37646    0.15574
1503.95703    0.49333    0.15654
1504.30310    0.15939    0.14702
1504.65002    0.39956    0.14591
1504.99609    0.44938    0.14461
1505.34314    0.22104    0.13812
1505.68945    0.02607    0.13347
1506.03577    0.22808    0.13718
1506.38318    0.27890    0.14349
1506.72961    0.23586    0.14454
1507.07715    0.16120    0.14289
1507.42383    0.35184    0.14006
1507.77136    0.21325    0.13315
1508.11829    0.18535    0.12979
1508.46521    0.18988    0.13278
1508.81311    0.07996    0.14119
1509.16016    0.08912    0.14321
1509.50818    0.45566    0.14219
1509.85547    0.03149    0.13536
1510.20361    0.47089    0.14244
1510.55103    0.19980    0.14263
1510.89929    0.06182    0.14091
1511.24683    0.50416    0.14468
1511.59460    0.51134    0.13793
1511.94312    0.15980    0.13587
1512.29102    0.16108    0.14150
1512.63977    0.14560    0.14127
1512.98767    0.28475    0.13898
1513.33655    0.32359    0.13814
1513.68469    0.26161    0.14539
1514.03296    0.58253    0.15807
1514.38208    0.79760    0.15934
1514.73047    0.78381    0.15119
1515.07971    0.95476    0.15486
1515.42834    0.74291    0.14945
1515.77771    0.39672    0.14045
1516.12646    0.89996    0.14465
1516.47522    0.99434    0.14822
1516.82495    0.63033    0.14281
1517.17395    0.67381    0.13947
1517.52368    0.77365    0.13807
1517.87280    0.69598    0.14006
1518.22278    0.80648    0.14048
1518.57202    1.02589    0.14358
1518.92151    0.98270    0.14248
1519.27173    0.78841    0.14011
1519.62122    0.87401    0.14613
1519.97156    1.27298    0.15193
1520.32129    0.98703    0.14581
1520.67200    1.02361    0.14392
1521.02173    1.03529    0.14116
1521.37170    0.69371    0.13926
1521.72253    0.92521    0.14466
1522.07263    0.99180    0.14400
1522.42358    0.87438    0.14090
1522.77380    1.00887    0.14603
1523.12488    0.98813    0.14735
1523.47534    0.83037    0.14200
1523.82568    1.16935    0.13861
1524.17725    1.23637    0.13346
1524.52771    1.02870    0.12814
1524.87939    0.85249    0.12527
1525.23010    1.08558    0.13444
1525.58179    1.03951    0.14201
1525.93286    0.91400    0.13343
1526.28381    0.96783    0.12582
1526.63586    1.04941    0.12447
1526.98706    1.09978    0.12325
1527.33911    1.20175    0.12396
1527.69043    1.05687    0.12287
1528.04285    1.18217    0.12127
1528.39429    1.05296    0.11785
1528.74597    0.91213    0.11673
1529.09839    1.12742    0.12228
1529.45020    1.39077    0.12691
1529.80298    1.17747    0.12338
1530.15479    1.10349    0.11753
1530.50769    1.07578    0.11205
1530.85974    1.17215    0.11310
1531.21191    1.00603    0.11087
1531.56494    0.82648    0.10741
1531.91736    0.98771    0.10696
1532.27063    0.87429    0.10672
1532.62305    0.65231    0.10184
1532.97656    1.26247    0.11016
1533.32910    0.88332    0.10343
1533.68188    0.88529    0.10636
1534.03564    0.85340    0.10892
1534.38855    1.11050    0.11091
1534.74231    1.24253    0.10423
1535.09546    0.93383    0.09535
1535.44946    0.96236    0.09484
1535.80261    1.16880    0.09841
1536.15588    0.89182    0.09583
1536.51025    0.92344    0.09636
1536.86365    1.06841    0.09745
1537.21802    1.03690    0.09500
1537.57166    0.95023    0.09420
1537.92627    0.90105    0.09540
1538.27991    1.01072    0.09801
1538.63477    1.09771    0.09921
1538.98865    0.96887    0.09609
1539.34265    1.02487    0.09678
1539.69763    0.85579    0.09352
1540.05200    0.95120    0.09286
1540.40710    1.01918    0.09104
1540.76135    0.90758    0.08754
1541.11670    1.01512    0.08805
1541.47119    1.03951    0.08890
1541.82593    0.94087    0.08914
1542.18140    0.93933    0.08880
1542.53613    1.00590    0.09119
1542.89185    0.91059    0.09117
1543.24683    0.99315    0.09093
1543.60266    1.07194    0.09107
1543.95776    0.90363    0.08895
1544.31299    0.84937    0.08661
1544.66907    0.95271    0.08701
1545.02441    1.06358    0.08980
1545.38074    0.97612    0.09128
1545.73621    1.24136    0.09522
1546.09265    1.11452    0.09276
1546.44836    0.99720    0.09069
1546.80408    1.14512    0.09382
1547.16089    0.98390    0.09343
1547.51672    1.20824    0.09995
1547.87366    1.20667    0.10195
1548.22974    1.24289    0.09957
1548.58667    1.19828    0.09682
1548.94287    1.10800    0.09685
1549.29932    1.20149    0.09806
1549.65649    1.02583    0.09703
1550.01306    1.13866    0.10091
1550.37036    0.96719    0.09871
1550.72705    0.89746    0.09856
1551.08472    0.64010    0.09713
1551.44153    0.77268    0.10343
1551.79846    0.89889    0.10294
1552.15625    1.05192    0.09972
1552.51331    1.05648    0.09951
1552.87134    1.08571    0.10383
1553.22864    0.88834    0.10331
1553.58679    0.98346    0.10386
1553.94409    0.62039    0.10006
1554.30164    1.04351    0.10930
1554.66016    1.17477    0.11095
1555.01770    1.22505    0.11246
1555.37622    1.08912    0.11281
1555.73413    0.95341    0.11349
1556.09290    0.82978    0.11172
1556.45081    1.11690    0.11219
1556.80884    1.04847    0.10973
1557.16797    0.83027    0.10672
1557.52612    0.99578    0.10964
1557.88525    1.01988    0.11109
1558.24365    1.02619    0.11323
1558.60291    1.11557    0.11503
1558.96155    1.14001    0.11488
1559.32019    0.88203    0.11294
1559.67981    1.18580    0.11702
1560.03857    0.81697    0.11258
1560.39832    1.27365    0.14330
1560.75732    0.89119    0.13971
1561.11719    0.99911    0.11577
1561.47632    0.74468    0.11319
1561.83557    1.05981    0.12019
1562.19568    1.01014    0.12973
1562.55505    1.38288    0.16216
1562.91541    0.66177    0.17788
1563.27490    1.07820    0.16563
1563.63550    1.12455    0.13862
1563.99524    0.88631    0.12742
1564.35498    0.98111    0.13033
1564.71570    0.88451    0.13693
1565.07568    0.75619    0.13584
1565.43652    0.95844    0.13221
1565.79663    1.11049    0.13069
1566.15771    1.20439    0.13221
1566.51794    0.94766    0.13229
1566.87927    1.03939    0.13385
1567.23962    1.11451    0.13263
1567.60022    1.08464    0.12987
1567.96179    0.86671    0.12749
1568.32251    1.15713    0.13020
1568.68408    1.15244    0.13312
1569.04504    1.16850    0.13665
1569.40674    0.90133    0.13880
1569.76782    0.93204    0.14125
1570.12903    0.90944    0.13188
1570.49097    0.67362    0.12303
1570.85242    0.82973    0.12306
1571.21448    0.78155    0.12119
1571.57605    0.95245    0.13130
1571.93848    1.14253    0.14606
1572.29993    0.89479    0.14620
1572.66162    1.28799    0.14274
1573.02429    1.16584    0.13294
1573.38635    1.01874    0.12865
1573.74915    0.74583    0.12655
1574.11108    1.13002    0.13448
1574.47400    1.18121    0.13327
1574.83630    1.40763    0.13684
1575.19849    1.21191    0.13145
1575.56189    0.93082    0.12970
1575.92432    1.01546    0.13352
1576.28772    0.87082    0.13388
1576.65039    0.98598    0.13362
1577.01379    0.98284    0.13003
1577.37671    1.11137    0.13082
1577.73962    0.81466    0.12932
1578.10339    0.81688    0.13306
1578.46643    1.14622    0.13827
1578.83044    1.30947    0.14055
1579.19360    1.05881    0.14096
1579.55786    0.94233    0.13935
1579.92114    1.06885    0.14569
1580.28455    0.95439    0.14574
1580.64905    1.09969    0.13941
1581.01270    1.10595    0.13321
1581.37720    0.80016    0.13029
1581.74097    0.92999    0.13125
1582.10571    0.96946    0.13317
1582.46985    0.76652    0.13280
1582.83374    0.87049    0.13402
1583.19873    0.73362    0.13064
1583.56299    0.78890    0.12899
1583.92810    1.07308    0.13418
1584.29248    1.15821    0.13624
1584.65784    1.14041    0.13531
1585.02246    0.99446    0.13505
1585.38708    1.04569    0.13698
1585.75269    1.22514    0.14029
1586.11743    1.24454    0.14111
1586.48315    1.01834    0.14059
1586.84827    1.00476    0.14141
1587.21411    1.14920    0.13962
1587.57910    0.95434    0.13712
1587.94446    0.93382    0.14042
1588.31067    1.04042    0.14450
1588.67590    1.13008    0.14410
1589.04236    0.94820    0.13624
1589.40784    0.96259    0.13047
1589.77441    0.73162    0.13694
1590.14014    1.11249    0.14977
1590.50598    0.84168    0.14221
1590.87280    0.99566    0.13202
1591.23865    0.74414    0.12739
1591.60571    1.15507    0.13770
1591.97180    1.42769    0.14425
1592.33887    1.04988    0.14017
1592.70532    1.00063    0.13744
1593.07153    1.17179    0.13503
1593.43896    0.81081    0.12935
1593.80554    0.87411    0.13190
1594.17297    0.95894    0.13730
1594.53979    0.92248    0.14317
1594.90759    0.87708    0.15236
1595.27441    1.17043    0.19157
1595.64221    2.43207    0.33165
1596.00940    2.17637    0.79047
1596.37646    0.86456    1.61001
1596.74463    1.28068    0.54468
1597.11194    1.46192    0.18315
1597.48022    1.13952    0.15922
1597.84778    1.08941    0.15029
1598.21619    0.77919    0.13567
1598.58386    1.11846    0.13364
1598.95166    0.86726    0.13250
1599.32031    1.13552    0.13674
1599.68835    1.02753    0.13775
1600.05713    0.97744    0.13470
1600.42529    0.88542    0.13293
1600.79431    1.01221    0.13643
1601.16260    1.04283    0.13506
1601.53088    0.90278    0.13172
1601.90027    0.99882    0.13495
1602.26880    1.18024    0.13788
1602.63818    1.33591    0.13935
1603.00684    1.32982    0.13811
1603.37646    0.98510    0.13164
1603.74548    1.15672    0.13605
1604.11438    1.22692    0.14483
1604.48413    1.23552    0.14145
1604.85327    0.96708    0.13140
1605.22339    1.11740    0.13017
1605.59277    0.83337    0.12804
1605.96289    1.17414    0.13400
1606.33240    1.09326    0.13745
1606.70203    1.16630    0.13622
1607.07251    0.75705    0.13111
1607.44214    1.36837    0.14251
1607.81274    1.19976    0.16748
1608.18274    1.30052    0.16649
1608.55359    1.47801    0.14395
1608.92358    0.97534    0.12923
1609.29370    0.82062    0.13149
1609.66479    0.72941    0.13182
1610.03516    0.96840    0.12924
1610.40637    1.05727    0.12951
1610.77686    1.09740    0.13319
1611.14832    1.04272    0.13826
1611.51892    0.84579    0.13759
1611.88965    1.10293    0.13880
1612.26135    1.22185    0.13763
1612.63220    1.04027    0.13045
1613.00415    1.10954    0.12979
1613.37512    1.15804    0.13081
1613.74719    1.00222    0.13182
1614.11853    1.10878    0.13625
1614.48987    1.10432    0.13962
1614.86218    1.13173    0.14039
1615.23364    0.86079    0.13475
1615.60608    1.05272    0.13538
1615.97766    1.08256    0.13477
1616.35046    0.87969    0.13138
1616.72217    0.90768    0.12779
1617.09424    1.08082    0.13067
1617.46704    1.25623    0.13241
1617.83911    1.05373    0.13132
1618.21228    1.08902    0.13198
1618.58459    1.09980    0.13630
1618.95764    0.70536    0.13223
1619.33008    0.77646    0.12907
1619.70276    0.88638    0.13005
1620.07617    1.05974    0.13249
1620.44885    1.04258    0.13376
1620.82263    1.04741    0.13671
1621.19543    1.20194    0.14274
1621.56934    0.85398    0.13860
1621.94226    1.04505    0.14148
1622.31543    0.79475    0.14269
1622.68958    0.79314    0.13917
1623.06287    1.32537    0.14184
1623.43713    1.15330    0.14226
1623.81055    0.98911    0.14280
1624.18494    1.10584    0.14770
1624.55859    0.97850    0.14603
1624.93335    0.86167    0.14477
1625.30701    1.02289    0.15213
1625.68103    1.12209    0.15493
1626.05591    1.09001    0.14749
1626.42993    1.02649    0.15226
1626.80493    1.09366    0.15917
1627.17920    1.09209    0.17257
1627.55444    0.97294    0.16959
1627.92883    0.99233    0.15909
1628.30334    0.68915    0.16415
1628.67896    1.33779    0.18745
1629.05359    0.84877    0.16996
1629.42920    1.09149    0.15063
1629.80408    0.94388    0.14441
1630.17993    1.21267    0.14508
1630.55481    1.19425    0.14554
1630.92993    1.11471    0.14108
1631.30603    0.83232    0.13636
1631.68140    1.02647    0.13780
1632.05762    1.10452    0.13892
1632.43311    0.93312    0.13496
1632.80945    1.10447    0.13375
1633.18518    0.85371    0.12888
1633.56079    0.91402    0.12969
1633.93762    0.84662    0.12857
1634.31335    0.87399    0.13019
1634.69031    1.12755    0.13398
1635.06641    0.99586    0.13141
1635.44348    1.10186    0.13250
1635.81970    1.06479    0.13682
1636.19592    1.07017    0.14424
1636.57324    0.83871    0.13817
1636.94971    1.05259    0.13562
1637.32727    1.11876    0.13775
1637.70386    1.08963    0.14201
1638.08142    0.93235    0.13950
1638.45837    0.97675    0.13263
1638.83533    1.00940    0.13302
1639.21326    0.83327    0.12533
1639.59021    1.12839    0.13071
1639.96838    0.92964    0.13290
1640.34570    0.98559    0.13968
1640.72400    0.96883    0.13838
1641.10144    0.87132    0.13126
1641.47888    1.13843    0.13572
1641.85742    0.94974    0.14086
1642.23511    0.81161    0.14026
1642.61389    1.09138    0.13326
1642.99170    0.91201    0.12585
1643.37061    0.82859    0.12704
1643.74866    0.82591    0.12764
1644.12683    0.88490    0.13213
1644.50586    0.90748    0.13438
1644.88416    0.96807    0.14296
1645.26355    0.97576    0.14404
1645.64209    1.11215    0.14121
1646.02148    0.83640    0.13399
1646.40027    0.88589    0.13590
1646.77893    0.96517    0.13626
1647.15869    0.88889    0.13375
1647.53760    0.87599    0.13126
1647.91748    1.06353    0.12998
1648.29651    0.94017    0.12891
1648.67664    1.14362    0.13801
1649.05603    0.88945    0.13289
1649.43542    1.06915    0.13510
1649.81567    0.90923    0.13983
