1410.06543    1.14485    0.07519
1410.38977    1.28008    0.07659
1410.71509    0.96771    0.08092
1411.03955    1.05325    0.08062
1411.36487    1.10667    0.07460
1411.68958    1.01997    0.07333
1412.01440    0.97864    0.07315
1412.34009    1.02659    0.07250
1412.66492    0.95406    0.07150
1412.99072    1.00170    0.07136
1413.31580    1.01874    0.07035
1413.64160    0.96153    0.06964
1413.96680    1.01091    0.07155
1414.29211    1.23263    0.07354
1414.61829    1.06500    0.07349
1414.94373    1.10049    0.07214
1415.27002    1.06470    0.07249
1415.59558    1.18279    0.07443
1415.92200    1.32028    0.07469
1416.24780    0.95652    0.07012
1416.57361    0.96272    0.06923
1416.90015    0.99247    0.06931
1417.22607    1.01677    0.06900
1417.55298    1.05982    0.06963
1417.87903    1.08832    0.07004
1418.20605    1.05308    0.06825
1418.53223    0.98535    0.06638
1418.85938    0.87605    0.06303
1419.18579    0.59476    0.05862
1419.51233    0.31100    0.05398
1419.83960    0.24414    0.05263
1420.16626    0.38415    0.05491
1420.49377    0.50474    0.05859
1420.82056    0.73817    0.06100
1421.14807    0.73845    0.06245
1421.47510    0.55273    0.05894
1421.80212    0.39404    0.05627
1422.12988    0.32715    0.05556
1422.45715    0.33896    0.05649
1422.78516    0.61038    0.06130
1423.11243    0.77089    0.06651
1423.44067    0.80940    0.07048
1423.76807    0.88894    0.07420
1424.09558    0.98304    0.07845
1424.42395    0.88268    0.07718
1424.75171    1.05657    0.07392
1425.08020    1.07253    0.07647
1425.40808    0.96927    0.07339
1425.73669    1.00070    0.06879
1426.06482    1.10750    0.06891
1426.39282    0.93357    0.06807
1426.72168    0.99643    0.06649
1427.04993    0.92398    0.06694
1427.37903    0.91758    0.06467
1427.70740    1.06300    0.06740
1428.03662    1.00290    0.06627
1428.36511    1.01933    0.06700
1428.69373    1.06659    0.06713
1429.02319    0.99336    0.06658
1429.35193    0.95203    0.06599
1429.68152    1.03544    0.06695
1430.01050    1.07118    0.06737
1430.34009    0.96027    0.06683
1430.66919    0.73092    0.06325
1430.99841    0.85505    0.06488
1431.32837    0.96318    0.06634
1431.65759    0.88094    0.06476
1431.98779    1.01814    0.06590
1432.31714    1.00633    0.06642
1432.64746    1.02118    0.06636
1432.97705    0.96993    0.06580
1433.30664    0.98853    0.06489
1433.63721    1.04583    0.06565
1433.96704    0.93095    0.06478
1434.29773    1.02688    0.06625
1434.62756    0.90339    0.06480
1434.95850    0.97410    0.06668
1435.28857    1.15224    0.06811
1435.61877    1.13388    0.06815
1435.94983    0.94029    0.06514
1436.28015    0.93263    0.06507
1436.61133    0.99435    0.06578
1436.94189    1.07224    0.06540
1437.27332    1.03718    0.06500
1437.60388    0.86830    0.06280
1437.93457    0.81734    0.06319
1438.26611    1.15078    0.06540
1438.59705    1.00509    0.06463
1438.92871    0.86682    0.06370
1439.25977    0.89863    0.06464
1439.59167    0.96848    0.06292
1439.92285    1.01763    0.06345
1440.25415    1.02989    0.06386
1440.58618    1.05535    0.06474
1440.91760    1.03148    0.06478
1441.25000    1.00607    0.06453
1441.58154    1.01290    0.06356
1441.91394    0.98568    0.06211
1442.24573    0.91885    0.06203
1442.57739    0.97609    0.06117
1442.91003    0.95286    0.06177
1443.24194    0.96956    0.06136
1443.57483    1.07080    0.06258
1443.90698    1.01355    0.06151
1444.23987    0.87776    0.05917
1444.57214    0.92323    0.05935
1444.90527    0.88428    0.05927
1445.23767    0.85522    0.05981
1445.57007    0.93602    0.06051
1445.90332    0.95348    0.06133
1446.23608    0.91178    0.06100
1446.56958    0.93325    0.06064
1446.90234    0.93394    0.06015
1447.23596    0.96203    0.06118
1447.56885    1.00168    0.06123
1447.90198    0.93048    0.06107
1448.23584    0.92617    0.06090
1448.56897    0.98808    0.06212
1448.90308    1.00079    0.06288
1449.23633    1.02449    0.06256
1449.57043    1.07551    0.06281
1449.90393    1.03439    0.06281
1450.23755    0.98069    0.06162
1450.57202    1.06870    0.06259
1450.90564    0.97552    0.06122
1451.24036    1.03939    0.06255
1451.57410    1.19611    0.06329
1451.90881    0.88258    0.06187
1452.24292    1.07156    0.06262
1452.57690    0.97031    0.06209
1452.91187    0.96555    0.06211
1453.24622    1.06415    0.06194
1453.58118    1.01491    0.06451
1453.91565    0.85625    0.06205
1454.25085    0.98409    0.06371
1454.58545    1.11747    0.06422
1454.92017    1.07229    0.06361
1455.25549    1.08596    0.06322
1455.59033    1.08766    0.06203
1455.92603    0.78028    0.05933
1456.26099    1.03199    0.06128
1456.59668    1.00906    0.06180
1456.93188    0.93348    0.06197
1457.26709    0.93371    0.06060
1457.60303    0.96842    0.06180
1457.93848    0.99106    0.05938
1458.27466    0.86256    0.05963
1458.61011    0.91630    0.05954
1458.94629    1.00175    0.05991
1459.28198    1.04419    0.06021
1459.61768    1.04431    0.05947
1459.95422    1.01248    0.05895
1460.29016    1.05371    0.05987
1460.62695    0.79315    0.05609
1460.96289    0.91985    0.05812
1461.29980    1.03935    0.05836
1461.63599    0.85998    0.05853
1461.97229    0.93256    0.05907
1462.30945    1.02004    0.06098
1462.64575    1.02957    0.06291
1462.98303    0.91143    0.05986
1463.31958    0.85906    0.05871
1463.65710    0.95965    0.06014
1463.99377    1.01754    0.06082
1464.33057    0.97735    0.06028
1464.66833    1.07291    0.06150
1465.00513    1.11987    0.06241
1465.34290    1.06068    0.06208
1465.68018    0.98767    0.06222
1466.01807    0.98612    0.06185
1466.35535    1.00511    0.06209
1466.69275    0.98910    0.06298
1467.03076    0.95306    0.06108
1467.36841    0.93002    0.06053
1467.70679    0.90534    0.05970
1468.04443    0.86166    0.05910
1468.38306    0.94194    0.06031
1468.72070    1.02931    0.06145
1469.05872    1.02477    0.06075
1469.39734    0.95220    0.05948
1469.73535    0.94387    0.05955
1470.07434    1.05508    0.05966
1470.41248    0.97426    0.05971
1470.75159    1.02090    0.06018
1471.08997    1.01460    0.05851
1471.42908    0.94296    0.05829
1471.76770    0.96173    0.05890
1472.10632    1.09448    0.05940
1472.44580    1.00596    0.05819
1472.78442    0.92815    0.05649
1473.12402    0.68686    0.05322
1473.46301    0.61974    0.05254
1473.80273    0.81100    0.05371
1474.14172    0.80485    0.05433
1474.48083    0.91050    0.05576
1474.82080    0.80716    0.05403
1475.16016    0.67944    0.05242
1475.50024    0.74974    0.05374
1475.83972    0.85184    0.05471
1476.18005    0.68536    0.05328
1476.51978    0.83655    0.05375
1476.85938    0.80201    0.05449
1477.20007    0.89156    0.05506
1477.53979    1.00020    0.05665
1477.88049    0.97512    0.05631
1478.22046    0.96843    0.05711
1478.56128    0.86769    0.05557
1478.90149    1.02127    0.05734
1479.24158    1.02124    0.05702
1479.58276    0.95958    0.05681
1479.92310    0.95507    0.05632
1480.26453    0.84670    0.05614
1480.60498    1.00392    0.05754
1480.94629    0.93681    0.05700
1481.28723    0.92667    0.05688
1481.62781    1.00575    0.05711
1481.96960    1.03431    0.05758
1482.31042    0.98990    0.05658
1482.65222    0.91311    0.05627
1482.99329    1.04795    0.05811
1483.33533    0.96894    0.05682
1483.67651    0.84884    0.05549
1484.01782    0.95586    0.05652
1484.36011    1.07358    0.05740
1484.70166    0.95496    0.05647
1485.04395    0.97062    0.05572
1485.38550    1.04101    0.05715
1485.72803    1.07471    0.05766
1486.06995    1.04660    0.05762
1486.41187    0.96307    0.05618
1486.75452    0.90966    0.05501
1487.09656    0.89380    0.05438
1487.43945    0.85682    0.05243
1487.78174    0.99519    0.05526
1488.12476    1.19173    0.05665
1488.46704    1.01004    0.05550
1488.80957    0.99440    0.05528
1489.15283    1.05297    0.05593
1489.49536    0.95853    0.05523
1489.83899    0.92431    0.05483
1490.18164    1.02969    0.05627
1490.52527    0.99908    0.05562
1490.86816    1.07624    0.05704
1491.21106    1.02242    0.05548
1491.55505    0.99770    0.05611
1491.89807    1.03810    0.05643
1492.24219    1.00546    0.05543
1492.58545    0.87061    0.05421
1492.92957    1.03487    0.05499
1493.27307    0.98217    0.05506
1493.61658    0.88157    0.05371
1493.96094    0.94405    0.05492
1494.30469    0.98138    0.05600
1494.64917    0.77083    0.05339
1494.99316    1.12547    0.05718
1495.33789    0.82565    0.05348
1495.68188    0.95605    0.05493
1496.02600    1.11135    0.05590
1496.37097    0.84919    0.05393
1496.71521    0.93312    0.05347
1497.06030    0.89993    0.05355
1497.40454    0.89848    0.05338
1497.74988    0.87122    0.05355
1498.09448    0.88437    0.05398
1498.44006    0.98900    0.05520
1498.78467    1.03799    0.05617
1499.12939    0.87358    0.05303
1499.47522    0.84720    0.05228
1499.82019    0.95014    0.05496
1500.16602    1.01840    0.05500
1500.51111    1.02807    0.05613
1500.85718    1.06446    0.05581
1501.20251    0.88761    0.05451
1501.54773    0.95588    0.05449
1501.89392    0.97655    0.05543
1502.23962    0.91439    0.05386
1502.58594    0.90788    0.05346
1502.93152    0.97648    0.05437
1503.27808    1.10772    0.05675
1503.62402    1.04023    0.05576
1503.96985    0.93095    0.05449
1504.31677    0.95683    0.05438
1504.66272    1.00122    0.05457
1505.00977    0.82919    0.05750
1505.35596    0.87738    0.05854
1505.70312    0.97048    0.05444
1506.04944    1.01492    0.05495
1506.39600    1.05556    0.05547
1506.74341    1.07529    0.05507
1507.09009    1.00246    0.05531
1507.43738    1.05362    0.05466
1507.78430    0.78062    0.05223
1508.13196    0.80732    0.05105
1508.47876    0.94960    0.05395
1508.82581    0.88992    0.05285
1509.17395    0.91040    0.05336
1509.52112    0.96400    0.05388
1509.86914    0.89871    0.05275
1510.21655    0.93878    0.05326
1510.56470    0.97917    0.05365
1510.91223    0.96248    0.05418
1511.25989    1.05323    0.05701
1511.60828    0.89553    0.05631
1511.95605    1.00494    0.05476
1512.30469    1.02198    0.05426
1512.65259    0.96830    0.05444
1513.00146    1.03801    0.05355
1513.34949    1.10990    0.05419
1513.69763    0.96921    0.05194
1514.04663    0.95637    0.05230
1514.39502    0.97195    0.05166
1514.74414    0.99831    0.05299
1515.09277    1.03445    0.05272
1515.44202    0.99712    0.05301
1515.79077    1.00224    0.05269
1516.13928    1.01396    0.05349
1516.48914    1.05350    0.05453
1516.83777    1.05106    0.05425
1517.18762    0.98472    0.05255
1517.53674    0.96499    0.05267
1517.88660    0.99850    0.05366
1518.23572    1.01191    0.05437
1518.58521    1.02091    0.05449
1518.93530    1.05213    0.05508
1519.28467    1.05228    0.05402
1519.63501    0.96381    0.05380
1519.98462    1.00668    0.05408
1520.33508    0.95555    0.05399
1520.68481    1.03937    0.05410
1521.03479    1.09171    0.05390
1521.38538    1.01022    0.05153
1521.73547    1.06038    0.05193
1522.08630    1.02073    0.05169
1522.43640    1.03816    0.05145
1522.78760    1.02248    0.05224
1523.13782    0.99721    0.05010
1523.48828    1.02318    0.05155
1523.83960    1.04049    0.05147
1524.19006    0.96003    0.05047
1524.54163    1.00311    0.05146
1524.89246    1.06051    0.05199
1525.24402    1.06903    0.05193
1525.59485    1.08436    0.05226
1525.94666    1.14639    0.05192
1526.29773    1.09145    0.05108
1526.64880    1.05328    0.05013
1527.00085    1.02865    0.05006
1527.35217    1.01580    0.04942
1527.70435    1.01931    0.04984
1528.05579    1.00090    0.04924
1528.40820    0.91099    0.04730
1528.75989    0.95805    0.04885
1529.11157    0.97494    0.04872
1529.46399    0.95171    0.04887
1529.81592    0.97285    0.04886
1530.16870    1.04220    0.05047
1530.52075    1.13804    0.05140
1530.87366    1.07876    0.04979
1531.22583    0.95086    0.04730
1531.57812    0.81502    0.04410
1531.93140    0.71863    0.04314
1532.28369    0.74206    0.04346
1532.63708    0.84750    0.04593
1532.98962    0.95021    0.04982
1533.34314    0.94452    0.05635
1533.69580    0.99387    0.05987
1534.04871    1.10302    0.06089
1534.40247    0.98766    0.05541
1534.75549    0.93094    0.05048
1535.10938    1.05738    0.04959
1535.46240    1.05927    0.04791
1535.81653    0.99860    0.04640
1536.16992    0.97751    0.04495
1536.52319    0.87786    0.04425
1536.87769    0.94792    0.04452
1537.23120    1.04823    0.04564
1537.58557    1.04042    0.04553
1537.93933    0.98930    0.04449
1538.29395    1.00379    0.04466
1538.64783    1.05264    0.04513
1539.00195    0.99519    0.04402
1539.35669    0.96076    0.04333
1539.71094    1.01455    0.04493
1540.06580    1.07841    0.04519
1540.42029    1.04209    0.04472
1540.77527    0.94997    0.04389
1541.12988    1.09486    0.04422
1541.48438    1.02529    0.04340
1541.83997    0.95225    0.04261
1542.19458    0.98997    0.04263
1542.55017    1.04190    0.04270
1542.90503    1.02469    0.04218
1543.26086    1.07090    0.04235
1543.61572    1.04264    0.04248
1543.97083    1.01411    0.04162
1544.32703    1.00271    0.04200
1544.68225    0.97187    0.04115
1545.03845    0.95058    0.04152
1545.39380    1.05518    0.04314
1545.75037    1.02968    0.04236
1546.10596    1.02052    0.04270
1546.46155    1.06892    0.04276
1546.81824    1.07355    0.04295
1547.17395    0.98678    0.04189
1547.53076    0.97719    0.04189
1547.88672    1.01199    0.04217
1548.24377    0.98360    0.04257
1548.59985    0.99942    0.04264
1548.95618    1.06192    0.04355
1549.31335    0.98466    0.04325
1549.66980    1.10029    0.04392
1550.02710    0.92360    0.04332
1550.38367    0.93795    0.04236
1550.74109    1.04260    0.04473
1551.09790    0.98154    0.04408
1551.45471    0.96390    0.04436
1551.81262    0.89839    0.04308
1552.16956    0.98219    0.04442
1552.52747    0.96536    0.04410
1552.88464    0.97964    0.04530
1553.24268    1.06491    0.04511
1553.59998    0.92090    0.04499
1553.95837    1.07625    0.04591
1554.31580    1.01361    0.04594
1554.67334    0.99955    0.04547
1555.03186    1.05980    0.04615
1555.38953    1.04135    0.04677
1555.74829    0.98180    0.04683
1556.10608    0.95808    0.04633
1556.46497    0.98007    0.04624
1556.82300    0.99653    0.04616
1557.18115    1.03729    0.04750
1557.54028    1.07522    0.04844
1557.89856    0.99124    0.04724
1558.25781    0.95047    0.04659
1558.61633    0.92329    0.04696
1558.97571    1.00423    0.04776
1559.33435    1.05174    0.04830
1559.69299    1.00575    0.04850
1560.05273    1.07019    0.04849
1560.41162    1.05093    0.04803
1560.77148    1.05762    0.04842
1561.13062    1.04948    0.04885
1561.49048    1.03136    0.04873
1561.84973    1.02643    0.04907
1562.20911    1.03580    0.04994
1562.56921    1.14031    0.05035
1562.92871    0.94374    0.04846
1563.28918    0.92212    0.04781
1563.64868    1.02362    0.04888
1564.00928    0.98168    0.04921
1564.36902    0.93499    0.04880
1564.72900    0.98913    0.04942
1565.08997    0.99911    0.04857
1565.44983    1.02660    0.05004
1565.81091    1.05737    0.05020
1566.17102    1.00808    0.04936
1566.53235    0.90499    0.04892
1566.89258    1.00401    0.04914
1567.25317    1.01041    0.04921
1567.61450    0.99620    0.04877
1567.97510    1.02222    0.04931
1568.33667    1.04151    0.04968
1568.69739    1.00434    0.04939
1569.05920    0.99708    0.04915
1569.42017    0.97502    0.04883
1569.78125    1.04625    0.04994
1570.14331    1.04676    0.05030
1570.50439    0.92028    0.04973
1570.86646    0.94067    0.04988
1571.22803    0.91115    0.04930
1571.59033    0.97498    0.04975
1571.95178    0.98200    0.04944
1572.31335    0.96834    0.04914
1572.67603    0.99097    0.04877
1573.03784    0.93936    0.04800
1573.40051    0.92766    0.04778
1573.76245    0.97185    0.04890
1574.12549    0.98269    0.04973
1574.48755    0.97457    0.04970
1574.84973    1.00300    0.04969
1575.21289    1.03753    0.04977
1575.57520    0.98050    0.04936
1575.93860    0.95730    0.04940
1576.30127    1.07313    0.05035
1576.66455    1.08517    0.05024
1577.02747    0.91460    0.04800
1577.39001    0.94491    0.04867
1577.75391    1.08747    0.05083
1578.11694    1.02988    0.05123
1578.48083    0.93942    0.04904
1578.84399    0.91977    0.04902
1579.20801    0.95055    0.04941
1579.57129    0.99087    0.04892
1579.93469    0.95101    0.04824
1580.29895    0.92442    0.04789
1580.66260    0.94686    0.04831
1581.02698    0.93413    0.04737
1581.39062    0.91694    0.04898
1581.75537    1.05064    0.04969
1582.11926    1.00296    0.04918
1582.48413    0.94197    0.04832
1582.84814    0.87881    0.04751
1583.21240    0.87179    0.04784
1583.57739    0.96495    0.04865
1583.94165    1.02864    0.04885
1584.30688    0.86120    0.04810
1584.67139    0.94898    0.04865
1585.03687    0.96179    0.04893
1585.40137    0.90606    0.04825
1585.76611    0.97614    0.04916
1586.13184    1.06368    0.05037
1586.49670    1.01127    0.04972
1586.86267    0.93187    0.04810
1587.22766    0.91399    0.04826
1587.59363    0.96628    0.04839
1587.95886    0.98546    0.04904
1588.32410    0.85704    0.04742
1588.69031    0.82031    0.04697
1589.05591    0.90868    0.04734
1589.42236    0.92119    0.04786
1589.78796    0.90873    0.04722
1590.15454    0.95922    0.04843
1590.52026    0.93639    0.04752
1590.88623    0.83008    0.04621
1591.25317    0.87324    0.04675
1591.61926    0.87701    0.04652
1591.98621    0.92398    0.04739
1592.35254    1.00382    0.04759
1592.71960    0.82512    0.04662
1593.08606    0.93477    0.04651
1593.45251    0.89600    0.04680
1593.81995    0.91239    0.04702
1594.18665    0.94398    0.04734
1594.55420    0.88149    0.04781
1594.92114    0.90859    0.05179
1595.28882    0.98930    0.05302
1595.65601    0.96830    0.05213
1596.02295    0.97987    0.04900
1596.39111    0.99257    0.04938
1596.75818    0.94488    0.04857
1597.12646    0.93039    0.04805
1597.49377    0.87896    0.04793
1597.86230    0.90009    0.04861
1598.22974    0.90638    0.04832
1598.59753    0.85881    0.04695
1598.96606    0.82208    0.04696
1599.33386    0.87238    0.04733
1599.70276    0.92209    0.04808
1600.07068    0.87642    0.04725
1600.43970    0.90431    0.04791
1600.80786    0.97886    0.04814
1601.17627    0.96179    0.04743
1601.54541    0.90402    0.04795
1601.91394    1.09360    0.04967
1602.28320    0.96874    0.04848
1602.65198    0.91936    0.04705
1603.02148    0.97724    0.04749
1603.39014    0.92874    0.04691
1603.75916    0.88739    0.04746
1604.12891    1.06956    0.04893
1604.49792    1.04834    0.04932
1604.86792    0.89452    0.04738
1605.23706    0.90214    0.04688
1605.60730    1.06556    0.04872
1605.97668    1.01348    0.04861
1606.34607    1.01272    0.04911
1606.71655    0.93713    0.04763
1607.08618    0.98131    0.04747
1607.45667    0.98977    0.04745
1607.82654    0.89047    0.04646
1608.19727    1.01114    0.04788
1608.56714    0.96692    0.04785
1608.93823    0.94505    0.04768
1609.30823    1.02842    0.04833
1609.67847    1.05986    0.04882
1610.04980    0.96888    0.04771
1610.42017    0.93958    0.04744
1610.79138    0.86094    0.04628
1611.16199    0.88421    0.04705
1611.53357    0.95331    0.04711
1611.90430    0.96263    0.04754
1612.27515    0.92970    0.04689
1612.64697    0.98069    0.04734
1613.01782    0.98447    0.04774
1613.38977    0.96379    0.04710
1613.76099    0.93892    0.04729
1614.13318    0.95781    0.04736
1614.50439    1.01279    0.04831
1614.87585    0.99637    0.04789
1615.24829    0.92510    0.04705
1615.61987    0.94534    0.04657
1615.99243    1.00873    0.04801
1616.36426    1.08094    0.04922
1616.73682    1.10081    0.04888
1617.10876    1.00910    0.04750
1617.48083    1.11743    0.04889
1617.85388    0.98288    0.04760
1618.22595    0.95268    0.04741
1618.59912    0.97799    0.05117
1618.97156    0.88396    0.04998
1619.34485    0.90778    0.04586
1619.71729    0.97906    0.04665
1620.08997    0.93476    0.04650
1620.46362    0.89497    0.04617
1620.83643    0.94940    0.04628
1621.21021    1.02688    0.04763
1621.58313    0.99305    0.04733
1621.95703    0.99633    0.04723
1622.33008    0.97783    0.04779
1622.70349    0.97468    0.04715
1623.07764    0.95053    0.04663
1623.45093    0.92155    0.04646
1623.82532    1.01743    0.04778
1624.19897    1.04071    0.04775
1624.57349    0.97678    0.04704
1624.94702    1.01616    0.04819
1625.32092    1.04122    0.04700
1625.69580    0.94248    0.04616
1626.06970    0.95924    0.04653
1626.44482    1.07753    0.04792
1626.81873    1.01582    0.04699
1627.19397    1.04300    0.04832
1627.56836    1.08638    0.04728
1627.94287    0.98043    0.04675
1628.31824    0.93455    0.04603
1628.69275    1.01069    0.04683
1629.06824    0.93219    0.04596
1629.44312    0.93421    0.04566
1629.81885    0.98338    0.04641
1630.19385    0.94695    0.04632
1630.56873    0.94573    0.04641
1630.94482    0.92242    0.04631
1631.31995    1.00633    0.04659
1631.69617    1.03989    0.04739
1632.07153    1.00664    0.04659
1632.44800    0.97971    0.04610
1632.82349    0.96043    0.04603
1633.19910    1.03447    0.04663
1633.57568    0.92048    0.04591
1633.95154    0.94123    0.04531
1634.32825    1.00220    0.04589
1634.70435    0.94986    0.04542
1635.08130    1.03843    0.04597
1635.45728    0.95024    0.04511
1635.83350    0.92427    0.04397
1636.21082    1.01349    0.04623
1636.58716    1.08334    0.04707
1636.96460    1.07650    0.04722
1637.34119    1.12852    0.04720
1637.71875    1.12947    0.04745
1638.09558    1.00007    0.04640
1638.47327    0.98366    0.04561
1638.85022    1.00602    0.04631
1639.22717    0.94245    0.04637
1639.60522    0.95765    0.04685
1639.98242    0.91454    0.04641
1640.36047    0.96048    0.04637
1640.73792    1.03557    0.04819
1641.11621    0.96415    0.04640
1641.49377    0.82005    0.04471
1641.87146    0.95211    0.04641
1642.25000    0.98603    0.04699
1642.62781    0.99927    0.04691
1643.00659    1.00564    0.04650
1643.38464    0.99226    0.04762
1643.76355    1.01119    0.04776
1644.14172    1.10360    0.04861
1644.52002    0.96351    0.04670
1644.89917    0.90590    0.04645
1645.27759    0.99645    0.04708
1645.65686    1.03098    0.04693
1646.03552    0.94757    0.04668
1646.41516    1.00227    0.04612
1646.79382    0.99037    0.04586
1647.17261    0.99026    0.04631
1647.55249    0.99409    0.04672
1647.93164    1.00061    0.04671
1648.31165    0.99603    0.04633
1648.69080    0.93576    0.04557
1649.07092    0.92089    0.04597
1649.45032    0.95221    0.04543
1649.82983    0.98822    0.04637
