1410.10913    0.94038    0.13714
1410.43433    0.99923    0.12958
1410.75879    0.92075    0.12893
1411.08411    0.96916    0.13188
1411.40881    1.22774    0.13522
1411.73425    1.14632    0.13004
1412.05896    1.23353    0.12676
1412.38379    0.96710    0.12433
1412.70959    0.93142    0.12726
1413.03455    1.04390    0.13045
1413.36035    1.14025    0.12837
1413.68542    1.05075    0.12447
1414.01147    1.04404    0.12558
1414.33679    0.91073    0.13366
1414.66211    0.89909    0.14479
1414.98840    1.07091    0.14729
1415.31384    1.03432    0.13649
1415.64026    0.97270    0.12671
1415.96594    0.87907    0.12264
1416.29248    1.21551    0.12585
1416.61829    1.18635    0.12998
1416.94409    1.00925    0.13209
1417.27087    1.07348    0.14167
1417.59680    1.10578    0.16009
1417.92383    1.58774    0.17559
1418.25000    1.18673    0.16559
1418.57715    1.06907    0.14061
1418.90344    1.20534    0.12894
1419.22986    0.96224    0.12723
1419.55701    1.25064    0.13037
1419.88367    0.84904    0.12397
1420.21106    1.00839    0.12432
1420.53784    0.94156    0.12643
1420.86536    0.83881    0.13056
1421.19214    1.13603    0.13648
1421.51990    0.72495    0.12940
1421.84692    1.05242    0.12806
1422.17407    0.94121    0.12456
1422.50208    0.86497    0.12413
1422.82935    0.67871    0.12212
1423.15735    0.81345    0.12361
1423.48486    1.19016    0.13245
1423.81299    0.92940    0.13159
1424.14062    0.87722    0.12839
1424.46826    0.99608    0.12822
1424.79663    1.00440    0.12470
1425.12451    0.91502    0.12222
1425.45300    0.75831    0.12252
1425.78101    0.96961    0.12532
1426.10974    1.00791    0.12401
1426.43774    1.00403    0.12214
1426.76599    0.99095    0.12528
1427.09497    1.09625    0.13358
1427.42334    1.20180    0.13580
1427.75244    0.85027    0.13208
1428.08093    1.09794    0.12767
1428.41016    1.27330    0.12839
1428.73877    1.17203    0.13080
1429.06750    1.09241    0.13007
1429.39709    0.80657    0.12820
1429.72583    0.75450    0.13380
1430.05554    0.64711    0.13895
1430.38452    1.01114    0.14124
1430.71436    0.98236    0.13060
1431.04346    0.87265    0.12119
1431.37280    1.09369    0.13132
1431.70276    0.92226    0.13722
1432.03223    0.91140    0.14946
1432.36243    1.00070    0.14262
1432.69189    0.81286    0.12453
1433.02234    1.13731    0.12689
1433.35205    1.02318    0.13032
1433.68164    0.85918    0.13674
1434.01233    0.70638    0.13273
1434.34229    0.86158    0.12835
1434.67285    1.12743    0.12947
1435.00293    0.99627    0.13217
1435.33386    0.79595    0.13685
1435.66418    0.76877    0.13743
1435.99426    0.71594    0.13125
1436.32544    0.78368    0.12650
1436.65588    0.76660    0.12019
1436.98718    0.81054    0.12076
1437.31775    0.54388    0.11623
1437.64917    0.80925    0.11786
1437.97998    1.15552    0.12690
1438.31079    1.18470    0.13314
1438.64246    0.52256    0.13431
1438.97339    0.90392    0.13632
1439.30518    0.72674    0.12798
1439.63635    1.20015    0.12831
1439.96838    0.75007    0.11912
1440.29956    0.78347    0.12257
1440.63098    0.71277    0.12760
1440.96313    0.82975    0.13112
1441.29456    0.62827    0.13410
1441.62708    0.85626    0.13655
1441.95862    1.00700    0.13845
1442.29114    0.92842    0.13452
1442.62292    0.80193    0.12318
1442.95483    0.76793    0.11865
1443.28760    1.05514    0.12091
1443.61951    0.83459    0.12006
1443.95251    0.94192    0.12130
1444.28467    1.02021    0.12543
1444.61768    1.03403    0.13131
1444.95007    0.88071    0.12837
1445.28235    0.89313    0.12623
1445.61572    0.72305    0.12643
1445.94836    0.89951    0.13319
1446.28162    0.70006    0.12194
1446.61450    0.80178    0.11986
1446.94800    0.95036    0.13252
1447.28088    0.55613    0.21693
1447.61462   -0.88992    0.54597
1447.94763   -0.53638    0.99453
1448.28076    1.81529    1.10477
1448.61475   -0.91882    0.54841
1448.94788    1.32086    0.20887
1449.28198    1.04996    0.12492
1449.61548    1.29627    0.12577
1449.94971    1.00888    0.12708
1450.28333    0.83648    0.12865
1450.61707    0.66753    0.12624
1450.95154    0.98726    0.13152
1451.28528    0.95663    0.13359
1451.61987    1.03735    0.13008
1451.95386    1.02526    0.12622
1452.28870    1.03610    0.12547
1452.62280    1.04339    0.12494
1452.95691    0.60083    0.12636
1453.29199    0.55892    0.12930
1453.62634    0.92155    0.13252
1453.96155    0.91055    0.12594
1454.29602    0.90497    0.12376
1454.63135    0.89080    0.11981
1454.96606    1.03817    0.12172
1455.30078    1.00251    0.12603
1455.63623    0.91232    0.12470
1455.97107    0.98090    0.12384
1456.30688    0.89601    0.12727
1456.64197    1.00937    0.12981
1456.97778    1.08663    0.12838
1457.31311    1.00153    0.12313
1457.64832    0.86189    0.12226
1457.98438    0.91105    0.12538
1458.31982    0.78911    0.12980
1458.65601    0.97866    0.13503
1458.99170    0.68263    0.12914
1459.32812    0.78477    0.12482
1459.66382    0.91186    0.12668
1459.99963    0.93531    0.13755
1460.33630    1.05388    0.14476
1460.67224    0.71829    0.13928
1461.00903    1.16283    0.13304
1461.34509    0.82366    0.12827
1461.68213    0.87112    0.12674
1462.01843    1.14885    0.13142
1462.35474    0.80754    0.13208
1462.69189    0.75097    0.13103
1463.02844    1.08348    0.12557
1463.36584    0.94925    0.11985
1463.70239    0.88953    0.12034
1464.03992    0.98061    0.13266
1464.37683    0.66016    0.14367
1464.71375    0.71541    0.14162
1465.05151    0.89764    0.12529
1465.38843    0.78696    0.11879
1465.72644    0.91956    0.12266
1466.06348    0.90024    0.12759
1466.40161    1.00789    0.13401
1466.73889    1.08404    0.13353
1467.07642    1.00372    0.12723
1467.41467    0.81008    0.12188
1467.75220    0.81589    0.12216
1468.09082    0.83873    0.12356
1468.42859    0.87116    0.12229
1468.76709    1.00211    0.12172
1469.10498    1.07221    0.12501
1469.44299    0.87933    0.12620
1469.78174    0.97910    0.13029
1470.11987    0.93097    0.13630
1470.45898    1.03295    0.14221
1470.79724    0.95872    0.13338
1471.13635    0.92130    0.12609
1471.47485    0.90181    0.12510
1471.81335    0.81286    0.12593
1472.15271    1.03029    0.12531
1472.49146    0.99871    0.12732
1472.83093    0.99124    0.12679
1473.16968    0.89095    0.13189
1473.50940    0.77320    0.13418
1473.84839    0.78408    0.12721
1474.18835    0.94457    0.12882
1474.52734    0.74681    0.12702
1474.86670    1.00231    0.14071
1475.20679    0.58755    0.15260
1475.54614    0.69916    0.16187
1475.88635    0.77530    0.15093
1476.22583    1.06908    0.14932
1476.56628    0.97683    0.15276
1476.90601    1.16812    0.15746
1477.24573    1.20674    0.15553
1477.58643    0.95745    0.14842
1477.92639    0.95969    0.14406
1478.26721    0.79832    0.14561
1478.60718    0.81632    0.14617
1478.94812    0.90916    0.13633
1479.28833    0.88894    0.12704
1479.62866    1.13124    0.13220
1479.96985    0.89161    0.14347
1480.31042    0.69528    0.14090
1480.65173    0.90317    0.13122
1480.99243    1.12463    0.13193
1481.33386    1.04838    0.13194
1481.67468    0.71249    0.12815
1482.01550    0.91835    0.13059
1482.35730    1.15634    0.13086
1482.69824    0.81830    0.12862
1483.04016    0.86114    0.13179
1483.38135    0.82598    0.13513
1483.72351    0.99792    0.13531
1484.06482    0.79126    0.13371
1484.40613    1.13692    0.13363
1484.74841    0.89817    0.12622
1485.08997    0.73979    0.12411
1485.43250    0.84367    0.12410
1485.77417    0.93289    0.12622
1486.11670    0.93312    0.12774
1486.45874    1.30688    0.13498
1486.80066    1.04562    0.13919
1487.14343    0.99331    0.13430
1487.48560    0.80310    0.12614
1487.82861    0.79686    0.12851
1488.17090    0.85126    0.13166
1488.51404    1.03612    0.14115
1488.85657    1.18776    0.14283
1489.19897    0.91869    0.13474
1489.54236    0.67495    0.12898
1489.88501    0.88908    0.12965
1490.22864    0.74288    0.12708
1490.57153    1.21111    0.13286
1490.91516    1.18334    0.13556
1491.25818    0.83312    0.13007
1491.60132    1.20543    0.13583
1491.94519    0.86776    0.15988
1492.28833    1.06285    0.16577
1492.63257    1.26453    0.14320
1492.97595    1.10956    0.13787
1493.32019    0.89968    0.13790
1493.66382    0.71403    0.13812
1494.00732    0.93419    0.14095
1494.35181    0.80228    0.13910
1494.69556    1.15373    0.13623
1495.04028    1.04174    0.13343
1495.38416    1.01211    0.13849
1495.72900    1.02035    0.14191
1496.07312    1.05132    0.15780
1496.41736    1.04427    0.15568
1496.76233    0.76114    0.13975
1497.10669    1.15447    0.14377
1497.45203    0.97575    0.14847
1497.79651    0.95570    0.15057
1498.14185    1.26293    0.15003
1498.48645    0.94289    0.14986
1498.83118    0.89456    0.15561
1499.17676    0.70629    0.15241
1499.52173    0.67923    0.13853
1499.86743    0.68792    0.13368
1500.21252    0.79242    0.13584
1500.55847    0.72475    0.13442
1500.90369    1.03862    0.13970
1501.24988    0.72189    0.14092
1501.59521    0.83495    0.14564
1501.94055    0.40970    0.13734
1502.28699    0.33261    0.13552
1502.63257    0.52237    0.14086
1502.97913    0.61892    0.14805
1503.32483    0.61569    0.15269
1503.67151    0.61054    0.14961
1504.01733    0.63600    0.14928
1504.36340    0.63838    0.14692
1504.71033    0.45934    0.15318
1505.05640    1.03722    0.15704
1505.40356    0.85040    0.15547
1505.74988    0.36954    0.14781
1506.09705    0.43288    0.14467
1506.44348    0.54089    0.13873
1506.79016    0.40268    0.13895
1507.13757    0.31649    0.14564
1507.48425    0.63069    0.15671
1507.83179    0.64948    0.15299
1508.17871    0.24909    0.14144
1508.52649    0.66966    0.14309
1508.87354    0.93107    0.14938
1509.22070    0.76712    0.15267
1509.56873    0.52138    0.14888
1509.91602    0.60900    0.14440
1510.26416    0.52386    0.14049
1510.61157    0.36548    0.14527
1510.95996    0.38713    0.15257
1511.30750    0.28298    0.15078
1511.65515   -0.16769    0.13780
1512.00378    0.13194    0.13848
1512.35156    0.56294    0.14601
1512.70044    0.01795    0.14824
1513.04834    0.31310    0.14790
1513.39722    0.15917    0.13761
1513.74536    0.22230    0.13611
1514.09363    0.25382    0.13916
1514.44287    0.03936    0.13368
1514.79114    0.02465    0.12901
1515.14050   -0.00584    0.12467
1515.48914   -0.13827    0.12590
1515.83850    0.15334    0.13368
1516.18726    0.24556    0.14166
1516.53601    0.01429    0.13831
1516.88586    0.16314    0.13338
1517.23474    0.48621    0.13533
1517.58459    0.28833    0.13322
1517.93372    0.47055    0.13656
1518.28381    0.59230    0.13843
1518.63293    0.57790    0.14307
1518.98242    0.45802    0.14151
1519.33252    0.56332    0.13624
1519.68213    0.78823    0.12932
1520.03259    0.45621    0.13343
1520.38220    0.79595    0.13089
1520.73279    0.80314    0.13619
1521.08276    0.82287    0.13494
1521.43262    1.06451    0.13117
1521.78357    1.18868    0.12800
1522.13354    1.18768    0.12992
1522.48450    1.03935    0.13276
1522.83484    1.06454    0.13764
1523.18591    1.10907    0.13912
1523.53638    1.15178    0.13356
1523.88684    1.18459    0.12896
1524.23828    0.95299    0.12401
1524.58899    1.11121    0.12573
1524.94043    1.20776    0.12384
1525.29126    1.03279    0.11868
1525.64294    1.23464    0.11565
1525.99402    1.24136    0.11344
1526.34497    1.15418    0.11291
1526.69702    0.94440    0.11055
1527.04834    0.93802    0.11079
1527.40039    1.01172    0.11141
1527.75171    0.99321    0.11454
1528.10400    0.99644    0.11666
1528.45569    0.93444    0.12908
1528.80798    0.86757    0.15560
1529.15967    1.31580    0.18678
1529.51147    1.17338    0.17551
1529.86426    0.86394    0.13308
1530.21619    1.17333    0.12443
1530.56909    1.27329    0.14723
1530.92114    1.05347    0.16252
1531.27417    0.90813    0.13419
1531.62646    0.96656    0.10400
1531.97888    1.07322    0.09631
1532.33203    1.00026    0.09685
1532.68457    1.02675    0.09916
1533.03796    1.17002    0.09888
1533.39062    1.00229    0.09545
1533.74426    1.07364    0.09470
1534.09705    1.10332    0.09317
1534.45007    0.98107    0.09059
1534.80383    1.03459    0.09262
1535.15686    0.98364    0.09385
1535.51086    1.00833    0.09576
1535.86414    1.11777    0.09484
1536.21838    1.07267    0.09166
1536.57178    0.87809    0.08740
1536.92517    0.89919    0.08621
1537.27954    0.98224    0.08721
1537.63330    0.88432    0.08715
1537.98779    1.04622    0.08898
1538.34167    0.98668    0.09051
1538.69641    0.99128    0.09069
1539.05042    1.18560    0.08870
1539.40442    0.97551    0.08500
1539.75940    0.94878    0.08297
1540.11365    1.00297    0.08554
1540.46887    0.89563    0.08703
1540.82324    0.87313    0.08786
1541.17847    0.77240    0.08350
1541.53308    1.02348    0.08288
1541.88770    1.11060    0.08049
1542.24316    1.15192    0.08180
1542.59802    1.08642    0.08237
1542.95374    0.93643    0.08470
1543.30872    1.08536    0.08814
1543.66467    1.10333    0.08363
1544.01965    1.00249    0.08136
1544.37488    0.88917    0.07980
1544.73108    0.92375    0.08114
1545.08643    1.09977    0.08457
1545.44275    1.21227    0.08743
1545.79822    1.36615    0.09085
1546.15466    1.12785    0.08954
1546.51038    1.15473    0.08637
1546.86621    1.06588    0.08398
1547.22278    1.07831    0.08572
1547.57886    0.96659    0.08667
1547.93567    0.89802    0.08752
1548.29175    0.92407    0.08564
1548.64880    0.95625    0.08562
1549.00513    0.81957    0.08466
1549.36133    0.81760    0.08643
1549.71863    1.06395    0.09474
1550.07520    1.03753    0.09744
1550.43262    0.98943    0.09296
1550.78931    0.97447    0.09142
1551.14685    0.99128    0.09313
1551.50378    0.95782    0.09586
1551.86072    0.88890    0.09735
1552.21851    1.06210    0.09698
1552.57568    0.90628    0.09268
1552.93359    0.86383    0.09019
1553.29089    0.89539    0.08921
1553.64905    0.81972    0.08865
1554.00647    0.94377    0.09105
1554.36401    1.13554    0.09578
1554.72241    0.99035    0.10019
1555.08008    0.82225    0.09730
1555.43860    1.05008    0.09646
1555.79639    0.70178    0.09359
1556.15527    0.72250    0.09645
1556.51331    0.97791    0.09896
1556.87219    1.06918    0.09840
1557.23035    1.09093    0.10095
1557.58862    1.05607    0.10141
1557.94775    1.00615    0.10360
1558.30615    0.90396    0.10243
1558.66553    0.89088    0.10239
1559.02405    1.17500    0.10234
1559.38354    0.97910    0.10044
1559.74231    0.86478    0.09951
1560.10107    1.00197    0.09877
1560.46082    1.06296    0.10571
1560.81995    1.04493    0.10955
1561.17981    1.04378    0.10672
1561.53894    1.10820    0.10485
1561.89893    0.96136    0.09815
1562.25830    0.91507    0.09663
1562.61780    1.02150    0.09793
1562.97803    0.97512    0.10288
1563.33765    1.03125    0.10837
1563.69812    0.99996    0.10796
1564.05786    0.88332    0.10173
1564.41846    0.84608    0.09983
1564.77844    1.08818    0.09950
1565.13843    0.93873    0.09938
1565.49939    1.11830    0.10169
1565.85938    1.08517    0.10265
1566.22058    0.92364    0.10098
1566.58081    0.99319    0.10168
1566.94202    0.91942    0.10118
1567.30249    0.79616    0.10208
1567.66309    0.94277    0.11008
1568.02454    1.14928    0.11144
1568.38525    1.10375    0.10451
1568.74707    1.01006    0.10028
1569.10791    1.22968    0.09920
1569.46973    0.85002    0.10041
1569.83081    1.01509    0.10145
1570.19189    1.00714    0.09947
1570.55396    1.10897    0.09909
1570.91528    0.81637    0.09585
1571.27759    0.86206    0.09590
1571.63904    1.03345    0.09710
1572.00134    0.98520    0.09463
1572.36316    0.94492    0.09354
1572.72485    1.03654    0.09764
1573.08740    1.09126    0.10303
1573.44934    1.00131    0.10245
1573.81213    1.01814    0.09707
1574.17432    1.10621    0.09457
1574.53723    1.02663    0.09435
1574.89954    1.11735    0.10187
1575.26172    1.07293    0.09952
1575.62500    1.07219    0.10135
1575.98743    1.01841    0.10364
1576.35095    0.95700    0.09891
1576.71350    0.98657    0.09713
1577.07715    0.94014    0.09884
1577.43994    0.82062    0.10133
1577.80273    0.84205    0.09904
1578.16663    0.96702    0.08857
1578.52979    0.96282    0.08683
1578.89380    0.94202    0.08703
1579.25684    0.99025    0.09061
1579.62122    0.97880    0.09290
1579.98450    1.07155    0.09212
1580.34802    1.19246    0.09523
1580.71240    1.09997    0.09908
1581.07605    1.10808    0.09761
1581.44067    1.20296    0.09594
1581.80444    1.10042    0.09527
1582.16919    0.90205    0.09720
1582.53320    0.92226    0.09513
1582.89807    0.93479    0.08747
1583.26221    1.05059    0.08865
1583.62646    0.99466    0.08870
1583.99158    1.08845    0.09075
1584.35596    1.10009    0.09669
1584.72144    0.94837    0.09932
1585.08594    0.91365    0.09798
1585.45142    0.90677    0.09486
1585.81616    0.82652    0.08886
1586.18103    0.97161    0.08796
1586.54675    1.00563    0.09074
1586.91174    0.91111    0.09213
1587.27771    0.99626    0.09162
1587.64282    1.03941    0.08979
1588.00903    1.00747    0.09037
1588.37427    0.99214    0.08979
1588.73962    0.97472    0.08834
1589.10608    0.91224    0.09188
1589.47156    0.76091    0.09121
1589.83813    0.82212    0.09356
1590.20386    0.79047    0.09074
1590.57056    0.98114    0.08979
1590.93652    0.95921    0.09276
1591.30249    0.95029    0.10188
1591.66943    0.99266    0.10917
1592.03564    0.90274    0.10446
1592.40283    1.05229    0.09981
1592.76904    1.02493    0.09947
1593.13635    1.09330    0.10270
1593.50293    1.04826    0.10481
1593.86938    0.97943    0.10394
1594.23694    1.16428    0.10250
1594.60376    0.93632    0.09819
1594.97144    0.82699    0.10002
1595.33838    0.91575    0.09837
1595.70618    1.02991    0.09604
1596.07336    1.18348    0.09655
1596.44055    1.10141    0.10319
1596.80859    0.89886    0.10923
1597.17603    0.92404    0.10268
1597.54431    0.96653    0.09490
1597.91174    1.02247    0.09871
1598.28040    1.01704    0.10593
1598.64807    0.84772    0.10413
1599.01575    0.94756    0.09593
1599.38452    1.14291    0.09658
1599.75244    0.96289    0.09560
1600.12134    0.98437    0.09790
1600.48950    0.99591    0.09741
1600.85840    1.06448    0.09885
1601.22668    0.99239    0.09918
1601.59521    0.81836    0.10138
1601.96448    0.92147    0.10719
1602.33289    1.18576    0.10989
1602.70251    1.13328    0.10290
1603.07117    0.98834    0.09767
1603.44080    1.20322    0.10259
1603.80969    1.35675    0.10867
1604.17871    0.94389    0.10355
1604.54858    0.80536    0.10091
1604.91772    1.13366    0.10173
1605.28784    0.89663    0.09609
1605.65698    0.93654    0.09274
1606.02734    1.03061    0.09087
1606.39685    0.93513    0.09259
1606.76636    0.92631    0.10026
1607.13684    1.00239    0.10363
1607.50659    1.00255    0.09947
1607.87732    1.00917    0.09693
1608.24707    0.98924    0.09877
1608.61792    0.91578    0.09618
1608.98804    1.08521    0.08969
1609.35828    1.10198    0.08845
1609.72937    0.79617    0.08765
1610.09961    1.09039    0.09359
1610.47095    0.92034    0.09385
1610.84143    0.84701    0.09308
1611.21289    0.80004    0.09253
1611.58350    0.86358    0.09534
1611.95508    1.13651    0.09591
1612.32593    1.02916    0.09501
1612.69690    0.87062    0.09262
1613.06885    1.05335    0.09057
1613.43994    1.03351    0.09118
1613.81189    0.93262    0.09246
1614.18323    0.93394    0.09600
1614.55542    0.80754    0.09249
1614.92688    0.94286    0.09412
1615.29834    1.05438    0.09826
1615.67078    1.00784    0.09782
1616.04260    0.94352    0.09053
1616.41516    0.87383    0.08569
1616.78711    0.98664    0.08653
1617.15979    1.02760    0.08730
1617.53186    0.81409    0.08370
1617.90405    0.83975    0.08402
1618.27710    0.97937    0.09116
1618.64941    0.93773    0.09660
1619.02271    1.01868    0.09846
1619.39502    1.03203    0.09992
1619.76855    1.02316    0.10511
1620.14111    0.98769    0.09837
1620.51379    0.87621    0.08618
1620.88757    1.00448    0.08747
1621.26038    0.89201    0.08847
1621.63428    0.97742    0.08374
1622.00732    0.79182    0.08593
1622.38135    0.92119    0.08913
1622.75464    1.02252    0.08802
1623.12781    1.05433    0.08340
1623.50208    0.92706    0.08171
1623.87561    0.84952    0.08757
1624.25012    1.09162    0.09590
1624.62378    1.14093    0.10364
1624.99841    1.04142    0.09742
1625.37219    0.98988    0.09004
1625.74609    0.85999    0.08807
1626.12097    1.09531    0.08597
1626.49512    0.76262    0.08038
1626.87024    0.98793    0.08418
1627.24451    1.01244    0.08349
1627.61975    1.11147    0.08603
1627.99414    0.80238    0.08407
1628.36865    0.91440    0.07951
1628.74426    1.09352    0.08019
1629.11890    1.05300    0.08875
1629.49451    0.98247    0.09603
1629.86938    0.94167    0.09114
1630.24524    0.99393    0.10066
1630.62024    1.01215    0.09754
1630.99536    0.93911    0.10113
1631.37146    0.86919    0.09329
1631.74670    0.95103    0.07882
1632.12305    0.99990    0.08383
1632.49854    1.05615    0.09284
1632.87500    1.04656    0.09636
1633.25073    1.08137    0.08978
1633.62634    0.92682    0.07819
1634.00305    0.93360    0.07788
1634.37891    0.98378    0.08125
1634.75586    1.01668    0.08730
1635.13196    1.02229    0.09775
1635.50903    1.04496    0.11612
1635.88525    1.23697    0.13366
1636.26160    1.16179    0.11910
1636.63892    0.75986    0.09423
1637.01538    1.16918    0.09323
1637.39282    1.04493    0.10332
1637.76953    1.06413    0.09515
1638.14722    0.96676    0.08660
1638.52405    1.10656    0.08172
1638.90100    1.03281    0.08773
1639.27893    1.13597    0.09088
1639.65601    1.01095    0.08658
1640.03418    1.07477    0.08259
1640.41150    1.12971    0.08431
1640.78967    1.02259    0.09004
1641.16711    0.92837    0.09579
1641.54565    0.87869    0.09139
1641.92334    0.88176    0.07969
1642.30103    0.92694    0.07727
1642.67969    0.87753    0.08794
1643.05762    0.77691    0.09479
1643.43652    0.93699    0.08969
1643.81458    0.90358    0.09254
1644.19360    0.98359    0.08874
1644.57178    0.97783    0.08211
1644.95020    1.08553    0.08321
1645.32947    1.06381    0.08582
1645.70801    0.99949    0.08464
1646.08752    1.01686    0.08395
1646.46619    1.15138    0.08632
1646.84583    1.13530    0.08369
1647.22473    1.00711    0.07975
1647.60364    1.01008    0.08025
1647.98364    0.95420    0.08945
1648.36267    0.82418    0.09600
1648.74280    0.95972    0.08817
1649.12219    0.90810    0.07764
1649.50232    0.97542    0.07906
1649.88184    0.97248    0.09024
