1410.06396    1.27293    0.12916
1410.38843    0.94587    0.12393
1410.71362    1.11791    0.12697
1411.03821    1.25327    0.13314
1411.36353    1.37835    0.13540
1411.68823    1.13455    0.12684
1412.01379    1.27768    0.12972
1412.33862    1.24405    0.12977
1412.66357    1.22099    0.13576
1412.98938    1.19459    0.13865
1413.31445    1.02054    0.12990
1413.64026    1.14546    0.13020
1413.96545    1.16881    0.12766
1414.29150    0.84402    0.12045
1414.61694    1.00872    0.12342
1414.94226    1.10786    0.12566
1415.26868    1.28925    0.13031
1415.59412    1.02542    0.12810
1415.92065    1.10787    0.13157
1416.24634    1.54357    0.13657
1416.57288    1.41853    0.13357
1416.89880    1.25150    0.12979
1417.22473    1.03736    0.12622
1417.55164    0.88289    0.12570
1417.87769    1.01538    0.12758
1418.20459    0.99760    0.13032
1418.53088    0.66262    0.12893
1418.85803    1.00303    0.13163
1419.18445    0.69024    0.12637
1419.51086    0.72501    0.12811
1419.83826    1.06916    0.12956
1420.16479    0.93488    0.12309
1420.49243    0.97486    0.12064
1420.81909    1.10381    0.12339
1421.14685    0.90841    0.12088
1421.47375    0.85887    0.11964
1421.80078    0.88885    0.12084
1422.12854    0.87607    0.12192
1422.45569    0.78654    0.12116
1422.78381    0.92923    0.12480
1423.11108    1.05205    0.13062
1423.43921    1.01913    0.13300
1423.76660    1.02250    0.13173
1424.09424    0.92103    0.12528
1424.42261    0.91598    0.12378
1424.75037    1.06456    0.13145
1425.07874    1.19841    0.13428
1425.40674    1.27692    0.12915
1425.73547    1.03104    0.12042
1426.06335    0.94277    0.12324
1426.39148    1.19346    0.13803
1426.72046    1.10912    0.13641
1427.04858    1.19257    0.12839
1427.37769    1.11850    0.12171
1427.70605    1.01022    0.12519
1428.03528    1.09285    0.13172
1428.36365    1.19744    0.13094
1428.69324    1.05456    0.12418
1429.02173    1.16590    0.12332
1429.35046    0.76892    0.11700
1429.68005    0.96371    0.12508
1430.00903    0.88730    0.12593
1430.33887    1.07297    0.13027
1430.66785    0.95290    0.12385
1430.99780    1.10290    0.12307
1431.32690    0.78233    0.11897
1431.65625    0.80730    0.12136
1431.98645    0.98241    0.12162
1432.31580    1.09113    0.12143
1432.64600    0.78978    0.11916
1432.97571    1.00103    0.12217
1433.30603    0.92235    0.12400
1433.63574    0.84688    0.11923
1433.96570    1.10186    0.12041
1434.29639    1.00792    0.12079
1434.62622    0.93363    0.12207
1434.95715    0.97083    0.12882
1435.28711    1.02261    0.12753
1435.61816    1.08166    0.12230
1435.94849    1.11080    0.12119
1436.27869    0.90742    0.12315
1436.60999    0.92154    0.13251
1436.94043    0.76462    0.13169
1437.27185    0.68172    0.12130
1437.60254    0.61641    0.11526
1437.93396    1.11138    0.12173
1438.26477    0.97682    0.14931
1438.59570    0.95723    0.14759
1438.92737    0.95925    0.12257
1439.25842    0.94682    0.12465
1439.59021    0.66961    0.14159
1439.92139    1.20017    0.13811
1440.25354    0.63806    0.11957
1440.58484    0.95600    0.12107
1440.91626    1.20943    0.12194
1441.24841    0.90165    0.11725
1441.58008    1.06286    0.12648
1441.91248    0.85669    0.12714
1442.24414    0.80839    0.12659
1442.57678    0.96066    0.12495
1442.90857    0.71556    0.12086
1443.24060    0.78082    0.12293
1443.57349    0.87379    0.12311
1443.90552    0.83554    0.11909
1444.23840    1.05995    0.12238
1444.57068    1.19369    0.12672
1444.90381    0.87203    0.12638
1445.23621    0.91129    0.12592
1445.56873    0.88737    0.12372
1445.90210    0.61424    0.11789
1446.23462    0.92884    0.12031
1446.56812    0.94304    0.12033
1446.90088    1.04283    0.11960
1447.23450    1.02264    0.12182
1447.56750    1.11212    0.12574
1447.90051    0.82308    0.12093
1448.23438    0.88103    0.11869
1448.56750    0.85895    0.11736
1448.90161    0.93023    0.12132
1449.23499    0.80915    0.12027
1449.56909    0.88214    0.11991
1449.90259    1.23851    0.12805
1450.23621    0.96726    0.13235
1450.57056    0.91297    0.14597
1450.90417    1.07986    0.17199
1451.23889    0.85669    0.17379
1451.57263    0.81812    0.15939
1451.90747    0.91208    0.13768
1452.24146    0.91050    0.12920
1452.57556    0.96441    0.12644
1452.91052    0.73400    0.12320
1453.24475    0.95302    0.15496
1453.57983    0.91533    0.15407
1453.91418    0.96559    0.12597
1454.24939    0.95054    0.12583
1454.58398    0.83025    0.12069
1454.91943    0.94152    0.11948
1455.25415    0.83776    0.11509
1455.58899    1.05042    0.11877
1455.92468    1.02956    0.12047
1456.25964    0.98858    0.12076
1456.59534    1.04205    0.12225
1456.93054    0.92681    0.12038
1457.26636    0.90987    0.11894
1457.60168    0.96483    0.11960
1457.93701    0.89431    0.11822
1458.27307    0.78113    0.11688
1458.60864    0.90229    0.11784
1458.94495    0.49562    0.11217
1459.28064    0.96091    0.11715
1459.61719    0.99626    0.11998
1459.95288    1.07203    0.12437
1460.28870    1.19476    0.12856
1460.62549    0.97900    0.12717
1460.96155    1.01753    0.12901
1461.29846    1.13199    0.13255
1461.63452    0.91160    0.12585
1461.97156    1.16216    0.13059
1462.30798    0.82775    0.12828
1462.64429    0.74961    0.12956
1462.98169    0.87474    0.13198
1463.31824    0.88186    0.12877
1463.65564    1.05024    0.12555
1463.99231    1.23136    0.12449
1464.32996    0.93563    0.12041
1464.66675    0.95653    0.12280
1465.00378    1.05561    0.12631
1465.34155    0.87145    0.12305
1465.67871    0.89368    0.12028
1466.01660    0.84234    0.11825
1466.35388    0.76267    0.11801
1466.69214    0.84570    0.12464
1467.02954    0.84209    0.12903
1467.36694    0.90999    0.12775
1467.70532    0.65396    0.12048
1468.04297    0.60667    0.11741
1468.38147    1.12966    0.12628
1468.71924    0.82721    0.12022
1469.05798    0.86339    0.11961
1469.39600    0.83686    0.11626
1469.73389    0.88957    0.11758
1470.07288    0.89803    0.11718
1470.41101    0.75777    0.11750
1470.75012    0.68187    0.11683
1471.08850    0.64105    0.11620
1471.42773    0.85476    0.11753
1471.76624    1.06312    0.11866
1472.10486    0.90323    0.11864
1472.44434    0.71876    0.12224
1472.78296    0.95983    0.12757
1473.12256    0.90494    0.12486
1473.46155    0.95526    0.12493
1473.80127    0.81428    0.13090
1474.14026    0.76400    0.13451
1474.47949    0.84804    0.12945
1474.81946    0.75113    0.11772
1475.15869    0.60196    0.11112
1475.49902    0.63567    0.11463
1475.83838    0.91964    0.12187
1476.17871    0.78572    0.11673
1476.51831    0.72046    0.11659
1476.85791    0.59067    0.11670
1477.19861    0.39826    0.12191
1477.53833    0.90918    0.13703
1477.87903    1.03668    0.13636
1478.21912    0.61003    0.12482
1478.55981    0.72249    0.12104
1478.90015    0.80778    0.11892
1479.24023    0.68446    0.11553
1479.58142    0.59767    0.11933
1479.92175    0.76426    0.12898
1480.26294    0.75574    0.12309
1480.60364    0.82706    0.11969
1480.94507    0.71460    0.15072
1481.28564    0.67387    0.26694
1481.62720   -0.64342    0.53375
1481.96814    2.27950    1.05465
1482.30908    2.60963    1.10356
1482.65088    0.82384    0.33823
1482.99194    0.80062    0.13179
1483.33386    0.75703    0.11966
1483.67517    0.54318    0.12502
1484.01721    0.83404    0.12483
1484.35864    1.11695    0.12367
1484.70020    0.70441    0.11606
1485.04248    0.84538    0.12329
1485.38416    0.76856    0.12304
1485.72668    0.97421    0.12141
1486.06848    0.91795    0.12045
1486.41125    0.84705    0.11794
1486.75317    0.60232    0.11404
1487.09509    0.55968    0.11546
1487.43811    0.71652    0.11851
1487.78027    0.69503    0.11570
1488.12329    0.58299    0.11339
1488.46558    0.72407    0.11397
1488.80884    0.47896    0.11500
1489.15137    0.61064    0.12679
1489.49402    0.79686    0.12860
1489.83740    0.58655    0.11426
1490.18005    0.62949    0.11334
1490.52368    0.49431    0.11137
1490.86670    0.49282    0.11300
1491.21045    0.28235    0.10968
1491.55359    0.29986    0.10919
1491.89673    0.31237    0.10741
1492.24072    0.41698    0.11047
1492.58398    0.56434    0.11365
1492.92810    0.52784    0.11443
1493.27161    0.46701    0.11391
1493.61597    0.44867    0.10791
1493.95947    0.36288    0.10700
1494.30322    0.32415    0.11391
1494.64783    0.54128    0.12044
1494.99170    0.57193    0.12045
1495.33630    0.82896    0.11648
1495.68042    0.63895    0.10991
1496.02527    0.70265    0.11176
1496.36951    0.73289    0.11423
1496.71375    0.79936    0.11968
1497.05884    0.89583    0.12170
1497.40320    0.99956    0.12112
1497.74854    1.09545    0.12303
1498.09302    0.92550    0.12197
1498.43848    0.95704    0.12530
1498.78333    1.07746    0.13031
1499.12805    1.14304    0.12833
1499.47375    0.78717    0.12002
1499.81873    0.68403    0.12129
1500.16455    0.93479    0.13041
1500.50964    0.95292    0.13368
1500.85571    1.06151    0.13350
1501.20093    1.10500    0.12543
1501.54639    0.93902    0.11923
1501.89258    0.99944    0.12263
1502.23804    0.96625    0.11997
1502.58447    0.74975    0.12207
1502.93018    0.79526    0.12714
1503.27673    0.92181    0.13074
1503.62256    0.94134    0.12595
1503.96851    0.92081    0.12136
1504.31519    1.10669    0.13129
1504.66138    1.22843    0.14214
1505.00830    1.22083    0.14598
1505.35449    1.30493    0.14151
1505.70166    1.26461    0.13714
1506.04810    0.98787    0.13635
1506.39453    0.89564    0.13423
1506.74194    0.85127    0.13412
1507.08850    0.80783    0.12465
1507.43604    1.01862    0.12784
1507.78284    0.93023    0.12937
1508.13049    0.71237    0.13493
1508.47742    0.82007    0.13316
1508.82532    0.78157    0.12584
1509.17236    0.80863    0.12337
1509.51965    0.72463    0.12252
1509.86768    0.68870    0.12635
1510.21509    0.99321    0.13677
1510.56323    0.76708    0.13931
1510.91077    0.78088    0.13803
1511.25916    0.98073    0.14165
1511.60681    0.90592    0.14319
1511.95459    0.79996    0.13980
1512.30334    0.40431    0.12898
1512.65125    0.43006    0.12064
1513.00000    0.58272    0.11873
1513.34802    0.70946    0.12403
1513.69702    1.00344    0.13089
1514.04517    0.86180    0.12863
1514.39343    0.84641    0.12586
1514.74268    0.55077    0.11677
1515.09119    0.63288    0.11449
1515.44055    0.82465    0.11935
1515.78931    0.86198    0.12509
1516.13879    1.06731    0.12534
1516.48755    1.06194    0.12107
1516.83643    0.87685    0.11962
1517.18628    0.90316    0.12147
1517.53516    0.73376    0.12117
1517.88513    0.57682    0.12134
1518.23438    0.59011    0.12102
1518.58447    0.37631    0.11856
1518.93384    0.71362    0.11654
1519.28320    0.84533    0.11862
1519.63354    0.55069    0.11598
1519.98315    0.69616    0.11675
1520.33362    0.80904    0.11344
1520.68335    0.53132    0.10623
1521.03406    0.40581    0.10634
1521.38403    0.09812    0.10849
1521.73401    0.48982    0.11082
1522.08484    0.48264    0.10858
1522.43494    0.74130    0.11327
1522.78613    0.88506    0.11882
1523.13635    0.59676    0.11079
1523.48767    0.57864    0.10477
1523.83813    0.48448    0.10582
1524.18872    0.55523    0.10632
1524.54004    0.89651    0.11109
1524.89087    0.95609    0.11192
1525.24255    0.94107    0.11308
1525.59338    1.05283    0.11655
1525.94519    1.00954    0.11691
1526.29626    1.09592    0.11513
1526.64746    1.16120    0.11290
1526.99939    1.10511    0.11115
1527.35059    1.11742    0.11155
1527.70300    1.04642    0.10975
1528.05432    1.12054    0.10910
1528.40662    1.02895    0.10459
1528.75830    1.17272    0.10883
1529.10999    0.96838    0.10605
1529.46265    0.83838    0.10543
1529.81445    0.93239    0.10527
1530.16724    0.98191    0.10541
1530.51917    0.89490    0.10433
1530.87219    0.95725    0.10847
1531.22437    1.07083    0.11277
1531.57666    1.07116    0.11132
1531.92981    0.80151    0.10498
1532.28223    0.87900    0.10151
1532.63562    0.79216    0.10382
1532.98816    1.04325    0.11311
1533.34167    1.21763    0.11407
1533.69434    0.95343    0.10406
1534.04724    1.02538    0.10187
1534.40088    1.00286    0.09794
1534.75391    1.17282    0.09882
1535.10779    1.23422    0.09829
1535.46106    1.11003    0.09621
1535.81506    0.99769    0.09532
1536.16833    1.06257    0.09551
1536.52271    1.08381    0.09443
1536.87610    0.96963    0.09373
1537.22961    1.15476    0.09722
1537.58411    0.87872    0.09280
1537.93787    1.04806    0.09795
1538.29260    0.87300    0.10224
1538.64648    1.04368    0.10951
1539.00122    0.94498    0.10681
1539.35522    1.05118    0.09965
1539.70935    0.82560    0.09261
1540.06445    0.90431    0.09005
1540.41870    1.00919    0.09351
1540.77393    1.03905    0.09879
1541.12842    1.01310    0.09769
1541.48376    1.24028    0.11809
1541.83838    0.89478    0.10763
1542.19312    0.97137    0.08879
1542.54871    1.04849    0.09103
1542.90356    0.87274    0.09045
1543.25928    0.98706    0.09304
1543.61438    0.89550    0.09126
1543.97034    1.05110    0.09230
1544.32544    0.96019    0.09187
1544.68079    1.23660    0.09645
1545.03699    1.25173    0.10112
1545.39246    0.92215    0.09643
1545.74878    1.03645    0.09600
1546.10437    0.98707    0.09438
1546.46094    0.98800    0.10676
1546.81665    1.12970    0.11236
1547.17249    1.01504    0.11139
1547.52930    1.27943    0.11510
1547.88525    0.92717    0.11195
1548.24231    1.00797    0.11514
1548.59839    0.95727    0.11307
1548.95544    1.05705    0.13300
1549.31177    1.21541    0.14137
1549.66821    0.88246    0.13999
1550.02563    1.12275    0.14527
1550.38208    1.20003    0.11370
1550.73975    0.92910    0.10887
1551.09644    1.13232    0.11377
1551.45410    1.13766    0.11400
1551.81104    0.78438    0.11179
1552.16797    0.73437    0.11172
1552.52600    0.93856    0.11656
1552.88318    0.69980    0.11326
1553.24121    0.30511    0.10710
1553.59851    0.19129    0.10505
1553.95679    0.05344    0.09933
1554.31421    0.06127    0.10074
1554.67188    0.60309    0.11282
1555.03027    0.74508    0.12086
1555.38806    0.94619    0.13054
1555.74670    0.46652    0.11881
1556.10461    0.19770    0.11165
1556.46338    0.05735    0.10898
1556.82153    0.09902    0.11243
1557.17957    0.25788    0.12102
1557.53882    0.79689    0.13039
1557.89709    0.82309    0.12704
1558.25635    0.74457    0.12941
1558.61487    0.99432    0.13791
1558.97412    1.13934    0.14687
1559.33289    1.14770    0.14626
1559.69153    1.16602    0.14237
1560.05127    1.25297    0.13858
1560.41016    0.97113    0.13995
1560.76990    0.77855    0.14155
1561.12891    0.98863    0.14553
1561.48889    1.12490    0.14514
1561.84827    1.15073    0.14252
1562.20740    1.15562    0.14074
1562.56763    1.10914    0.14016
1562.92725    1.19855    0.13789
1563.28760    1.16022    0.13761
1563.64722    1.00106    0.13652
1564.00781    1.37648    0.15069
1564.36768    0.92294    0.16973
1564.72827    1.13183    0.23337
1565.08826    1.18255    0.29520
1565.44836    0.82265    0.22914
1565.80945    1.48471    0.17134
1566.16968    0.95521    0.17714
1566.53076    0.89882    0.21830
1566.89111    1.12561    0.22275
1567.25244    1.19979    0.17829
1567.61304    0.89846    0.14542
1567.97363    0.70459    0.13918
1568.33521    1.08772    0.13979
1568.69592    0.95345    0.13695
1569.05774    0.85135    0.13888
1569.41858    1.16313    0.14188
1569.78052    1.04794    0.14191
1570.14172    1.13930    0.14204
1570.50293    1.18563    0.14278
1570.86499    1.25758    0.14520
1571.22644    1.07021    0.14245
1571.58875    1.13461    0.14356
1571.95020    1.10114    0.14178
1572.31287    0.97078    0.13899
1572.67444    1.00973    0.14846
1573.03625    1.08669    0.14875
1573.39893    1.19205    0.15166
1573.76099    1.14715    0.14388
1574.12390    0.90374    0.13880
1574.48596    1.24848    0.14289
1574.84912    1.40592    0.14412
1575.21143    1.05501    0.13645
1575.57373    0.85706    0.13016
1575.93713    0.95267    0.13002
1576.29968    0.98946    0.13319
1576.66309    0.93476    0.13343
1577.02588    0.86959    0.12875
1577.38940    0.97966    0.12701
1577.75244    1.05482    0.12470
1578.11536    0.91521    0.12608
1578.47925    0.92752    0.12821
1578.84229    1.06705    0.13144
1579.20642    1.07354    0.13210
1579.56982    1.06189    0.13576
1579.93408    1.11976    0.13804
1580.29736    0.73636    0.13302
1580.66101    0.94836    0.13276
1581.02551    1.18146    0.13433
1581.38928    1.06530    0.13133
1581.75391    1.03855    0.14252
1582.11780    1.18634    0.14322
1582.48254    1.18343    0.13339
1582.84668    1.03268    0.13067
1583.21082    1.03290    0.12754
1583.57581    0.95455    0.12199
1583.94019    0.86423    0.11951
1584.30530    1.06506    0.11853
1584.66992    0.96224    0.11647
1585.03528    0.95952    0.11626
1585.39990    0.87141    0.11373
1585.76453    0.91144    0.11444
1586.13025    0.87618    0.11383
1586.49512    1.13320    0.11647
1586.86096    1.12498    0.11569
1587.22620    0.97087    0.11401
1587.59204    0.83428    0.11270
1587.95740    0.86167    0.11917
1588.32263    1.13068    0.12545
1588.68884    0.83428    0.12524
1589.05444    0.91345    0.11944
1589.42078    1.03637    0.12003
1589.78638    1.04588    0.11622
1590.15308    1.07974    0.11851
1590.51880    1.10279    0.11756
1590.88477    1.05636    0.11743
1591.25159    1.01771    0.11632
1591.61768    1.02006    0.11360
1591.98462    0.99280    0.11098
1592.35083    1.02491    0.11062
1592.71814    0.95253    0.11257
1593.08459    0.79204    0.11231
1593.45190    1.01200    0.11263
1593.81836    1.13630    0.11405
1594.18518    1.06063    0.11141
1594.55273    1.04248    0.11334
1594.91956    0.95428    0.11629
1595.28735    1.03887    0.11815
1595.65430    0.98228    0.11695
1596.02222    0.91638    0.11234
1596.38953    1.06477    0.11446
1596.75671    0.99005    0.11703
1597.12488    0.92439    0.11466
1597.49231    0.92596    0.11108
1597.86072    1.00504    0.11059
1598.22827    1.05073    0.11079
1598.59680    0.96357    0.11118
1598.96460    1.10154    0.11257
1599.33240    1.13845    0.11236
1599.70129    0.92025    0.10852
1600.06921    1.08875    0.11210
1600.43823    1.18877    0.11345
1600.80640    0.99916    0.11202
1601.17554    0.83894    0.11137
1601.54395    1.00171    0.11484
1601.91235    1.06820    0.11519
1602.28174    0.97045    0.11362
1602.65027    1.12580    0.11486
1603.01990    1.22765    0.11608
1603.38867    0.89131    0.11692
1603.75842    0.83932    0.11545
1604.12732    1.02635    0.11148
1604.49634    0.86007    0.10780
1604.86633    0.94714    0.10798
1605.23547    0.87134    0.11057
1605.60571    1.22574    0.11605
1605.97510    0.94829    0.11541
1606.34534    0.99246    0.11237
1606.71497    1.02712    0.11015
1607.08459    0.91349    0.11064
1607.45520    0.98557    0.11476
1607.82495    1.16579    0.11926
1608.19568    1.01600    0.11911
1608.56567    1.06423    0.11518
1608.93652    1.25327    0.11291
1609.30676    0.85227    0.10695
1609.67700    0.88178    0.10847
1610.04810    1.02649    0.11504
1610.41846    1.05771    0.11673
1610.78992    1.02593    0.11635
1611.16052    0.98330    0.11695
1611.53198    1.05941    0.11784
1611.90271    0.93220    0.11431
1612.27344    0.82409    0.10754
1612.64526    0.87112    0.10472
1613.01624    0.97715    0.10706
1613.38831    0.92727    0.10763
1613.75940    0.98668    0.10755
1614.13159    1.04668    0.10786
1614.50293    0.98515    0.10760
1614.87427    0.98809    0.10550
1615.24670    0.91142    0.10346
1615.61829    0.99589    0.10439
1615.99084    1.10429    0.10610
1616.36255    1.11362    0.10464
1616.73535    0.99956    0.10206
1617.10730    0.87631    0.09918
1617.47937    0.88607    0.09920
1617.85229    0.90707    0.09836
1618.22449    0.83667    0.09764
1618.59766    0.92297    0.10086
1618.96997    0.91657    0.10382
1619.34326    0.85927    0.10294
1619.71582    0.92679    0.10141
1620.08923    0.99769    0.10181
1620.46204    0.99948    0.10467
1620.83484    0.88152    0.10534
1621.20850    0.97091    0.10270
1621.58142    1.01271    0.09641
1621.95544    0.88305    0.09265
1622.32849    0.88824    0.09332
1622.70264    1.08890    0.09646
1623.07593    0.89239    0.09296
1623.44934    0.98234    0.09491
1623.82373    1.07446    0.09653
1624.19727    0.91064    0.09691
1624.57178    0.92148    0.09745
1624.94556    0.88840    0.09613
1625.32031    0.93551    0.09480
1625.69409    1.04978    0.09384
1626.06812    0.96267    0.09214
1626.44312    1.08829    0.09338
1626.81726    1.13516    0.09311
1627.19238    0.83883    0.08814
1627.56677    0.93318    0.09186
1627.94202    0.90344    0.09712
1628.31653    1.14066    0.10225
1628.69116    1.03663    0.09992
1629.06677    0.97503    0.09802
1629.44153    0.99584    0.09623
1629.81726    1.11926    0.09609
1630.19214    1.00810    0.09575
1630.56812    0.84134    0.09670
1630.94324    1.03517    0.09828
1631.31848    1.13113    0.09638
1631.69458    0.84384    0.09196
1632.07007    0.81424    0.09225
1632.44629    1.06117    0.09843
1632.82190    1.12668    0.09882
1633.19836    0.99803    0.09471
1633.57410    1.04708    0.09432
1633.94995    0.93329    0.09461
1634.32666    1.09419    0.10281
1634.70276    1.35160    0.10809
1635.07971    1.01688    0.10018
1635.45569    1.08144    0.10135
1635.83301    1.14422    0.10435
1636.20923    0.98514    0.10094
1636.58557    1.08833    0.10159
1636.96313    1.19418    0.10931
1637.33972    1.00939    0.11797
1637.71716    0.95773    0.11977
1638.09399    0.99051    0.10910
1638.47156    0.98586    0.10095
1638.84863    1.07032    0.10140
1639.22571    1.14700    0.10610
1639.60364    1.02226    0.10410
1639.98083    1.06473    0.10455
1640.35901    0.88602    0.09669
1640.73645    0.85630    0.09725
1641.11462    1.04756    0.10528
1641.49231    1.16963    0.11063
1641.86987    1.05034    0.10248
1642.24841    0.94294    0.09709
1642.62634    0.90894    0.09688
1643.00513    1.01827    0.09835
1643.38293    1.01435    0.10063
1643.76196    0.92799    0.10367
1644.14014    1.14166    0.10717
1644.51843    1.04454    0.10249
1644.89758    0.76582    0.09706
1645.27600    0.72786    0.09786
1645.65540    0.92518    0.10206
1646.03394    0.96930    0.09942
1646.41345    0.96370    0.10309
1646.79224    0.95917    0.10800
1647.17114    1.03473    0.11445
1647.55103    1.00607    0.11421
1647.92993    0.98331    0.10512
1648.31006    0.94797    0.10040
1648.68921    0.92807    0.09806
1649.06934    0.91030    0.09504
1649.44873    0.76145    0.09240
1649.82898    0.70432    0.09257
