1410.03992    1.10543    0.10011
1410.36426    1.00195    0.09877
1410.68958    1.16371    0.10168
1411.01404    1.16702    0.10063
1411.33936    1.29463    0.10118
1411.66406    1.10048    0.09894
1411.98975    1.21428    0.11022
1412.31445    1.28977    0.11109
1412.63928    1.19847    0.10737
1412.96509    1.17726    0.10676
1413.29016    1.23549    0.10426
1413.61609    1.12858    0.10081
1413.94128    1.32086    0.10604
1414.26733    1.07467    0.10359
1414.59265    1.10174    0.10274
1414.91809    1.20972    0.10160
1415.24438    1.06426    0.09891
1415.56995    1.22121    0.10136
1415.89636    1.16725    0.10123
1416.22205    1.06916    0.10112
1416.54871    1.19421    0.10311
1416.87451    0.95984    0.09814
1417.20129    1.09902    0.09951
1417.52734    1.03462    0.09653
1417.85352    1.20798    0.09800
1418.18030    1.18159    0.09975
1418.50659    1.25781    0.10292
1418.83374    0.91508    0.10146
1419.16016    1.02705    0.10469
1419.48743    1.17433    0.10313
1419.81396    1.01586    0.09688
1420.14050    1.11792    0.09754
1420.46802    1.01185    0.09750
1420.79480    1.17588    0.10103
1421.12244    0.87128    0.09890
1421.44946    1.04670    0.09792
1421.77722    1.09590    0.09836
1422.10413    1.15458    0.09899
1422.43140    1.02653    0.09890
1422.75940    1.21727    0.10251
1423.08679    0.97360    0.09773
1423.41479    1.31548    0.10201
1423.74231    1.15861    0.10349
1424.07068    1.02859    0.09522
1424.39819    1.04515    0.09203
1424.72595    1.14549    0.09430
1425.05444    1.01592    0.09450
1425.38220    1.02740    0.09439
1425.71094    0.82689    0.09079
1426.03894    0.92307    0.09233
1426.36780    1.04115    0.09402
1426.69592    0.99091    0.09536
1427.02417    1.14428    0.09960
1427.35315    1.06208    0.09994
1427.68152    1.02058    0.09958
1428.01086    1.06233    0.10035
1428.33923    1.05319    0.09940
1428.66870    1.17253    0.09959
1428.99731    0.96763    0.09561
1429.32605    0.94452    0.09557
1429.65576    0.96086    0.09737
1429.98462    1.06358    0.09809
1430.31433    1.00148    0.09955
1430.64331    1.11263    0.10210
1430.97327    1.06749    0.10279
1431.30249    1.00924    0.10235
1431.63171    1.09713    0.10161
1431.96179    1.04843    0.10192
1432.29126    1.01466    0.10726
1432.62158    1.00907    0.11017
1432.95117    1.06352    0.10579
1433.28149    1.02757    0.09875
1433.61133    1.06271    0.09538
1433.94104    1.01477    0.09546
1434.27173    0.97703    0.09618
1434.60168    0.98707    0.09608
1434.93262    0.95894    0.09459
1435.26270    1.09521    0.09563
1435.59363    1.07319    0.09860
1435.92383    1.09454    0.10145
1436.25415    0.97777    0.09943
1436.58533    0.93891    0.09994
1436.91589    1.06390    0.10194
1437.24719    0.84034    0.09651
1437.57788    0.90026    0.09380
1437.90942    0.98550    0.09401
1438.24023    1.01640    0.09382
1438.57092    0.92007    0.09055
1438.90271    0.72090    0.08684
1439.23376    0.76846    0.08763
1439.56555    0.82663    0.08866
1439.89685    0.96742    0.08980
1440.22876    0.99759    0.08978
1440.56006    0.98139    0.09062
1440.89160    0.94496    0.09009
1441.22388    0.77068    0.08672
1441.55542    0.76278    0.08679
1441.88782    0.89948    0.09096
1442.21960    0.82029    0.09176
1442.55212    0.92608    0.09438
1442.88391    0.95100    0.09325
1443.21667    0.97623    0.09091
1443.54858    0.88420    0.09049
1443.88074    0.95171    0.09474
1444.21375    0.95818    0.09932
1444.54602    0.91094    0.09827
1444.87903    0.82636    0.09438
1445.21143    0.93160    0.09492
1445.54468    1.00158    0.09422
1445.87720    0.83130    0.09158
1446.20996    0.69508    0.09060
1446.54346    0.88198    0.09275
1446.87622    0.71845    0.09024
1447.20984    0.74976    0.09043
1447.54285    0.77808    0.09123
1447.87659    0.61937    0.09054
1448.20959    0.57354    0.09128
1448.54272    0.61651    0.08952
1448.87671    0.56661    0.08520
1449.21008    0.66758    0.08543
1449.54431    0.74543    0.08863
1449.87781    0.92028    0.09121
1450.21204    0.69610    0.08850
1450.54565    0.61237    0.08834
1450.87952    0.81108    0.08936
1451.21399    0.58455    0.08502
1451.54785    0.69808    0.08663
1451.88245    0.74777    0.09045
1452.21655    0.66984    0.09247
1452.55139    0.77156    0.09027
1452.88550    0.91751    0.09053
1453.21985    0.92045    0.08908
1453.55493    0.93486    0.08868
1453.88928    1.03442    0.09040
1454.22449    0.84529    0.08905
1454.55908    0.88402    0.09211
1454.89453    0.87593    0.09191
1455.22925    0.85968    0.09027
1455.56409    0.91740    0.09191
1455.89978    0.89083    0.09532
1456.23462    0.84774    0.10036
1456.57031    1.00411    0.10419
1456.90552    0.88394    0.09658
1457.24146    0.80220    0.09129
1457.57666    0.92505    0.09077
1457.91211    1.04132    0.09128
1458.24817    0.94946    0.08958
1458.58362    0.94563    0.08970
1458.92004    0.99005    0.09186
1459.25562    0.96154    0.09283
1459.59216    0.85074    0.09412
1459.92798    0.88258    0.09673
1460.26367    0.85497    0.09679
1460.60046    0.89684    0.09607
1460.93652    0.83439    0.09451
1461.27344    0.75723    0.09126
1461.60962    0.86499    0.09226
1461.94666    0.94776    0.09429
1462.28296    0.89631    0.09320
1462.61926    0.89064    0.08967
1462.95667    0.82738    0.08845
1463.29309    0.87407    0.09093
1463.63062    0.87683    0.09216
1463.96729    0.96237    0.09238
1464.30481    0.99344    0.08979
1464.64172    0.89972    0.08689
1464.97876    0.87395    0.08722
1465.31653    0.89352    0.08868
1465.65356    0.93269    0.09057
1465.99158    0.93724    0.09160
1466.32886    1.07543    0.09443
1466.66687    1.07534    0.09507
1467.00439    0.95727    0.09523
1467.34265    0.91377    0.09322
1467.68018    1.00367    0.09030
1468.01782    1.04975    0.08958
1468.35632    1.02515    0.08850
1468.69421    0.89416    0.08970
1469.03284    0.87486    0.09251
1469.37085    0.92865    0.09139
1469.70959    0.98327    0.09012
1470.04773    0.92203    0.08852
1470.38599    0.88072    0.08711
1470.72498    0.96219    0.08996
1471.06335    1.09732    0.09599
1471.40259    0.78303    0.09537
1471.74109    1.05970    0.09753
1472.08044    0.91215    0.09293
1472.41907    1.00979    0.09294
1472.75781    1.12772    0.09443
1473.09741    0.88832    0.08952
1473.43628    0.88336    0.08803
1473.77600    0.97987    0.09051
1474.11511    1.16664    0.09433
1474.45496    1.10764    0.09154
1474.79419    0.91589    0.09009
1475.13354    1.10335    0.09719
1475.47363    0.98683    0.09811
1475.81311    1.01793    0.09769
1476.15332    0.86668    0.09333
1476.49292    1.05291    0.09587
1476.83350    0.99305    0.09751
1477.17322    0.84858    0.09448
1477.51306    0.86560    0.08942
1477.85376    1.00096    0.09054
1478.19373    0.89973    0.08824
1478.53455    0.92692    0.08939
1478.87476    0.85856    0.09007
1479.21570    1.07261    0.09719
1479.55615    0.88594    0.09697
1479.89636    1.02255    0.09336
1480.23779    0.99655    0.09342
1480.57812    1.01722    0.09259
1480.91968    1.05159    0.09048
1481.26038    0.98330    0.09063
1481.60181    1.01188    0.09079
1481.94275    0.98339    0.09029
1482.28357    1.23916    0.09578
1482.62549    0.89932    0.09448
1482.96655    1.01915    0.09486
1483.30847    1.04799    0.09229
1483.64966    0.94042    0.09149
1483.99182    0.94649    0.09083
1484.33325    1.03808    0.09297
1484.67468    1.04820    0.09390
1485.01709    0.77357    0.09171
1485.35864    0.87537    0.09111
1485.70129    0.89675    0.08903
1486.04297    0.72506    0.08690
1486.38574    0.95999    0.09050
1486.72766    0.84020    0.08845
1487.06970    0.54451    0.08484
1487.41248    0.73229    0.08595
1487.75476    0.81560    0.08467
1488.09778    0.66505    0.08237
1488.44019    0.65438    0.08399
1488.78345    0.73000    0.08784
1489.12585    0.70246    0.08718
1489.46838    0.61822    0.08338
1489.81201    0.68804    0.08350
1490.15466    0.68000    0.08421
1490.49817    0.71133    0.08504
1490.84119    0.74223    0.08657
1491.18494    0.70347    0.08671
1491.52795    0.72683    0.08766
1491.87109    0.60792    0.08458
1492.21521    0.59977    0.08268
1492.55847    0.62397    0.08332
1492.90259    0.63643    0.08595
1493.24609    0.65412    0.08637
1493.59033    0.66103    0.08439
1493.93396    0.60104    0.08143
1494.27856    0.60238    0.08039
1494.62219    0.58299    0.08007
1494.96594    0.72711    0.08277
1495.31079    0.69718    0.08643
1495.65479    0.63476    0.08673
1495.99976    0.55571    0.08432
1496.34375    0.83339    0.08658
1496.68896    0.87898    0.08674
1497.03320    0.54600    0.08074
1497.37769    0.62938    0.08000
1497.72290    0.60711    0.08026
1498.06738    0.55610    0.07905
1498.41284    0.77077    0.08582
1498.75757    0.73347    0.08756
1499.10315    0.81537    0.08840
1499.44800    0.64890    0.08449
1499.79309    0.59343    0.08303
1500.13892    0.55339    0.08387
1500.48389    0.56614    0.08374
1500.83008    0.51634    0.08123
1501.17517    0.47283    0.07925
1501.52148    0.57055    0.08457
1501.86682    0.63399    0.08674
1502.21228    0.58373    0.08909
1502.55884    0.57645    0.08934
1502.90442    0.66504    0.08846
1503.25098    0.53918    0.08275
1503.59680    0.46108    0.07673
1503.94348    0.62602    0.07967
1504.28943    0.69344    0.08105
1504.63562    0.60026    0.08141
1504.98254    0.65743    0.08127
1505.32874    0.72781    0.08210
1505.67578    0.66871    0.08174
1506.02222    0.65413    0.08238
1506.36951    0.56251    0.08102
1506.71606    0.59643    0.08269
1507.06274    0.77110    0.08633
1507.41016    0.50719    0.08464
1507.75696    0.61118    0.08628
1508.10461    0.72556    0.08898
1508.45154    0.62729    0.08958
1508.79944    0.73806    0.09218
1509.14648    0.78272    0.09286
1509.49377    0.80279    0.09026
1509.84192    0.72164    0.08451
1510.18921    0.69844    0.08223
1510.53735    0.59021    0.08246
1510.88489    0.59311    0.08806
1511.23340    0.52051    0.08732
1511.58093    0.77529    0.08731
1511.92871    0.75883    0.08722
1512.27734    0.58672    0.08336
1512.62524    0.63631    0.08727
1512.97412    0.80764    0.09076
1513.32202    0.95669    0.08924
1513.67102    0.81691    0.08875
1514.01929    0.77784    0.09367
1514.36755    0.75209    0.09713
1514.71680    0.73708    0.09114
1515.06519    0.77774    0.08709
1515.41455    0.81429    0.08432
1515.76331    0.90275    0.08542
1516.11279    0.83128    0.08436
1516.46155    0.83638    0.08434
1516.81042    0.76067    0.08734
1517.16016    0.73135    0.09778
1517.50916    0.80305    0.11382
1517.85925    0.48798    0.11661
1518.20825    0.58115    0.10818
1518.55847    0.68976    0.09449
1518.90784    0.86681    0.08794
1519.25720    0.86467    0.08435
1519.60754    0.74705    0.08377
1519.95715    0.92075    0.08824
1520.30762    0.84404    0.08695
1520.65735    0.95744    0.08512
1521.00793    0.95121    0.08457
1521.35791    1.04509    0.08562
1521.70874    0.94419    0.08478
1522.05872    0.80651    0.08348
1522.40894    0.90262    0.08688
1522.76013    1.05746    0.09083
1523.11035    0.95719    0.08791
1523.46155    0.98773    0.08755
1523.81213    1.11968    0.08978
1524.16333    1.12203    0.08574
1524.51404    1.02484    0.08109
1524.86475    0.91042    0.07909
1525.21631    0.96927    0.07912
1525.56738    0.94770    0.07570
1525.91895    0.81491    0.07171
1526.27014    1.05219    0.07595
1526.62207    1.12661    0.07715
1526.97314    1.17280    0.07849
1527.32446    1.14151    0.07646
1527.67664    1.00996    0.07334
1528.02820    0.93020    0.07290
1528.38062    0.93623    0.07297
1528.73206    0.96903    0.07261
1529.08459    1.07411    0.07331
1529.43640    1.12327    0.07317
1529.78821    1.02139    0.07046
1530.14111    1.02841    0.06820
1530.49304    1.09922    0.06679
1530.84595    1.05260    0.06537
1531.19812    1.07714    0.06461
1531.55115    0.99057    0.06355
1531.90356    1.01197    0.06427
1532.25598    0.99864    0.06370
1532.60925    1.07574    0.06186
1532.96191    1.02645    0.06029
1533.31531    0.93056    0.05943
1533.66809    0.95443    0.05996
1534.02185    1.03879    0.06038
1534.37476    0.86031    0.05719
1534.72766    1.05930    0.05904
1535.08154    0.96712    0.05660
1535.43469    1.04885    0.05764
1535.78870    0.98951    0.05724
1536.14197    0.98775    0.05719
1536.49622    1.05047    0.05792
1536.84985    1.01123    0.05811
1537.20325    0.94463    0.05565
1537.55774    0.98252    0.05461
1537.91150    0.99885    0.05477
1538.26611    0.96639    0.05426
1538.62000    1.00378    0.05334
1538.97473    1.02611    0.05262
1539.32886    1.03503    0.05228
1539.68298    0.95334    0.05225
1540.03809    0.99537    0.05376
1540.39233    1.00576    0.05397
1540.74756    1.01519    0.05358
1541.10205    1.01381    0.05318
1541.45740    1.00068    0.05211
1541.81189    0.94424    0.05045
1542.16675    0.96585    0.05052
1542.52234    0.88351    0.05084
1542.87708    0.73736    0.05006
1543.23291    0.81823    0.05019
1543.58789    0.97887    0.05334
1543.94385    1.04983    0.05396
1544.29907    1.08886    0.05458
1544.65430    0.99300    0.05249
1545.01062    1.05984    0.05500
1545.36597    1.13301    0.05661
1545.72229    1.15176    0.05632
1546.07800    1.08572    0.05648
1546.43433    1.10201    0.06037
1546.79028    1.07925    0.06117
1547.14600    1.08731    0.05875
1547.50281    1.16674    0.05975
1547.85876    1.14306    0.06885
1548.21570    1.12804    0.07106
1548.57190    1.02343    0.06088
1548.92908    0.95765    0.07172
1549.28528    1.45439    0.13200
1549.64258    2.13043    0.41199
1549.99915   -1.32294    0.99973
1550.35571   -2.95839    1.20562
1550.71313    0.67774    0.76541
1551.06982    2.10493    0.42148
1551.42749    1.06367    0.12051
1551.78442    0.97601    0.06469
1552.14221    1.05715    0.07296
1552.49939    1.07071    0.07074
1552.85657    0.92098    0.06531
1553.21460    0.94523    0.06869
1553.57202    1.02934    0.07097
1553.93018    1.00358    0.06862
1554.28772    0.97058    0.06577
1554.64612    1.01585    0.06653
1555.00378    0.85942    0.06670
1555.36145    1.00569    0.07135
1555.72009    0.98970    0.07282
1556.07800    0.98559    0.07283
1556.43677    1.00582    0.07353
1556.79480    0.72117    0.06960
1557.15381    0.64677    0.06948
1557.51208    0.88355    0.07465
1557.87048    0.96879    0.07648
1558.22961    1.02380    0.07750
1558.58801    1.01447    0.07823
1558.94739    1.09580    0.08620
1559.30615    0.84959    0.08555
1559.66565    1.14300    0.08665
1560.02454    1.11147    0.08260
1560.38342    1.12059    0.08055
1560.74329    0.91888    0.07916
1561.10229    1.00149    0.08082
1561.46216    1.17196    0.08379
1561.82141    0.92127    0.08075
1562.18164    1.07299    0.08034
1562.54089    1.13115    0.08394
1562.90051    1.04875    0.08609
1563.26086    1.01250    0.08501
1563.62048    0.99425    0.08290
1563.98096    1.00719    0.08053
1564.34082    1.13582    0.08317
1564.70154    1.26607    0.08893
1565.06152    0.98585    0.08534
1565.42163    1.02495    0.08201
1565.78247    0.85899    0.07847
1566.14270    1.01657    0.08298
1566.50391    1.04044    0.08613
1566.86426    1.02875    0.08641
1567.22559    1.03061    0.08566
1567.58618    0.96507    0.08423
1567.94678    1.03919    0.08608
1568.30835    0.92080    0.08252
1568.66919    1.10459    0.08422
1569.03088    0.95656    0.08437
1569.39172    1.03477    0.08785
1569.75378    1.12656    0.09067
1570.11475    0.91118    0.08661
1570.47607    0.81387    0.08375
1570.83813    0.94561    0.08527
1571.19946    1.05408    0.08711
1571.56189    1.23191    0.08864
1571.92346    0.96650    0.08487
1572.28589    1.23659    0.09017
1572.64758    1.22353    0.09250
1573.00940    0.72527    0.08762
1573.37207    0.91625    0.09057
1573.73401    1.00961    0.08658
1574.09692    1.16035    0.08881
1574.45911    0.80186    0.08502
1574.82214    0.93575    0.08925
1575.18445    0.94467    0.08751
1575.54675    0.93558    0.08989
1575.91016    0.91814    0.09498
1576.27271    0.97666    0.09244
1576.63611    0.88538    0.08726
1576.99878    0.96871    0.08813
1577.36243    0.88931    0.09255
1577.72534    1.10028    0.09396
1578.08923    1.04229    0.09135
1578.45215    0.92060    0.09544
1578.81531    0.87681    0.10076
1579.17932    1.10004    0.10169
1579.54272    1.04878    0.09892
1579.90686    0.92717    0.09570
1580.27039    0.86899    0.09797
1580.63477    0.85392    0.10693
1580.99841    1.02778    0.10650
1581.36218    0.94924    0.09875
1581.72681    0.74072    0.09525
1582.09070    0.82260    0.09724
1582.45557    0.69048    0.09291
1582.81958    0.67021    0.09308
1583.18457    0.76275    0.09447
1583.54871    1.08281    0.09508
1583.91296    1.25489    0.09497
1584.27820    1.05189    0.09297
1584.64270    0.99849    0.09282
1585.00818    0.79610    0.08918
1585.37280    0.77303    0.09083
1585.73828    0.96884    0.09361
1586.10315    0.90546    0.08916
1586.46802    0.95391    0.09296
1586.83386    0.86768    0.09382
1587.19885    0.76545    0.09128
1587.56494    1.08774    0.09406
1587.93018    1.11149    0.09249
1588.29639    1.03036    0.09279
1588.66174    0.98448    0.09432
1589.02710    0.94480    0.09270
1589.39355    0.94609    0.09750
1589.75928    1.14965    0.10287
1590.12585    1.01992    0.09583
1590.49158    0.99898    0.09176
1590.85828    0.89575    0.08903
1591.22437    0.93426    0.09011
1591.59045    0.89823    0.08976
1591.95740    0.87123    0.09340
1592.32361    1.04238    0.09473
1592.69092    1.02632    0.09371
1593.05725    1.11940    0.09381
1593.42468    0.94362    0.09409
1593.79126    0.78612    0.09509
1594.15784    0.91506    0.09501
1594.52539    0.96769    0.09143
1594.89221    1.03543    0.08996
1595.26001    0.97253    0.08957
1595.62708    1.03201    0.09018
1595.99500    0.96444    0.09061
1596.36218    0.90053    0.09117
1596.72937    0.88850    0.09089
1597.09753    1.09805    0.09453
1597.46497    0.77224    0.08941
1597.83337    1.05931    0.09217
1598.20093    1.04945    0.09274
1598.56946    1.02502    0.09291
1598.93726    0.94089    0.09198
1599.30505    0.95443    0.08909
1599.67383    0.88107    0.08941
1600.04175    0.95705    0.09359
1600.41089    0.96117    0.09573
1600.77893    0.80884    0.09216
1601.14807    0.81230    0.09369
1601.51648    1.15794    0.12472
1601.88489    1.19777    0.12285
1602.25427    1.01229    0.12351
1602.62292    1.16779    0.12993
1602.99243    1.14510    0.13205
1603.36121    1.08065    0.12704
1603.73096    0.95327    0.12852
1604.09985    1.07343    0.12842
1604.46887    0.89860    0.09816
1604.83887    0.87084    0.09596
1605.20801    0.90477    0.09939
1605.57812    0.97371    0.10267
1605.94763    1.13823    0.10333
1606.31787    0.92829    0.09863
1606.68750    0.93022    0.09654
1607.05798    0.96307    0.09288
1607.42773    0.95530    0.09642
1607.79736    1.09935    0.10027
1608.16821    0.89752    0.10104
1608.53821    0.97701    0.11748
1608.90918    1.09867    0.11948
1609.27930    0.84769    0.09842
1609.65039    0.77883    0.09756
1610.02063    1.04572    0.09939
1610.39099    1.22802    0.10018
1610.76233    1.00268    0.11722
1611.13281    0.88764    0.11283
1611.50452    0.92523    0.09933
1611.87512    0.87313    0.09854
1612.24695    1.01274    0.09664
1612.61768    0.93501    0.09375
1612.98877    1.09964    0.09854
1613.36060    1.12984    0.10736
1613.73181    1.11382    0.10789
1614.10388    1.04033    0.10190
1614.47522    1.09716    0.09693
1614.84753    1.11011    0.09736
1615.21899    0.95310    0.09627
1615.59058    1.00258    0.09712
1615.96313    1.22325    0.10010
1616.33496    1.19621    0.10333
1616.70764    1.00645    0.10367
1617.07947    0.93020    0.09882
1617.45251    0.88629    0.09700
1617.82446    1.00018    0.09802
1618.19666    0.98755    0.09804
1618.56995    1.17075    0.10165
1618.94226    1.22408    0.10461
1619.31555    0.95309    0.10291
1619.68799    0.93074    0.10296
1620.06152    1.08451    0.10309
1620.43420    0.99650    0.10173
1620.80701    1.07970    0.10221
1621.18091    1.11339    0.10196
1621.55371    1.09105    0.10334
1621.92773    1.21207    0.10620
1622.30090    1.14202    0.10519
1622.67493    1.21732    0.11109
1623.04810    1.17277    0.10941
1623.42151    1.07970    0.10765
1623.79602    1.08162    0.10671
1624.16956    0.98062    0.10811
1624.54395    1.00653    0.10659
1624.91772    0.87334    0.10148
1625.29248    0.85983    0.09774
1625.66626    0.96926    0.10032
1626.04028    0.89949    0.10016
1626.41516    1.01645    0.10240
1626.78943    0.93565    0.10230
1627.16455    0.94318    0.10522
1627.53882    0.98533    0.10215
1627.91418    1.00859    0.10169
1628.28870    1.04680    0.10305
1628.66321    0.88776    0.10298
1629.03894    1.08326    0.09967
1629.41370    0.94415    0.09646
1629.78931    1.08067    0.09916
1630.16431    1.10957    0.10473
1630.54016    0.95554    0.10683
1630.91528    0.89162    0.10571
1631.29041    1.08435    0.10528
1631.66663    1.20543    0.10692
1632.04211    1.09614    0.10414
1632.41833    0.99781    0.09976
1632.79382    1.04637    0.09820
1633.17041    0.98106    0.09677
1633.54614    1.15749    0.09900
1633.92188    0.99771    0.09782
1634.29858    1.15066    0.09690
1634.67468    1.04790    0.09279
1635.05164    0.96993    0.09144
1635.42773    0.98572    0.09098
1635.80493    1.01668    0.09442
1636.18127    1.21056    0.11402
1636.55847    1.21081    0.16859
1636.93494    0.59575    0.23599
1637.31152    0.57108    0.22626
1637.68921    0.50079    0.17870
1638.06592    1.24929    0.15651
1638.44360    1.21642    0.17137
1638.82056    0.57096    0.18246
1639.19836    0.85412    0.14769
1639.57556    1.32261    0.11501
1639.95276    1.07622    0.09575
1640.33093    0.90698    0.08861
1640.70825    1.09683    0.09023
1641.08667    1.16103    0.09192
1641.46411    1.00909    0.09183
1641.84265    0.74403    0.08956
1642.22034    1.06358    0.09165
1642.59814    1.18726    0.09099
1642.97681    1.06273    0.08774
1643.35486    1.09039    0.08890
1643.73376    0.96628    0.08928
1644.11194    0.93280    0.09262
1644.49109    0.85830    0.09228
1644.86938    0.94091    0.09214
1645.24780    1.07052    0.08665
1645.62708    0.84727    0.08455
1646.00586    1.11399    0.08854
1646.38525    1.13045    0.09003
1646.76404    1.14443    0.09120
1647.14380    0.99015    0.09036
1647.52283    1.07389    0.09150
1647.90173    1.03186    0.09014
1648.28174    0.93148    0.08700
1648.66101    0.99746    0.08846
1649.04114    0.99444    0.09065
1649.42053    0.91128    0.08858
1649.80078    0.98652    0.08623
