1410.11670    0.89965    0.10057
1410.44177    0.73250    0.09682
1410.76611    0.71589    0.09805
1411.09082    1.15266    0.10729
1411.41614    1.05952    0.10730
1411.74084    0.97394    0.10260
1412.06641    0.85798    0.09966
1412.39124    0.95396    0.10037
1412.71692    0.88581    0.10130
1413.04199    0.87602    0.10367
1413.36694    0.94024    0.10481
1413.69299    0.89606    0.10224
1414.01807    0.92108    0.10181
1414.34424    1.00475    0.10380
1414.66968    0.94938    0.10748
1414.99573    0.74852    0.10498
1415.32141    1.00770    0.10342
1415.64685    0.87541    0.09873
1415.97339    0.89650    0.09929
1416.29907    0.71929    0.10342
1416.62561    0.98622    0.11243
1416.95166    1.04880    0.10456
1417.27832    1.06293    0.11112
1417.60437    1.74838    0.24462
1417.93127    0.93314    0.71944
1418.25745    1.36505    1.08544
1418.58374   -1.86205    1.29243
1418.91089    2.61467    0.33649
1419.23718    0.69934    0.13663
1419.56445    0.97866    0.10469
1419.89111    1.38124    0.11519
1420.21851    1.00512    0.10500
1420.54517    0.88012    0.09761
1420.87207    0.80819    0.09998
1421.19971    0.96799    0.10840
1421.52673    0.98623    0.10701
1421.85449    0.92107    0.10127
1422.18152    1.00120    0.10272
1422.50952    1.00262    0.10302
1422.83679    1.11205    0.10133
1423.16406    1.06511    0.10142
1423.49231    0.92214    0.10252
1423.81982    0.69784    0.10061
1424.14795    0.84303    0.10569
1424.47559    0.75546    0.10479
1424.80408    0.88831    0.10297
1425.13196    0.70212    0.10488
1425.45984    0.94911    0.11018
1425.78845    1.02602    0.10915
1426.11646    0.74461    0.10325
1426.44531    0.74185    0.10104
1426.77356    0.90776    0.10178
1427.10254    0.79985    0.09928
1427.43091    0.79999    0.10041
1427.75928    0.89721    0.10202
1428.08850    0.82907    0.10102
1428.41699    0.85664    0.10447
1428.74634    0.68622    0.10433
1429.07507    0.71794    0.09982
1429.40466    0.99338    0.10061
1429.73340    0.73787    0.09576
1430.06238    0.83526    0.10305
1430.39209    0.79366    0.10297
1430.72119    0.86814    0.09999
1431.05103    0.85801    0.09739
1431.38025    0.90304    0.09774
1431.71033    0.81768    0.09665
1432.03967    0.69688    0.09447
1432.36914    0.76225    0.09656
1432.69934    0.82739    0.09698
1433.02905    0.95797    0.09860
1433.35950    0.98960    0.09999
1433.68921    0.87789    0.10039
1434.01978    0.77386    0.09827
1434.34973    0.95548    0.10307
1434.67969    0.82220    0.10299
1435.01062    0.86713    0.11019
1435.34070    0.72899    0.10611
1435.67163    0.71969    0.09732
1436.00183    0.82398    0.09993
1436.33313    0.80867    0.10280
1436.66345    0.91305    0.10953
1436.99402    0.77264    0.10391
1437.32532    0.67988    0.09807
1437.65601    0.74156    0.09576
1437.98755    0.79180    0.09533
1438.31836    0.86418    0.09759
1438.65002    0.87309    0.09866
1438.98096    0.87254    0.09994
1439.31201    0.74490    0.10311
1439.64392    1.03306    0.10613
1439.97510    0.75023    0.10101
1440.30713    0.65996    0.09844
1440.63855    0.97638    0.10580
1440.97070    0.76164    0.10305
1441.30225    1.07890    0.10412
1441.63379    0.84869    0.10376
1441.96619    0.95794    0.10694
1442.29797    0.84346    0.11110
1442.63049    0.74371    0.11112
1442.96240    1.01330    0.11047
1443.29504    0.94252    0.10923
1443.62720    0.92571    0.10960
1443.96008    0.77725    0.10940
1444.29224    0.87315    0.10958
1444.62451    0.94184    0.11130
1444.95764    0.76930    0.11123
1445.29004    0.92794    0.11795
1445.62329    1.04102    0.12517
1445.95581    0.85314    0.12353
1446.28931    0.73481    0.11743
1446.62195    0.81580    0.12171
1446.95483    0.90217    0.12855
1447.28857    1.16426    0.12560
1447.62146    0.91360    0.11655
1447.95532    0.85390    0.11104
1448.28833    1.00744    0.11209
1448.62231    0.75112    0.10995
1448.95557    0.73564    0.10827
1449.28882    0.92284    0.10990
1449.62305    0.93162    0.10734
1449.95667    0.81755    0.10475
1450.29089    1.05011    0.10826
1450.62463    0.93876    0.10876
1450.95911    1.04721    0.10621
1451.29297    0.93371    0.10449
1451.62671    1.01390    0.10454
1451.96155    1.03505    0.10446
1452.29553    0.90103    0.10324
1452.63049    0.87684    0.10441
1452.96460    0.92492    0.10519
1453.29968    1.12500    0.10989
1453.63403    1.06893    0.11843
1453.96838    1.01417    0.12088
1454.30371    0.91614    0.11342
1454.63818    1.16232    0.11091
1454.97363    0.95977    0.10706
1455.30835    0.97444    0.10737
1455.64392    1.09793    0.10688
1455.97888    1.00844    0.10473
1456.31384    1.09429    0.10527
1456.64954    1.05967    0.10611
1456.98462    1.08908    0.10935
1457.32068    1.01312    0.10841
1457.65588    1.30909    0.11175
1457.99207    1.03524    0.10664
1458.32751    0.89671    0.10481
1458.66296    0.90936    0.10887
1458.99927    0.97660    0.11226
1459.33496    0.96167    0.10872
1459.67151    1.12405    0.10814
1460.00732    0.98960    0.10747
1460.34399    1.11017    0.10911
1460.67993    0.85890    0.10520
1461.01599    0.80455    0.10496
1461.35278    0.97274    0.10814
1461.68896    0.96073    0.10565
1462.02612    1.05582    0.10616
1462.36243    1.03139    0.10569
1462.69958    1.17075    0.10854
1463.03613    0.95316    0.10813
1463.37268    0.68005    0.10423
1463.71021    1.00232    0.10744
1464.04688    1.11685    0.10784
1464.38452    1.06208    0.10769
1464.72131    1.10625    0.10942
1465.05908    0.75238    0.10614
1465.39612    1.17794    0.11158
1465.73328    1.14368    0.11240
1466.07129    1.19196    0.11220
1466.40857    0.91996    0.11167
1466.74670    1.18869    0.12130
1467.08411    1.05579    0.12776
1467.42249    0.96960    0.12589
1467.76001    1.01615    0.11777
1468.09766    1.12930    0.11299
1468.43616    1.28053    0.11197
1468.77393    1.06445    0.11015
1469.11267    1.09499    0.11071
1469.45068    1.05518    0.10929
1469.78943    1.00799    0.11086
1470.12769    1.04104    0.11641
1470.46667    0.92016    0.11466
1470.80493    0.98588    0.11126
1471.14331    0.92821    0.10788
1471.48254    0.90548    0.10880
1471.82104    0.90979    0.11380
1472.16052    0.78351    0.11906
1472.49915    1.17964    0.12641
1472.83875    0.98144    0.11994
1473.17749    0.71696    0.11236
1473.51636    1.13780    0.11696
1473.85620    1.01248    0.11597
1474.19519    1.24915    0.12153
1474.53528    0.94315    0.12063
1474.87439    1.18594    0.12105
1475.21460    0.86960    0.11471
1475.55383    0.93200    0.11460
1475.89343    0.94650    0.11702
1476.23364    0.99975    0.11728
1476.57336    1.03928    0.11835
1476.91370    1.27992    0.12028
1477.25354    1.18007    0.11638
1477.59412    0.77451    0.10787
1477.93408    0.96808    0.11237
1478.27405    0.96936    0.11226
1478.61499    1.01636    0.11795
1478.95508    0.79938    0.12086
1479.29614    0.98322    0.12778
1479.63647    0.88136    0.12808
1479.97766    0.68698    0.11523
1480.31812    0.78554    0.11200
1480.65869    1.03327    0.11782
1481.00012    0.77952    0.11440
1481.34082    0.67146    0.11207
1481.68250    0.80069    0.11517
1482.02319    0.77760    0.11576
1482.36499    0.94773    0.12353
1482.70605    0.96748    0.13467
1483.04712    1.08645    0.13325
1483.38916    0.87463    0.12477
1483.73035    0.84748    0.12219
1484.07263    0.83430    0.12568
1484.41394    0.71446    0.12692
1484.75623    0.72663    0.12573
1485.09778    1.20419    0.13362
1485.43945    1.07887    0.13431
1485.78210    0.71954    0.13067
1486.12378    1.23753    0.14003
1486.46643    1.06629    0.13660
1486.80847    0.89976    0.13217
1487.15137    1.02249    0.13444
1487.49341    0.95827    0.13536
1487.83569    0.94007    0.13743
1488.17871    1.06272    0.13511
1488.52100    0.69627    0.12680
1488.86426    0.97952    0.12944
1489.20679    0.93049    0.12913
1489.55017    0.83643    0.12843
1489.89294    1.07749    0.13590
1490.23560    1.21831    0.14340
1490.57935    0.91459    0.13439
1490.92224    0.72180    0.12885
1491.26599    0.79267    0.13183
1491.60913    0.98895    0.14098
1491.95300    0.72857    0.14571
1492.29626    1.18323    0.15043
1492.63953    0.84870    0.14012
1492.98376    1.30448    0.13829
1493.32727    0.96993    0.13288
1493.67151    0.83459    0.12532
1494.01514    1.20037    0.13228
1494.35962    1.25587    0.13321
1494.70349    0.88267    0.12417
1495.04724    0.97499    0.12480
1495.39197    0.97586    0.12343
1495.73621    0.83446    0.12090
1496.08105    0.98619    0.12236
1496.42517    0.93564    0.12238
1496.77026    1.22789    0.13229
1497.11462    1.11722    0.15812
1497.45972    0.74603    0.24287
1497.80432    0.15413    0.30628
1498.14893    0.74882    0.28215
1498.49438    1.36278    0.19552
1498.83911    0.76274    0.17039
1499.18469    0.47415    0.23816
1499.52966    0.77671    0.27954
1499.87537    0.59803    0.19058
1500.22046    0.98543    0.14102
1500.56555    1.06061    0.12679
1500.91162    0.83081    0.12326
1501.25684    0.98837    0.12010
1501.60303    0.96727    0.11760
1501.94849    1.01583    0.11978
1502.29480    0.98369    0.12047
1502.64038    1.06165    0.11919
1502.98621    0.95485    0.11651
1503.33264    0.98343    0.11605
1503.67847    1.13798    0.11917
1504.02527    1.07815    0.12407
1504.37122    0.97959    0.12588
1504.71826    0.98473    0.12444
1505.06433    0.94522    0.11687
1505.41052    0.93907    0.11464
1505.75769    0.74398    0.11502
1506.10413    1.10179    0.11888
1506.45142    0.97044    0.12174
1506.79797    1.07200    0.12171
1507.14551    1.15450    0.11830
1507.49219    1.08276    0.11525
1507.83899    0.81067    0.11271
1508.18665    0.73990    0.11972
1508.53369    0.97739    0.13145
1508.88147    1.09532    0.12884
1509.22864    0.91719    0.11591
1509.57654    0.86538    0.10768
1509.92395    1.18949    0.11205
1510.27124    1.09641    0.11387
1510.61951    0.99056    0.11171
1510.96704    0.93729    0.10986
1511.31543    1.02690    0.10890
1511.66321    1.15321    0.12082
1512.01184    1.18598    0.11079
1512.35950    1.01781    0.11193
1512.70752    1.04752    0.11230
1513.05627    1.10948    0.11226
1513.40442    1.03128    0.10982
1513.75342    1.14447    0.11131
1514.10156    1.18229    0.11722
1514.45068    1.19197    0.11672
1514.79919    0.96905    0.10668
1515.14771    1.07831    0.10362
1515.49695    1.14593    0.10178
1515.84570    0.96115    0.09864
1516.19519    1.16704    0.09982
1516.54407    1.06301    0.09778
1516.89380    1.06512    0.09843
1517.24268    1.09620    0.09761
1517.59167    1.07352    0.09749
1517.94165    1.04518    0.09740
1518.29089    1.07244    0.09873
1518.64099    1.17278    0.10078
1518.99036    1.17199    0.09902
1519.34058    1.10160    0.09745
1519.69019    1.08207    0.09781
1520.03979    0.97790    0.09723
1520.39026    0.98606    0.09379
1520.74011    0.98307    0.08948
1521.09070    1.12970    0.08744
1521.44067    1.06836    0.08520
1521.79150    0.89325    0.08421
1522.14160    0.94224    0.08283
1522.49170    1.14624    0.08519
1522.84277    1.15301    0.08572
1523.19312    1.03705    0.08445
1523.54431    1.07004    0.08337
1523.89478    1.11336    0.08773
1524.24634    1.06291    0.08673
1524.59705    0.89163    0.07788
1524.94861    0.95238    0.07812
1525.29932    1.02682    0.07869
1525.65027    1.04530    0.07744
1526.00208    1.10608    0.07857
1526.35315    0.97506    0.07671
1526.70508    1.00756    0.07852
1527.05627    0.92080    0.07825
1527.40833    0.84159    0.07511
1527.75977    0.98822    0.07361
1528.11121    0.97995    0.07222
1528.46362    0.80757    0.07291
1528.81531    0.77083    0.07230
1529.16785    0.60542    0.06909
1529.51953    0.47405    0.06442
1529.87219    0.30365    0.05961
1530.22412    0.22138    0.06012
1530.57629    0.15328    0.05845
1530.92920    0.25466    0.05875
1531.28137    0.24851    0.05776
1531.63440    0.14039    0.05701
1531.98694    0.11394    0.05665
1532.34009    0.19242    0.05932
1532.69263    0.16264    0.06267
1533.04517    0.15006    0.06267
1533.39880    0.07095    0.05962
1533.75146   -0.00112    0.05735
1534.10510    0.18656    0.06109
1534.45813    0.18685    0.06247
1534.81189    0.20843    0.06205
1535.16492    0.22626    0.06089
1535.51819    0.23123    0.06129
1535.87219    0.27118    0.06224
1536.22559    0.15225    0.06104
1536.57983    0.30495    0.06249
1536.93323    0.20720    0.06320
1537.28772    0.12133    0.06172
1537.64136    0.20432    0.06036
1537.99512    0.25939    0.05949
1538.34973    0.34553    0.06158
1538.70374    0.50129    0.06719
1539.05847    0.54634    0.06821
1539.41260    0.57939    0.06458
1539.76746    0.61804    0.06201
1540.12183    0.69850    0.06098
1540.47607    0.79966    0.06357
1540.83130    0.91582    0.06447
1541.18567    0.76709    0.05941
1541.54114    0.76009    0.05745
1541.89575    0.83929    0.05810
1542.25134    0.89668    0.05863
1542.60620    0.93324    0.05820
1542.96094    1.02561    0.05889
1543.31677    1.12881    0.05876
1543.67175    1.23861    0.05949
1544.02783    1.27778    0.05952
1544.38306    1.28327    0.05850
1544.73926    1.36895    0.05833
1545.09448    1.26299    0.05687
1545.44995    1.27002    0.05631
1545.80640    1.20816    0.05495
1546.16199    1.21544    0.05465
1546.51855    1.12858    0.05238
1546.87427    1.20318    0.05277
1547.23096    1.05474    0.05018
1547.58691    1.05490    0.04996
1547.94299    1.04955    0.04917
1548.29993    1.00105    0.04859
1548.65601    0.97235    0.04814
1549.01318    0.91753    0.04807
1549.36951    0.86681    0.04767
1549.72681    0.89220    0.04859
1550.08337    0.95077    0.04879
1550.44080    0.94584    0.04924
1550.79736    1.03498    0.05068
1551.15417    0.94254    0.05004
1551.51184    0.89226    0.05012
1551.86877    1.00319    0.05190
1552.22668    0.92634    0.05160
1552.58374    0.93793    0.05171
1552.94177    1.00519    0.05322
1553.29907    0.98124    0.05445
1553.65637    0.96201    0.05593
1554.01465    1.04613    0.05725
1554.37219    1.05374    0.05795
1554.73059    1.01522    0.05686
1555.08826    1.00772    0.05655
1555.44690    0.97127    0.05707
1555.80469    0.99221    0.05817
1556.16260    1.01568    0.05974
1556.52148    1.02860    0.06160
1556.87952    1.05400    0.06311
1557.23853    1.09258    0.06373
1557.59680    1.12781    0.06477
1557.95593    1.11364    0.06466
1558.31433    1.15613    0.06523
1558.67285    0.99687    0.06521
1559.03223    1.01292    0.06723
1559.39087    1.13520    0.06896
1559.75049    1.11733    0.06779
1560.10938    1.02684    0.06614
1560.46912    1.00752    0.06691
1560.82812    1.08107    0.06923
1561.18713    1.13808    0.07255
1561.54712    1.07157    0.07264
1561.90637    1.03759    0.07059
1562.26660    1.05268    0.07024
1562.62598    1.13649    0.07005
1562.98621    1.02841    0.06821
1563.34583    1.02916    0.06836
1563.70557    0.82811    0.06516
1564.06604    0.91838    0.06665
1564.42590    1.02288    0.06814
1564.78674    1.00169    0.06860
1565.14661    0.83192    0.06797
1565.50757    0.89279    0.06877
1565.86768    1.00104    0.06960
1566.22791    0.96102    0.07125
1566.58911    1.02811    0.07451
1566.94946    1.07151    0.07571
1567.31079    0.96631    0.07667
1567.67139    0.93322    0.07404
1568.03284    0.97837    0.06983
1568.39355    1.02779    0.06972
1568.75439    0.91623    0.06974
1569.11621    0.90180    0.07169
1569.47705    0.87660    0.07167
1569.83911    0.93309    0.07078
1570.20020    0.86953    0.07004
1570.56226    1.02426    0.07271
1570.92358    0.98973    0.07284
1571.28503    0.98404    0.07311
1571.64722    1.03666    0.07427
1572.00891    0.94643    0.07282
1572.37134    0.92457    0.07309
1572.73303    0.98878    0.07522
1573.09570    1.01168    0.07622
1573.45764    1.00490    0.07480
1573.81958    1.08983    0.07636
1574.18250    0.89119    0.07444
1574.54468    1.04160    0.07955
1574.90771    0.89249    0.07844
1575.27002    1.09161    0.07810
1575.63330    0.90626    0.07563
1575.99573    1.06635    0.07746
1576.35840    1.00705    0.07699
1576.72192    1.02450    0.07874
1577.08447    1.09146    0.08273
1577.44824    1.06858    0.08502
1577.81116    1.08149    0.08428
1578.17493    0.97529    0.08127
1578.53796    0.84094    0.07904
1578.90198    0.96227    0.08126
1579.26526    0.96701    0.08012
1579.62854    0.95454    0.07999
1579.99280    0.99598    0.08049
1580.35632    0.89287    0.07920
1580.72070    1.02808    0.07859
1581.08435    0.99031    0.07777
1581.44885    0.88345    0.07628
1581.81274    0.96011    0.07999
1582.17664    1.11211    0.08350
1582.54150    1.12040    0.08310
1582.90564    0.93127    0.07928
1583.27063    0.98562    0.07892
1583.63477    1.01217    0.07955
1583.99988    1.00072    0.07887
1584.36438    1.02452    0.08024
1584.72888    0.91490    0.08301
1585.09424    0.99918    0.09053
1585.45898    0.96347    0.09423
1585.82458    0.98572    0.09505
1586.18933    1.10634    0.09638
1586.55518    0.88284    0.09113
1586.92017    1.02081    0.08720
1587.28516    0.91006    0.08585
1587.65125    1.00170    0.08348
1588.01648    1.01451    0.08021
1588.38269    1.11003    0.08038
1588.74805    1.00972    0.08229
1589.11438    0.93660    0.08296
1589.47998    0.98091    0.08146
1589.84558    0.98443    0.07893
1590.21216    1.06536    0.07893
1590.57800    1.01545    0.08064
1590.94495    0.93191    0.08369
1591.31091    1.15898    0.09250
1591.67786    1.06273    0.08965
1592.04395    0.94069    0.08252
1592.41016    1.06524    0.07756
1592.77734    0.89804    0.07739
1593.14392    1.05578    0.08310
1593.51123    0.92296    0.08335
1593.87781    1.00744    0.07890
1594.24536    0.87120    0.07243
1594.61206    0.86186    0.07065
1594.97900    1.05433    0.07238
1595.34680    1.07029    0.07333
1595.71375    0.91532    0.07260
1596.08179    0.93219    0.07366
1596.44897    0.94274    0.07417
1596.81702    0.99747    0.07472
1597.18433    1.07005    0.07368
1597.55188    1.03132    0.07201
1597.92017    1.04069    0.07328
1598.28772    0.88474    0.07427
1598.65637    1.06080    0.08047
1599.02417    1.14303    0.08427
1599.39294    0.94239    0.07761
1599.76086    1.17407    0.07604
1600.12878    0.98872    0.07470
1600.49780    0.92158    0.07051
1600.86597    0.94845    0.07426
1601.23523    1.14906    0.08333
1601.60352    0.88462    0.10155
1601.97290    0.86773    0.13012
1602.34143    1.11272    0.14750
1602.70996    0.91789    0.11482
1603.07959    0.98268    0.08629
1603.44836    1.04768    0.08095
1603.81812    0.88655    0.08484
1604.18713    1.02672    0.08036
1604.55701    0.92686    0.07460
1604.92615    1.07736    0.07319
1605.29529    0.89500    0.07045
1605.66553    0.89123    0.06963
1606.03479    0.88789    0.06574
1606.40527    1.05626    0.06808
1606.77490    1.00526    0.07055
1607.14526    0.89115    0.07087
1607.51501    1.04351    0.07212
1607.88574    0.99566    0.07268
1608.25562    0.99987    0.07263
1608.62561    1.01388    0.06815
1608.99658    0.97912    0.06801
1609.36670    0.98935    0.07595
1609.73779    0.90266    0.08164
1610.10815    0.96979    0.07646
1610.47949    1.04284    0.06844
1610.84985    0.88281    0.06349
1611.22046    0.85451    0.06306
1611.59204    0.92475    0.06376
1611.96265    0.95476    0.06398
1612.33447    0.94281    0.06538
1612.70532    0.87625    0.06850
1613.07727    0.95849    0.07089
1613.44836    0.91302    0.06677
1613.81958    0.89256    0.06464
1614.19165    1.00812    0.06858
1614.56299    1.15111    0.07108
1614.93530    0.93682    0.07024
1615.30688    1.00252    0.06879
1615.67932    0.99748    0.06790
1616.05103    1.06676    0.07330
1616.42285    1.01783    0.07880
1616.79553    0.84210    0.07676
1617.16748    0.71368    0.06905
1617.54041    0.49450    0.06701
1617.91260    0.40045    0.07618
1618.28564    0.52788    0.09171
1618.65796    0.62294    0.09511
1619.03015    0.94961    0.08218
1619.40369    0.94591    0.06826
1619.77625    1.01179    0.06746
1620.14966    1.05926    0.06692
1620.52246    1.05304    0.06832
1620.89612    0.90414    0.06703
1621.26892    1.06406    0.06757
1621.64197    1.12969    0.06893
1622.01587    1.01733    0.07143
1622.38904    1.06089    0.07294
1622.76306    0.95368    0.07007
1623.13635    0.94180    0.06757
1623.51074    1.05392    0.07133
1623.88428    1.00518    0.07532
1624.25781    0.96224    0.07435
1624.63232    1.02977    0.07329
1625.00610    1.00838    0.07293
1625.38074    0.98195    0.07277
1625.75476    1.07332    0.07195
1626.12964    0.99357    0.06791
1626.50366    0.86440    0.06624
1626.87781    1.02037    0.06836
1627.25305    0.93988    0.06749
1627.62744    0.93436    0.06736
1628.00269    0.93754    0.06663
1628.37720    1.03162    0.06789
1628.75281    1.01053    0.06863
1629.12744    0.93675    0.06639
1629.50220    0.98049    0.07912
1629.87793    1.08167    0.08135
1630.25293    1.09545    0.06794
1630.62878    1.04763    0.06830
1631.00403    0.99722    0.06835
1631.38000    1.09720    0.07139
1631.75537    1.13987    0.07317
1632.13074    1.10295    0.07207
1632.50708    1.08020    0.07090
1632.88269    1.11018    0.07140
1633.25916    1.09613    0.06988
1633.63501    0.97530    0.06722
1634.01160    1.00809    0.06617
1634.38757    0.99397    0.06598
1634.76355    0.94590    0.06636
1635.14050    1.15796    0.06970
1635.51660    1.01265    0.06725
1635.89380    0.93383    0.06705
1636.27014    1.09542    0.06910
1636.64746    0.97710    0.06595
1637.02405    1.02164    0.06648
1637.40149    1.00670    0.06602
1637.77820    1.01728    0.06611
1638.15491    0.86355    0.06403
1638.53271    0.71132    0.06276
1638.90967    0.80777    0.06395
1639.28748    0.82285    0.06481
1639.66467    1.00633    0.06602
1640.04285    1.01316    0.06547
1640.42004    0.88774    0.06431
1640.79749    0.96363    0.06536
1641.17590    0.94840    0.06493
1641.55334    0.89920    0.06397
1641.93188    0.96477    0.06578
1642.30969    0.97453    0.06757
1642.68835    1.01163    0.06618
1643.06616    0.96871    0.06570
1643.44421    0.97878    0.07035
1643.82324    0.68862    0.07265
1644.20142    0.39725    0.06489
1644.58044    0.40299    0.06127
1644.95886    0.48715    0.06543
1645.33813    0.76611    0.07338
1645.71667    1.10568    0.07922
1646.09534    0.95372    0.07161
1646.47485    0.87855    0.06530
1646.85352    0.95054    0.06624
1647.23328    1.01291    0.06799
1647.61230    0.91248    0.06690
1647.99219    0.93591    0.06628
1648.37134    1.06972    0.06825
1648.75061    1.04483    0.06920
1649.13074    0.92852    0.06579
1649.51013    0.95633    0.06381
1649.89050    1.03028    0.06478
