1410.02197    1.13552    0.05761
1410.34705    1.03951    0.05560
1410.67151    0.97429    0.05420
1410.99683    1.04643    0.05524
1411.32141    1.05955    0.05548
1411.64685    1.03672    0.05515
1411.97168    0.99279    0.05433
1412.29639    1.03996    0.05463
1412.62207    0.99828    0.05398
1412.94702    0.96531    0.05368
1413.27295    1.13865    0.05595
1413.59802    0.98726    0.05421
1413.92395    1.11118    0.05632
1414.24927    1.15130    0.05652
1414.57532    1.04216    0.05592
1414.90076    1.04349    0.05606
1415.22632    1.21043    0.05650
1415.55261    0.96712    0.05367
1415.87830    0.97540    0.05361
1416.20483    1.03825    0.05389
1416.53052    0.96414    0.05410
1416.85718    0.89748    0.05210
1417.18323    1.03348    0.05452
1417.50916    1.04253    0.05457
1417.83606    0.97856    0.05405
1418.16223    0.99748    0.05430
1418.48926    1.01670    0.05509
1418.81567    0.99493    0.05507
1419.14270    1.03075    0.05568
1419.46924    1.12004    0.05887
1419.79578    1.11507    0.05934
1420.12317    1.07949    0.05787
1420.44983    1.01507    0.05528
1420.77747    0.98091    0.05514
1421.10437    1.03652    0.05635
1421.43201    0.99100    0.05520
1421.75891    0.99665    0.05465
1422.08606    0.92211    0.05194
1422.41394    0.98469    0.05366
1422.74121    1.09044    0.05324
1423.06934    0.93684    0.05211
1423.39661    1.00119    0.05181
1423.72485    0.98236    0.05154
1424.05249    1.04224    0.05234
1424.38013    1.01931    0.05072
1424.70850    0.92841    0.05015
1425.03625    1.01716    0.05159
1425.36487    1.08833    0.05291
1425.69275    1.11607    0.05311
1426.02148    0.98391    0.05067
1426.34961    0.96531    0.04961
1426.67773    1.01742    0.05032
1427.00671    0.88391    0.04800
1427.33496    1.05113    0.04975
1427.66418    0.98024    0.04899
1427.99255    0.90494    0.04775
1428.32178    0.97401    0.04912
1428.65039    1.04363    0.05030
1428.97913    0.97222    0.04996
1429.30859    1.05085    0.05036
1429.63733    0.99019    0.04946
1429.96716    1.01984    0.04998
1430.29602    1.06499    0.05032
1430.62585    1.02327    0.05011
1430.95496    0.98711    0.05029
1431.28418    1.03755    0.05056
1431.61426    0.97328    0.05005
1431.94348    0.97526    0.05052
1432.27368    0.98849    0.04925
1432.60327    0.97483    0.04965
1432.93359    0.99459    0.04944
1433.26331    0.94418    0.04971
1433.59302    1.03132    0.05093
1433.92358    0.98339    0.05075
1434.25342    0.95136    0.04966
1434.58411    0.99406    0.04952
1434.91418    0.94394    0.04796
1435.24512    0.98197    0.04901
1435.57532    1.00953    0.04965
1435.90552    1.01131    0.04931
1436.23669    1.02144    0.04982
1436.56702    1.02215    0.04946
1436.89832    0.98455    0.04923
1437.22888    1.01697    0.04962
1437.56030    1.05290    0.04962
1437.89099    1.05726    0.04960
1438.22253    1.01559    0.04936
1438.55347    0.97025    0.04881
1438.88440    0.97210    0.04820
1439.21619    0.94749    0.04737
1439.54724    0.92906    0.04666
1439.87915    1.04276    0.04867
1440.21045    1.07366    0.04876
1440.54248    0.98457    0.04772
1440.87402    0.96532    0.04622
1441.20544    0.86422    0.04491
1441.53772    1.05495    0.04737
1441.86938    1.04968    0.04770
1442.20190    0.90157    0.04500
1442.53369    0.87368    0.04457
1442.86633    0.96854    0.04606
1443.19824    0.92643    0.04588
1443.53015    0.94478    0.04678
1443.86316    0.97599    0.04796
1444.19531    0.91490    0.04602
1444.52832    0.86992    0.04604
1444.86060    0.99293    0.04735
1445.19373    0.97166    0.04800
1445.52625    1.01841    0.04860
1445.85876    1.00000    0.04890
1446.19214    1.01940    0.04960
1446.52490    1.02513    0.04853
1446.85840    0.86843    0.04584
1447.19128    0.94354    0.04580
1447.52502    0.84249    0.04501
1447.85803    0.89306    0.04503
1448.19116    0.96076    0.04667
1448.52502    0.92701    0.04676
1448.85828    0.95527    0.04734
1449.19238    0.99583    0.04807
1449.52588    0.90300    0.04579
1449.85999    0.89720    0.04581
1450.19360    0.99076    0.04772
1450.52722    1.03834    0.04798
1450.86169    0.97694    0.04776
1451.19543    1.00602    0.04803
1451.53003    0.98954    0.04728
1451.86401    0.97053    0.04840
1452.19885    0.91533    0.04597
1452.53296    0.87722    0.04698
1452.86694    0.95622    0.04786
1453.20203    0.96215    0.04781
1453.53638    0.97083    0.04730
1453.87146    0.88800    0.04531
1454.20605    0.87713    0.04501
1454.54126    0.94206    0.04627
1454.87598    0.88359    0.04484
1455.21069    0.88214    0.04524
1455.54626    1.01173    0.04855
1455.88110    1.01036    0.04908
1456.21680    0.94103    0.04822
1456.55176    0.94408    0.04808
1456.88770    0.99288    0.04859
1457.22278    0.95791    0.04803
1457.55811    0.87144    0.04645
1457.89417    0.90001    0.04645
1458.22949    0.98244    0.04795
1458.56592    1.00470    0.04828
1458.90137    0.98746    0.04856
1459.23779    1.07124    0.04948
1459.57349    1.08766    0.04990
1459.90930    1.03721    0.04926
1460.24597    0.96498    0.04869
1460.58179    0.95565    0.04880
1460.91870    1.04545    0.04991
1461.25476    1.04610    0.04974
1461.59167    1.03090    0.04896
1461.92798    0.97453    0.04835
1462.26428    0.93284    0.04766
1462.60144    0.95451    0.04764
1462.93787    1.00214    0.04835
1463.27527    0.98612    0.04744
1463.61182    0.86308    0.04539
1463.94946    0.92354    0.04592
1464.28613    0.98760    0.04739
1464.62378    0.94252    0.04642
1464.96082    0.97652    0.04665
1465.29773    1.04626    0.04758
1465.63574    0.99489    0.04704
1465.97278    0.92276    0.04614
1466.31091    0.93344    0.04599
1466.64819    1.02168    0.04797
1466.98633    1.10052    0.04905
1467.32397    1.12574    0.04937
1467.66150    1.03845    0.04793
1467.99988    0.99912    0.04720
1468.33765    1.01458    0.04739
1468.67627    1.04850    0.04833
1469.01404    1.04472    0.04820
1469.35278    0.84714    0.04780
1469.69080    1.02752    0.05119
1470.02893    1.03853    0.05282
1470.36792    0.94675    0.04957
1470.70618    0.98021    0.04793
1471.04529    1.05929    0.04815
1471.38379    1.07109    0.04757
1471.72302    0.97502    0.04580
1472.06165    0.95886    0.04516
1472.40027    1.00673    0.04610
1472.73975    1.01641    0.04582
1473.07861    0.96653    0.04542
1473.41821    0.94879    0.04467
1473.75720    0.98220    0.04455
1474.09705    0.93097    0.04413
1474.43616    0.95046    0.04464
1474.77539    1.02918    0.04564
1475.11548    0.94056    0.04439
1475.45483    0.92514    0.04446
1475.79504    1.08023    0.04602
1476.13464    1.03911    0.04662
1476.47485    1.01949    0.04618
1476.81458    1.04800    0.04648
1477.15442    0.87600    0.04447
1477.49487    1.04551    0.04566
1477.83484    0.97446    0.04509
1478.17566    1.02213    0.04507
1478.51562    1.04623    0.04577
1478.85657    0.97136    0.04480
1479.19678    1.03153    0.04526
1479.53711    0.98807    0.04394
1479.87830    1.03778    0.04526
1480.21875    0.99938    0.04435
1480.56006    0.94105    0.04489
1480.90063    0.96527    0.04461
1481.24219    1.00160    0.04503
1481.58301    0.96589    0.04491
1481.92383    1.02093    0.04497
1482.26550    1.08801    0.04588
1482.60657    1.02902    0.04528
1482.94836    0.92032    0.04333
1483.28955    0.97103    0.04422
1483.63159    1.03632    0.04488
1483.97290    1.07313    0.04497
1484.31433    0.98715    0.04416
1484.65649    0.93421    0.04361
1484.99805    1.01571    0.04424
1485.34058    1.07368    0.04459
1485.68225    0.92896    0.04299
1486.02490    0.97742    0.04223
1486.36670    1.03037    0.04374
1486.70862    1.04917    0.04387
1487.05151    1.05786    0.04398
1487.39355    1.01706    0.04356
1487.73657    0.98591    0.04299
1488.07886    1.04784    0.04351
1488.42200    1.07263    0.04436
1488.76440    1.03392    0.04358
1489.10681    1.00371    0.04322
1489.45020    1.03488    0.04351
1489.79285    1.04054    0.04325
1490.13647    0.99724    0.04198
1490.47925    1.01075    0.04304
1490.82300    1.03115    0.04324
1491.16589    1.05371    0.04423
1491.50977    1.12465    0.04438
1491.85291    1.03488    0.04359
1492.19604    1.02073    0.04326
1492.54004    1.01113    0.04307
1492.88354    1.00564    0.04295
1493.22778    1.00977    0.04295
1493.57129    0.99183    0.04219
1493.91565    1.02471    0.04269
1494.25940    1.02407    0.04295
1494.60327    1.04514    0.04374
1494.94775    1.05012    0.04332
1495.29163    1.04163    0.04389
1495.63660    1.07100    0.04365
1495.98059    1.00434    0.04284
1496.32544    0.96923    0.04239
1496.66968    1.00324    0.04236
1497.01404    1.05349    0.04370
1497.35938    1.09706    0.04460
1497.70374    1.13492    0.04495
1498.04919    1.06217    0.04457
1498.39380    1.04692    0.04421
1498.73926    1.07147    0.04405
1499.08411    1.00895    0.04301
1499.42883    0.95139    0.04213
1499.77466    1.09088    0.04384
1500.11975    1.08194    0.04403
1500.46558    1.08426    0.04409
1500.81079    1.03099    0.04344
1501.15686    1.04268    0.04380
1501.50232    1.12311    0.04448
1501.84778    1.11359    0.04512
1502.19385    1.17380    0.04521
1502.53955    0.96823    0.04299
1502.88599    0.96900    0.04179
1503.23181    1.03414    0.04313
1503.57837    1.01077    0.04287
1503.92432    1.08854    0.04428
1504.27026    1.08679    0.04375
1504.61719    1.02449    0.04254
1504.96338    1.08256    0.04347
1505.31042    1.13031    0.04374
1505.65674    1.03557    0.04243
1506.00378    0.93687    0.04166
1506.35022    1.05725    0.04228
1506.69678    1.00237    0.04244
1507.04419    1.03658    0.04266
1507.39087    1.07357    0.04306
1507.73865    1.02605    0.04283
1508.08533    1.04025    0.04269
1508.43311    1.03322    0.04234
1508.78015    1.01854    0.04240
1509.12732    0.97823    0.04151
1509.47534    1.01395    0.04280
1509.82251    1.08535    0.04317
1510.17065    1.02771    0.04274
1510.51807    1.03691    0.04262
1510.86646    1.04139    0.04273
1511.21411    1.09319    0.04365
1511.56165    1.06312    0.04289
1511.91028    0.99425    0.04194
1512.25806    1.10058    0.04409
1512.60669    1.10859    0.04458
1512.95483    1.09594    0.04419
1513.30359    1.01320    0.04316
1513.65173    0.98255    0.04240
1514.00000    1.08603    0.04371
1514.34900    1.17784    0.04424
1514.69751    1.06893    0.04337
1515.04688    1.14603    0.04396
1515.39526    1.05311    0.04191
1515.74475    1.00545    0.04212
1516.09351    1.09030    0.04210
1516.44226    0.99619    0.04104
1516.79175    1.04333    0.04146
1517.14075    1.03125    0.04138
1517.49072    1.05316    0.04186
1517.83972    1.06549    0.04180
1518.18970    1.00377    0.04060
1518.53906    0.93806    0.03960
1518.88916    0.97131    0.03935
1519.23865    0.95704    0.03992
1519.58826    1.07215    0.04083
1519.93860    1.04395    0.04051
1520.28821    0.88093    0.03818
1520.63879    0.98212    0.03960
1520.98865    0.93583    0.03904
1521.33936    0.99760    0.03995
1521.68933    1.02399    0.04060
1522.03931    0.97267    0.03951
1522.39026    0.89132    0.03773
1522.74048    0.83136    0.03671
1523.09167    0.87527    0.03717
1523.44202    0.87471    0.03732
1523.79333    0.88851    0.03706
1524.14392    0.86864    0.03671
1524.49451    0.79803    0.03512
1524.84619    0.75565    0.03441
1525.19702    0.68831    0.03284
1525.54858    0.61068    0.03161
1525.89954    0.59263    0.03087
1526.25146    0.62958    0.03219
1526.60254    0.68173    0.03311
1526.95361    0.70020    0.03331
1527.30591    0.62684    0.03254
1527.65710    0.68963    0.03321
1528.00952    0.69186    0.03343
1528.36096    0.66212    0.03289
1528.71338    0.66921    0.03289
1529.06519    0.66082    0.03282
1529.41687    0.68983    0.03245
1529.76953    0.68445    0.03313
1530.12146    0.73592    0.03377
1530.47437    0.73659    0.03377
1530.82629    0.69951    0.03330
1531.17944    0.80805    0.03492
1531.53162    0.85351    0.03565
1531.88391    0.91829    0.03705
1532.23718    0.90630    0.03669
1532.58972    0.89334    0.03640
1532.94324    0.88422    0.03569
1533.29578    0.80271    0.03521
1533.64929    0.94864    0.03669
1534.00220    0.96974    0.03755
1534.35510    0.96479    0.03765
1534.70886    1.00200    0.03771
1535.06201    1.02576    0.03816
1535.41589    0.98575    0.03760
1535.76917    1.00769    0.03809
1536.12329    1.05128    0.03843
1536.47656    0.97725    0.03723
1536.83020    0.95435    0.03718
1537.18457    1.04031    0.03852
1537.53809    1.03184    0.03857
1537.89282    1.01970    0.03805
1538.24658    0.98897    0.03761
1538.60120    0.95224    0.03677
1538.95520    0.96317    0.03700
1539.30920    1.01390    0.03751
1539.66418    1.03621    0.03821
1540.01831    1.08075    0.03901
1540.37354    1.13062    0.03957
1540.72791    1.09810    0.03905
1541.08301    1.03001    0.03810
1541.43774    0.98410    0.03695
1541.79224    0.93556    0.03629
1542.14783    0.88502    0.03565
1542.50269    0.92536    0.03622
1542.85815    0.92847    0.03640
1543.21326    0.86843    0.03547
1543.56909    0.84258    0.03470
1543.92419    0.91993    0.03536
1544.27930    0.92458    0.03520
1544.63550    0.81640    0.03314
1544.99084    0.57170    0.02820
1545.34705    0.33496    0.02442
1545.70251    0.20367    0.02102
1546.05896    0.14016    0.01943
1546.41467    0.19244    0.02001
1546.77124    0.24016    0.02143
1547.12695    0.23045    0.02065
1547.48291    0.19211    0.01970
1547.83984    0.15774    0.01842
1548.19604    0.10929    0.01665
1548.55298    0.01396    0.01449
1548.90918    0.03257    0.01422
1549.26636    0.07185    0.01582
1549.62280    0.12734    0.01725
1549.97925    0.23069    0.01988
1550.33667    0.31054    0.02123
1550.69336    0.20480    0.01906
1551.05090    0.09112    0.01622
1551.40771    0.07096    0.01530
1551.76538    0.21722    0.01850
1552.12256    0.52960    0.02469
1552.47949    0.87645    0.03578
1552.83752    1.05525    0.03961
1553.19470    1.13198    0.04117
1553.55298    1.10558    0.04074
1553.91028    1.08183    0.03514
1554.26868    1.08900    0.03516
1554.62622    1.03379    0.03435
1554.98389    1.02610    0.03420
1555.34241    1.05060    0.03453
1555.70032    1.02785    0.03366
1556.05884    1.00082    0.03413
1556.41687    0.99701    0.03320
1556.77588    0.97297    0.03349
1557.13391    0.99909    0.03366
1557.49207    0.97145    0.03328
1557.85144    0.99156    0.03349
1558.20984    1.01004    0.03371
1558.56909    1.00681    0.03385
1558.92761    1.05818    0.03484
1559.28711    0.99825    0.03399
1559.64587    0.99699    0.03433
1560.00464    0.99632    0.03421
1560.36426    0.96013    0.03391
1560.72339    0.94485    0.03348
1561.08313    0.99372    0.03411
1561.44226    0.95013    0.03405
1561.80237    0.98775    0.03469
1562.16174    1.03303    0.03496
1562.52100    1.02599    0.03537
1562.88135    0.98781    0.03472
1563.24097    0.98184    0.03483
1563.60132    1.02926    0.03542
1563.96118    1.04045    0.03621
1564.32166    1.00494    0.03539
1564.68164    1.02167    0.03631
1565.04150    1.06384    0.03670
1565.40247    0.98293    0.03550
1565.76245    0.97148    0.03522
1566.12354    1.02677    0.03608
1566.48389    0.99501    0.03607
1566.84509    0.99919    0.03716
1567.20544    1.08088    0.03761
1567.56616    1.05490    0.03744
1567.92761    1.06313    0.03722
1568.28833    1.04021    0.03713
1568.64990    1.03132    0.03728
1569.01074    1.03161    0.03750
1569.37256    1.00368    0.03674
1569.73364    0.96234    0.03620
1570.09485    1.00537    0.03623
1570.45679    1.00861    0.03590
1570.81812    1.01789    0.03668
1571.18030    1.03237    0.03622
1571.54175    1.04135    0.03714
1571.90417    1.04586    0.03665
1572.26575    0.95715    0.03595
1572.62756    1.02412    0.03608
1572.99023    1.02721    0.03683
1573.35193    1.01212    0.03626
1573.71472    1.03532    0.03663
1574.07690    0.97235    0.03581
1574.43994    0.97498    0.03577
1574.80200    1.03297    0.03753
1575.16516    1.05902    0.03725
1575.52747    1.03013    0.03701
1575.89001    1.00410    0.03583
1576.25330    1.02932    0.03637
1576.61597    0.98537    0.03584
1576.97949    0.96939    0.03546
1577.34241    0.94120    0.03492
1577.70605    0.99783    0.03629
1578.06909    1.06270    0.03660
1578.43213    0.93454    0.03646
1578.79602    1.07794    0.03732
1579.15918    1.00175    0.03740
1579.52344    0.95845    0.03609
1579.88672    0.97293    0.03641
1580.25098    0.98983    0.03635
1580.61450    1.07351    0.03751
1580.97827    1.02999    0.03713
1581.34290    1.05294    0.03692
1581.70654    1.00059    0.03611
1582.07141    0.95063    0.03640
1582.43530    0.97098    0.03834
1582.80017    0.95638    0.04260
1583.16431    1.01561    0.04499
1583.52856    0.98670    0.04311
1583.89368    0.92561    0.03948
1584.25806    0.95706    0.03773
1584.62341    1.04951    0.03792
1584.98779    1.03182    0.03744
1585.35327    0.99582    0.03644
1585.71814    0.95164    0.03598
1586.08289    0.95550    0.03566
1586.44873    0.98383    0.03735
1586.81372    0.99805    0.03697
1587.17957    1.01120    0.03707
1587.54468    1.02919    0.03680
1587.91064    0.97371    0.03580
1588.27600    1.01852    0.03723
1588.64148    1.03883    0.03743
1589.00769    0.97065    0.03706
1589.37329    1.00474    0.03676
1589.73975    0.99892    0.03642
1590.10559    0.98256    0.03647
1590.47205    0.94735    0.03591
1590.83813    0.96700    0.03600
1591.20398    1.02000    0.03667
1591.57104    0.97696    0.03659
1591.93701    1.00293    0.03671
1592.30420    1.01244    0.03646
1592.67053    1.02084    0.03646
1593.03784    0.99873    0.03620
1593.40417    0.96987    0.03591
1593.77075    1.02059    0.03670
1594.13831    1.02225    0.03666
1594.50513    1.01865    0.03660
1594.87268    1.00702    0.03659
1595.23962    0.97985    0.03607
1595.60754    0.95526    0.03575
1595.97461    0.95657    0.03564
1596.34167    0.94515    0.03551
1596.70984    0.95943    0.03579
1597.07715    0.97481    0.03590
1597.44543    0.96420    0.03586
1597.81287    0.94963    0.03560
1598.18140    0.97301    0.03603
1598.54907    0.96642    0.03576
1598.91687    0.97377    0.03659
1599.28552    1.01740    0.03648
1599.65344    0.99878    0.03686
1600.02234    0.91615    0.03478
1600.39026    0.93484    0.03563
1600.75940    1.00374    0.03693
1601.12769    0.94650    0.03613
1601.49597    0.97477    0.03643
1601.86536    0.98884    0.03611
1602.23389    0.91163    0.03561
1602.60327    0.93406    0.03561
1602.97192    0.95319    0.03614
1603.34155    0.97469    0.03632
1603.71033    0.96651    0.03668
1604.08032    0.97569    0.03659
1604.44934    0.99662    0.03654
1604.81836    0.94249    0.03559
1605.18848    0.93152    0.03568
1605.55774    0.94830    0.03579
1605.92798    0.93785    0.03638
1606.29736    0.95036    0.03559
1606.66785    1.00459    0.03664
1607.03735    1.00457    0.03650
1607.40710    0.94300    0.03616
1607.77771    0.95528    0.03608
1608.14771    0.93878    0.03587
1608.51843    0.95298    0.03666
1608.88855    1.01509    0.03672
1609.25952    0.97591    0.03640
1609.62964    0.94304    0.03622
1610.00000    0.98625    0.03629
1610.37134    0.94301    0.03586
1610.74170    0.91404    0.03537
1611.11328    0.96923    0.03533
1611.48389    0.95125    0.03547
1611.85547    0.95379    0.03537
1612.22620    0.95245    0.03574
1612.59717    0.93776    0.03515
1612.96887    0.95281    0.03568
1613.34009    0.98547    0.03608
1613.71216    0.95972    0.03542
1614.08325    0.96241    0.03543
1614.45544    0.96963    0.03574
1614.82690    0.99093    0.03647
1615.19836    0.99541    0.03622
1615.57092    0.96865    0.03572
1615.94250    0.95791    0.03561
1616.31519    0.98035    0.03529
1616.68689    0.96570    0.03575
1617.05981    0.97111    0.03540
1617.43176    0.96404    0.03522
1617.80396    0.93298    0.03476
1618.17688    0.95996    0.03540
1618.54907    0.99083    0.03585
1618.92236    0.97119    0.03567
1619.29480    0.95905    0.03525
1619.66833    0.99525    0.03586
1620.04089    1.02062    0.03596
1620.41357    0.94838    0.03489
1620.78723    0.93549    0.03455
1621.16003    0.94017    0.03450
1621.53381    0.93219    0.03485
1621.90698    0.89957    0.03447
1622.28101    0.89788    0.03432
1622.65405    0.98406    0.03546
1623.02734    0.95121    0.03501
1623.40173    0.89793    0.03424
1623.77515    0.91339    0.03469
1624.14954    0.95838    0.03516
1624.52319    0.98293    0.03564
1624.89795    0.99522    0.03582
1625.27173    0.94251    0.03544
1625.64551    0.92346    0.03489
1626.02051    0.92755    0.03515
1626.39441    0.96760    0.03572
1626.76953    0.98558    0.03576
1627.14392    0.90037    0.03487
1627.51892    0.99137    0.03573
1627.89343    0.96447    0.03594
1628.26782    0.95196    0.03494
1628.64343    0.95934    0.03566
1629.01819    0.93981    0.03530
1629.39368    0.96395    0.03572
1629.76855    1.01176    0.03621
1630.14441    0.96414    0.03550
1630.51941    0.96623    0.03554
1630.89453    0.97801    0.03545
1631.27051    0.95940    0.03502
1631.64587    1.00471    0.03584
1632.02197    0.95363    0.03504
1632.39746    0.92812    0.03467
1632.77393    0.90318    0.03392
1633.14954    0.90192    0.03421
1633.52612    0.92781    0.03471
1633.90198    0.92156    0.03522
1634.27795    0.96425    0.03547
1634.65479    0.95275    0.03502
1635.03064    0.95992    0.03513
1635.40771    0.98283    0.03539
1635.78406    0.98451    0.03577
1636.16125    0.97369    0.03522
1636.53748    0.93170    0.03562
1636.91394    0.97384    0.03609
1637.29150    1.00048    0.03626
1637.66821    0.98237    0.03557
1638.04590    0.97543    0.03552
1638.42273    1.01099    0.03577
1638.80054    1.00509    0.03617
1639.17749    0.99636    0.03534
1639.55457    0.97079    0.03562
1639.93262    0.95609    0.03461
1640.30994    0.96429    0.03508
1640.68823    0.95568    0.03501
1641.06555    0.96687    0.03534
1641.44409    0.98288    0.03574
1641.82153    0.95262    0.03517
1642.19934    0.90926    0.03455
1642.57812    0.94064    0.03492
1642.95605    1.04322    0.03594
1643.33484    0.96306    0.03512
1643.71289    0.97659    0.03512
1644.09180    0.93204    0.03402
1644.47009    0.91586    0.03467
1644.84839    0.99625    0.03511
1645.22766    0.96320    0.03482
1645.60608    0.88684    0.03395
1645.98560    0.94551    0.03439
1646.36438    0.92616    0.03481
1646.74390    0.87572    0.03396
1647.12280    0.92180    0.03480
1647.50159    0.97665    0.03534
1647.88171    0.94878    0.03469
1648.26062    0.98996    0.03530
1648.64087    0.94407    0.03529
1649.02002    0.87152    0.03345
1649.40039    0.88992    0.03388
1649.77966    0.93314    0.03442
