1410.05493    1.11670    0.07888
1410.38013    1.30487    0.08155
1410.70459    1.25488    0.08249
1411.02979    1.19427    0.08365
1411.35437    1.29002    0.08373
1411.67993    0.97883    0.07807
1412.00476    1.18444    0.07905
1412.33032    1.02773    0.07889
1412.65515    0.99520    0.08081
1412.98010    1.01525    0.08237
1413.30603    1.03556    0.08302
1413.63110    1.10469    0.08203
1413.95715    1.07462    0.08288
1414.28235    1.13575    0.08328
1414.60840    1.09693    0.08207
1414.93396    1.17217    0.08170
1415.25940    1.20851    0.08226
1415.58569    1.19340    0.08138
1415.91150    1.24185    0.08073
1416.23804    1.02952    0.07798
1416.56372    1.01539    0.07758
1416.89038    1.19454    0.07863
1417.21631    1.16447    0.07832
1417.54236    1.10179    0.07895
1417.86926    1.18726    0.07827
1418.19543    1.24020    0.07674
1418.52246    1.15561    0.07695
1418.84888    1.10732    0.07797
1419.17603    1.20221    0.07935
1419.50256    1.15419    0.08134
1419.82898    1.30873    0.08162
1420.15649    1.11962    0.07909
1420.48315    1.32380    0.07969
1420.81067    1.30443    0.08272
1421.13757    1.12041    0.08133
1421.46521    1.02341    0.07984
1421.79224    1.06663    0.07773
1422.11938    1.29653    0.07858
1422.44727    1.17158    0.07801
1422.77454    1.13856    0.07527
1423.10266    1.16255    0.07644
1423.42993    1.04922    0.07696
1423.75818    1.00025    0.07655
1424.08582    0.97016    0.07675
1424.41333    1.07903    0.07843
1424.74182    1.10645    0.07817
1425.06958    1.02552    0.07763
1425.39819    1.02159    0.07761
1425.72620    1.08959    0.07764
1426.05481    1.12119    0.07584
1426.38306    1.15264    0.07794
1426.71118    1.07406    0.07886
1427.04004    1.03535    0.07993
1427.36829    0.95401    0.07733
1427.69751    1.20626    0.07779
1428.02600    0.94697    0.07474
1428.35535    1.16556    0.07595
1428.68384    1.12427    0.07806
1429.01245    1.05193    0.07945
1429.34204    1.09626    0.07847
1429.67090    1.17202    0.07807
1430.00061    1.24119    0.07816
1430.32959    1.11097    0.07878
1430.65942    1.10884    0.07822
1430.98840    1.13167    0.07559
1431.31763    1.01368    0.07540
1431.64771    1.02015    0.07565
1431.97717    1.01105    0.07747
1432.30737    1.10002    0.07752
1432.63672    1.17453    0.07647
1432.96716    1.22545    0.07460
1433.29688    1.15464    0.07373
1433.62659    1.08853    0.07269
1433.95715    1.04465    0.07234
1434.28699    0.95070    0.07091
1434.61780    1.03248    0.07510
1434.94775    1.09862    0.07630
1435.27869    1.16224    0.07633
1435.60889    1.20733    0.07688
1435.93994    1.16534    0.07460
1436.27026    1.14007    0.07266
1436.60071    1.08363    0.07414
1436.93188    1.15220    0.07549
1437.26245    1.11006    0.07286
1437.59399    1.18518    0.07109
1437.92456    1.20256    0.07009
1438.25623    1.07465    0.06917
1438.58704    1.05481    0.06718
1438.91797    1.06092    0.06663
1439.24976    0.99691    0.06466
1439.58093    0.99337    0.06493
1439.91284    0.99894    0.06454
1440.24414    1.03306    0.06493
1440.57629    0.97504    0.06521
1440.90759    0.84696    0.06451
1441.23914    0.98809    0.06574
1441.57153    0.93760    0.06219
1441.90308    0.86081    0.06017
1442.23560    0.78880    0.06011
1442.56738    0.80002    0.06158
1442.90002    0.94892    0.06304
1443.23206    0.80691    0.05917
1443.56409    0.72758    0.05873
1443.89685    0.66655    0.05972
1444.22913    0.68089    0.05992
1444.56213    0.72027    0.05875
1444.89441    0.77705    0.05842
1445.22766    0.46849    0.05700
1445.56018    0.52826    0.05919
1445.89270    0.48351    0.06011
1446.22607    0.45961    0.05939
1446.55884    0.46333    0.05814
1446.89233    0.42984    0.05683
1447.22522    0.46937    0.05858
1447.55884    0.41520    0.05789
1447.89197    0.36540    0.05712
1448.22510    0.49942    0.05944
1448.55896    0.44242    0.05734
1448.89221    0.32793    0.05862
1449.22632    0.38830    0.06390
1449.55969    0.44815    0.06381
1449.89404    0.44354    0.06074
1450.22754    0.37699    0.05731
1450.56116    0.36904    0.06083
1450.89575    0.38266    0.06627
1451.22949    0.38359    0.06553
1451.56409    0.42738    0.06105
1451.89807    0.49295    0.05923
1452.23279    0.57332    0.05823
1452.56689    0.61752    0.05912
1452.90112    0.56393    0.06243
1453.23621    0.64149    0.06686
1453.57043    0.58958    0.06879
1453.90564    0.55642    0.06494
1454.24011    0.71440    0.06392
1454.57544    0.75374    0.06537
1454.91003    0.88978    0.06824
1455.24475    0.92649    0.06906
1455.58032    0.82009    0.06611
1455.91516    0.87470    0.06427
1456.25098    0.97291    0.06514
1456.58582    0.82599    0.06472
1456.92188    0.77068    0.06366
1457.25696    0.89817    0.06553
1457.59229    0.80838    0.06613
1457.92834    1.00564    0.06961
1458.26367    0.89331    0.06997
1458.59998    1.02344    0.07087
1458.93555    1.02705    0.06908
1459.27197    0.95257    0.06577
1459.60767    0.90190    0.06505
1459.94348    0.87758    0.06455
1460.28015    0.93518    0.06770
1460.61597    0.99464    0.07108
1460.95288    0.95808    0.07201
1461.28894    0.97089    0.07206
1461.62598    0.94298    0.06851
1461.96216    0.86387    0.06562
1462.29919    1.10421    0.06669
1462.63562    0.95136    0.06655
1462.97217    1.04554    0.07042
1463.30957    1.07002    0.07068
1463.64612    0.99723    0.06961
1463.98364    1.15969    0.07061
1464.32056    1.16420    0.06914
1464.65808    1.09572    0.06750
1464.99512    1.02946    0.06935
1465.33203    0.98138    0.07383
1465.66992    1.12836    0.07599
1466.00720    1.20365    0.07207
1466.34521    1.19077    0.06940
1466.68262    1.11436    0.07037
1467.02075    1.25982    0.07143
1467.35828    1.13930    0.07036
1467.69580    1.13032    0.07164
1468.03418    0.94419    0.07411
1468.37207    1.18624    0.08322
1468.71057    1.24007    0.08993
1469.04846    1.03975    0.08738
1469.38721    1.09841    0.08356
1469.72534    1.16173    0.07926
1470.06335    1.04418    0.07398
1470.40234    1.07974    0.07068
1470.74060    1.06733    0.06859
1471.07983    1.10386    0.06663
1471.41821    1.07256    0.06695
1471.75745    1.11168    0.06737
1472.09607    1.00387    0.06377
1472.43469    1.07624    0.06219
1472.77417    0.99968    0.06136
1473.11304    0.96653    0.06190
1473.45276    1.05704    0.06976
1473.79175    0.99403    0.08052
1474.13159    0.97418    0.08609
1474.47070    1.07881    0.08093
1474.80981    1.06303    0.06962
1475.14990    1.06214    0.06708
1475.48938    1.18386    0.06933
1475.82959    1.09226    0.06874
1476.16907    1.03434    0.06995
1476.50952    0.94910    0.06532
1476.84912    0.95876    0.05993
1477.18896    0.78595    0.05637
1477.52966    0.75564    0.05593
1477.86951    0.87330    0.05713
1478.21021    0.82028    0.05968
1478.55042    0.77525    0.06592
1478.89124    0.86737    0.06821
1479.23145    0.84393    0.06257
1479.57178    0.85992    0.05823
1479.91296    0.98198    0.05898
1480.25342    0.85971    0.06067
1480.59473    0.71701    0.06793
1480.93542    0.71180    0.07551
1481.27686    0.85586    0.06990
1481.61768    0.82093    0.05958
1481.95850    0.76965    0.05510
1482.30017    0.91772    0.05705
1482.64124    0.76950    0.06185
1482.98315    0.67987    0.07214
1483.32422    0.99838    0.10550
1483.66638    0.73266    0.17400
1484.00769    0.47650    0.19516
1484.34900    0.77392    0.15025
1484.69128    0.88438    0.09086
1485.03296    0.85233    0.06983
1485.37537    0.90673    0.07719
1485.71704    0.51321    0.07685
1486.05969    0.89597    0.06762
1486.40149    0.80564    0.05422
1486.74341    0.73862    0.05156
1487.08630    0.70906    0.05111
1487.42834    0.70613    0.05045
1487.77136    0.67149    0.05093
1488.11365    0.71588    0.05075
1488.45679    0.75453    0.05402
1488.79919    0.72463    0.05723
1489.14246    0.65183    0.05902
1489.48511    0.66896    0.05826
1489.82776    0.69395    0.05652
1490.17126    0.64181    0.05573
1490.51416    0.56469    0.06060
1490.85779    0.48290    0.06641
1491.20081    0.65415    0.06783
1491.54468    0.53178    0.05840
1491.88782    0.53883    0.05144
1492.23096    0.59305    0.04962
1492.57507    0.45162    0.04796
1492.91846    0.54986    0.04820
1493.26282    0.46623    0.04858
1493.60620    0.46358    0.05121
1493.95068    0.49892    0.05485
1494.29431    0.48914    0.05328
1494.63806    0.52355    0.05250
1494.98279    0.55932    0.05537
1495.32666    0.47295    0.05829
1495.67151    0.37829    0.05508
1496.01562    0.38589    0.05032
1496.36060    0.36773    0.04861
1496.70483    0.49262    0.05538
1497.04919    0.48396    0.06286
1497.39429    0.37244    0.06200
1497.73877    0.25979    0.05287
1498.08411    0.40377    0.05134
1498.42883    0.59110    0.07087
1498.77441    0.16327    0.09790
1499.11914    0.22016    0.09723
1499.46399    0.36578    0.06959
1499.80981    0.39359    0.05284
1500.15491    0.45712    0.04871
1500.50073    0.49658    0.04869
1500.84595    0.49867    0.04949
1501.19202    0.43393    0.05218
1501.53735    0.40346    0.05279
1501.88281    0.49197    0.05127
1502.22913    0.32363    0.05038
1502.57483    0.36406    0.05269
1502.92114    0.39720    0.05230
1503.26697    0.43859    0.04887
1503.61353    0.44838    0.04948
1503.95959    0.51256    0.05603
1504.30554    0.49067    0.06263
1504.65234    0.60881    0.06035
1504.99854    0.53120    0.05226
1505.34558    0.43881    0.04815
1505.69189    0.41653    0.04764
1506.03906    0.47239    0.04910
1506.38550    0.54879    0.05096
1506.73206    0.46432    0.04933
1507.07947    0.50874    0.04873
1507.42627    0.57733    0.04968
1507.77380    0.58036    0.05019
1508.12073    0.63341    0.05144
1508.46851    0.54537    0.05092
1508.81555    0.60261    0.05012
1509.16260    0.55456    0.05107
1509.51062    0.48256    0.05099
1509.85791    0.53501    0.05322
1510.20605    0.62766    0.05500
1510.55347    0.56715    0.05477
1510.90173    0.54637    0.05169
1511.24939    0.51119    0.04875
1511.59705    0.57161    0.04919
1511.94568    0.70718    0.05337
1512.29346    0.64588    0.05438
1512.64221    0.60616    0.05174
1512.99023    0.53170    0.04981
1513.33899    0.71084    0.05333
1513.68713    0.63048    0.05312
1514.03540    0.64597    0.05039
1514.38452    0.63432    0.05090
1514.73291    0.65467    0.05363
1515.08215    0.56191    0.05364
1515.43079    0.64007    0.05160
1515.78015    0.72225    0.05028
1516.12891    0.75354    0.05082
1516.47852    0.85726    0.05048
1516.82739    0.83977    0.05099
1517.17639    0.80844    0.05042
1517.52625    0.84091    0.05142
1517.87524    0.78431    0.05157
1518.22522    0.71033    0.05729
1518.57458    0.70727    0.05696
1518.92480    0.76419    0.05902
1519.27417    0.72662    0.05054
1519.62378    0.75910    0.05476
1519.97412    0.77601    0.05596
1520.32385    0.79583    0.05449
1520.67432    0.83884    0.05544
1521.02429    0.88898    0.05687
1521.37488    0.81378    0.05461
1521.72485    0.80889    0.05295
1522.07495    0.85412    0.05406
1522.42603    0.86247    0.05860
1522.77625    0.80777    0.06147
1523.12732    0.82578    0.06134
1523.47778    0.87959    0.05942
1523.82910    0.84515    0.05904
1524.17969    0.76064    0.05938
1524.53027    0.75948    0.05605
1524.88184    0.91309    0.05294
1525.23254    0.90690    0.05326
1525.58435    1.01213    0.05802
1525.93530    1.04040    0.05887
1526.28711    0.95385    0.05612
1526.63831    0.95479    0.05405
1526.98950    1.03734    0.05324
1527.34155    0.96957    0.05282
1527.69299    0.88105    0.05926
1528.04529    0.92598    0.05903
1528.39685    0.94144    0.05158
1528.74927    0.81432    0.04964
1529.10095    0.84041    0.04996
1529.45264    0.92584    0.05109
1529.80542    0.88347    0.06037
1530.15735    0.90900    0.06793
1530.51025    0.91763    0.07452
1530.86230    0.87180    0.07470
1531.21521    1.00847    0.06280
1531.56750    0.86803    0.05347
1531.91980    0.95419    0.05822
1532.27307    0.96708    0.06317
1532.62561    0.88393    0.06140
1532.97913    0.98126    0.05583
1533.33167    1.11181    0.05490
1533.68530    0.99343    0.05431
1534.03809    0.97113    0.05403
1534.39099    0.91434    0.05331
1534.74487    0.94262    0.05196
1535.09790    0.94141    0.05171
1535.45190    0.86613    0.05192
1535.80505    0.91484    0.05382
1536.15930    0.95595    0.05593
1536.51257    0.94563    0.05534
1536.86621    1.01401    0.05444
1537.22058    0.98564    0.05338
1537.57422    1.09009    0.05244
1537.92871    1.07973    0.05259
1538.28259    1.06118    0.05753
1538.63721    1.03314    0.06492
1538.99121    0.95798    0.06285
1539.34534    1.01918    0.05583
1539.70020    0.93126    0.04875
1540.05444    0.98284    0.04947
1540.40955    0.97120    0.05005
1540.76392    1.00531    0.05350
1541.11926    1.05346    0.05458
1541.47375    1.03859    0.05275
1541.82837    0.98981    0.04881
1542.18396    1.00156    0.04641
1542.53870    1.02700    0.04553
1542.89429    0.99069    0.04681
1543.24927    0.99871    0.05355
1543.60522    1.05441    0.06546
1543.96033    1.06210    0.06452
1544.31641    1.12955    0.05308
1544.67163    1.06435    0.04948
1545.02698    0.95508    0.04959
1545.38318    0.93033    0.05218
1545.73877    1.04089    0.05932
1546.09521    0.99585    0.06035
1546.45093    1.02944    0.05451
1546.80737    1.02699    0.05310
1547.16333    0.99887    0.05583
1547.51929    0.88668    0.05800
1547.87610    1.01623    0.05542
1548.23218    1.04668    0.05369
1548.58923    1.07362    0.05664
1548.94543    1.02183    0.06395
1549.30261    0.95641    0.06870
1549.65906    1.03795    0.06717
1550.01562    1.07894    0.06091
1550.37292    1.03112    0.05620
1550.72961    0.98673    0.05487
1551.08728    0.93334    0.05457
1551.44409    0.98759    0.05545
1551.80188    0.91654    0.05348
1552.15881    1.10664    0.05641
1552.51587    1.10962    0.05917
1552.87390    0.98528    0.05868
1553.23108    0.99935    0.05866
1553.58923    1.09040    0.05833
1553.94678    0.94242    0.05589
1554.30505    0.92839    0.05530
1554.66260    0.92727    0.05300
1555.02026    0.88569    0.05553
1555.37891    0.89423    0.06314
1555.73669    1.00975    0.06749
1556.09546    1.02636    0.06308
1556.45337    1.04545    0.05864
1556.81226    1.00367    0.05525
1557.17041    0.89649    0.05291
1557.52869    0.97255    0.05185
1557.88782    0.95422    0.05216
1558.24622    0.87406    0.05205
1558.60559    0.84022    0.05197
1558.96399    0.75895    0.05187
1559.32361    0.83515    0.05435
1559.68225    0.96212    0.05760
1560.04114    0.85856    0.05646
1560.40088    0.94976    0.05551
1560.75989    0.76233    0.05319
1561.11975    0.86996    0.05357
1561.47888    0.98178    0.05597
1561.83887    1.00536    0.05694
1562.19824    1.05482    0.05928
1562.55762    0.97050    0.05823
1562.91797    0.91799    0.05487
1563.27747    0.82943    0.05211
1563.63794    0.90802    0.05152
1563.99768    0.97032    0.05219
1564.35840    0.84310    0.05090
1564.71826    0.86548    0.05016
1565.07825    0.96001    0.05389
1565.43909    0.97801    0.05854
1565.79919    0.82029    0.05755
1566.16028    0.89791    0.06021
1566.52063    0.88075    0.05182
1566.88184    0.96626    0.05005
1567.24231    0.93501    0.04909
1567.60291    0.97395    0.05138
1567.96436    1.06028    0.05477
1568.32507    0.86599    0.05151
1568.68665    1.08400    0.05137
1569.04749    0.91027    0.04963
1569.40930    0.89686    0.05011
1569.77039    0.95380    0.05040
1570.13147    0.96384    0.05050
1570.49353    0.94773    0.05191
1570.85486    0.92688    0.05475
1571.21716    0.99468    0.05578
1571.57861    1.01682    0.05313
1571.94104    0.98206    0.04974
1572.30261    1.03622    0.05055
1572.66516    1.04020    0.05336
1573.02698    0.94999    0.05336
1573.38879    0.89960    0.05221
1573.75171    0.92608    0.05143
1574.11377    1.01498    0.05174
1574.47668    1.05744    0.05123
1574.83887    1.09016    0.05040
1575.20203    0.89958    0.04777
1575.56433    1.03174    0.05007
1575.92688    0.95322    0.05035
1576.29028    1.00588    0.04968
1576.65283    1.02704    0.04997
1577.01648    0.92615    0.04840
1577.37927    1.09184    0.05152
1577.74304    0.92047    0.05006
1578.10596    0.90852    0.04872
1578.46899    0.93664    0.04896
1578.83301    1.00180    0.05010
1579.19617    1.00739    0.04998
1579.56030    0.99782    0.05035
1579.92383    1.01175    0.04954
1580.28796    0.93294    0.04968
1580.65161    0.86706    0.04884
1581.01526    0.95296    0.04994
1581.37988    1.06220    0.05281
1581.74365    1.07272    0.05304
1582.10828    1.00602    0.05008
1582.47229    0.94691    0.04799
1582.83728    0.98609    0.04836
1583.20142    0.90246    0.04695
1583.56555    1.01789    0.04999
1583.93066    1.03295    0.05097
1584.29517    0.90898    0.04852
1584.66040    1.05047    0.04893
1585.02502    0.86687    0.04758
1585.39050    0.95637    0.04895
1585.75525    0.91988    0.04940
1586.12000    0.99847    0.05077
1586.48584    1.00149    0.04951
1586.85071    0.94998    0.04801
1587.21667    0.99683    0.04850
1587.58191    1.03509    0.04983
1587.94788    0.88746    0.04908
1588.31323    0.90420    0.04918
1588.67859    1.00024    0.04998
1589.04492    0.92798    0.04959
1589.41052    0.96819    0.04942
1589.77698    1.04418    0.05008
1590.14270    0.99482    0.05002
1590.50940    1.06389    0.05157
1590.87537    1.00398    0.05036
1591.24133    0.93799    0.04982
1591.60815    0.98786    0.04887
1591.97437    1.03186    0.04915
1592.34155    1.02717    0.04915
1592.70776    0.88925    0.04794
1593.07507    0.97688    0.04985
1593.44165    0.99933    0.05037
1593.80811    1.04201    0.04973
1594.17566    0.95978    0.04927
1594.54236    0.97958    0.04912
1594.91003    0.91254    0.04944
1595.27698    1.03161    0.05124
1595.64490    1.01662    0.05026
1596.01196    0.90141    0.04857
1596.37915    1.05096    0.05090
1596.74731    0.97197    0.05123
1597.11462    0.99845    0.05070
1597.48291    0.94851    0.04937
1597.85034    0.99391    0.05021
1598.21887    1.09824    0.05150
1598.58655    1.04435    0.05153
1598.95422    1.02332    0.05139
1599.32300    1.01233    0.05190
1599.69092    1.05805    0.05150
1600.05969    0.96408    0.06024
1600.42786    1.05289    0.06009
1600.79688    1.07952    0.07205
1601.16516    0.93544    0.05453
1601.53442    1.00508    0.05132
1601.90271    0.95856    0.04950
1602.27136    0.95085    0.04894
1602.64075    1.08392    0.05093
1603.00952    1.11097    0.05328
1603.37915    0.99154    0.05280
1603.74805    1.04004    0.05264
1604.11780    1.09802    0.05167
1604.48682    0.95518    0.04964
1604.85596    1.05261    0.05054
1605.22607    1.16144    0.05257
1605.59534    0.97502    0.05104
1605.96558    1.03715    0.05135
1606.33496    1.09548    0.05182
1606.70544    1.06950    0.05187
1607.07507    1.02637    0.05031
1607.44470    0.93424    0.05202
1607.81543    0.98570    0.05876
1608.18530    1.10392    0.07276
1608.55615    1.02412    0.08130
1608.92615    0.95181    0.08176
1609.29724    1.02722    0.08099
1609.66748    1.05896    0.07997
1610.03772    1.10542    0.07603
1610.40906    1.11665    0.06285
1610.77942    1.16854    0.05481
1611.15100    1.05403    0.05639
1611.52148    0.96977    0.05713
1611.89307    0.96738    0.05502
1612.26392    1.03244    0.05117
1612.63489    1.02920    0.05106
1613.00684    1.20137    0.05612
1613.37781    0.93291    0.05328
1613.74988    1.04222    0.05128
1614.12109    1.00435    0.04958
1614.49329    1.01025    0.05109
1614.86462    1.05143    0.05189
1615.23633    0.91386    0.04949
1615.60864    1.04219    0.05010
1615.98035    0.88212    0.05721
1616.35303    1.22018    0.08276
1616.72485    1.09439    0.10446
1617.09766    1.04969    0.08985
1617.46973    1.13302    0.07051
1617.84180    1.04483    0.06816
1618.21484    1.00776    0.07260
1618.58716    1.07706    0.06986
1618.96033    0.95882    0.06022
1619.33276    0.93912    0.05540
1619.70618    1.03957    0.05432
1620.07886    0.95872    0.05351
1620.45142    1.01219    0.05777
1620.82507    1.06320    0.06103
1621.19800    1.05001    0.05814
1621.57190    1.07418    0.05312
1621.94482    1.05133    0.05303
1622.31885    1.08855    0.06247
1622.69214    1.06215    0.07093
1623.06543    1.13868    0.06930
1623.43970    1.02479    0.06022
1623.81323    1.01869    0.05549
1624.18762    1.05811    0.05504
1624.56128    1.00062    0.05219
1624.93591    1.07768    0.05763
1625.30981    1.16630    0.06696
1625.68372    1.07337    0.06806
1626.05847    1.06813    0.05773
1626.43262    1.00578    0.05269
1626.80762    1.10092    0.05136
1627.18188    0.97221    0.05158
1627.55713    1.14947    0.05836
1627.93152    1.19584    0.06813
1628.30603    0.97252    0.07033
1628.68152    1.08902    0.06266
1629.05615    1.05417    0.05324
1629.43188    1.04336    0.05152
1629.80664    0.98775    0.05138
1630.18250    1.16040    0.06064
1630.55762    1.05406    0.08130
1630.93359    0.93135    0.08259
1631.30872    1.03581    0.06210
1631.68396    1.02795    0.05208
1632.06030    1.04418    0.05083
1632.43567    1.06173    0.04987
1632.81213    1.05558    0.04967
1633.18774    1.06488    0.05020
1633.56445    0.99864    0.05088
1633.94019    1.09750    0.05566
1634.31604    1.19707    0.06554
1634.69287    0.98158    0.06666
1635.06897    1.20840    0.06129
1635.44604    1.13175    0.05195
1635.82239    1.08414    0.05172
1636.19946    1.11904    0.06431
1636.57593    1.17681    0.09400
1636.95239    0.90318    0.08732
1637.32996    1.04326    0.06524
1637.70654    1.08863    0.05470
1638.08423    1.01795    0.05413
1638.46106    1.17367    0.05507
1638.83887    1.08330    0.05483
1639.21582    1.19933    0.05489
1639.59302    1.01016    0.05291
1639.97107    1.20919    0.05366
1640.34839    0.96698    0.05033
1640.72668    1.04850    0.05240
1641.10413    0.99256    0.05515
1641.48242    1.07393    0.05966
1641.86011    1.02982    0.06216
1642.23792    1.03373    0.05914
1642.61646    1.12765    0.05441
1642.99438    1.01116    0.05732
1643.37329    1.20186    0.07182
1643.75134    1.04972    0.08188
1644.13037    1.08509    0.07078
1644.50867    1.09134    0.05774
1644.88696    1.02222    0.05427
1645.26624    1.07228    0.05598
1645.64465    1.07369    0.05561
1646.02429    1.11451    0.05456
1646.40283    1.04169    0.05380
1646.78247    1.02798    0.05316
1647.16138    1.14284    0.05364
1647.54028    1.06029    0.05375
1647.92017    1.01646    0.05384
1648.29932    1.02903    0.05307
1648.67944    1.06087    0.05178
1649.05872    1.04892    0.05361
1649.43896    1.05246    0.05901
1649.81848    1.02652    0.06169
