1410.11145    0.95044    0.09916
1410.43579    1.04349    0.10016
1410.76111    1.19515    0.10308
1411.08557    1.23622    0.10324
1411.41101    1.20591    0.10399
1411.73572    1.16796    0.10400
1412.06042    1.04384    0.09833
1412.38611    1.06768    0.09984
1412.71094    1.05850    0.09747
1413.03674    0.98235    0.09817
1413.36182    1.04645    0.09920
1413.68774    1.31225    0.10401
1414.01294    1.27109    0.10344
1414.33899    1.23027    0.10370
1414.66431    1.05038    0.09859
1414.98975    0.96069    0.09988
1415.31616    1.13976    0.09956
1415.64172    1.02495    0.09924
1415.96814    1.16529    0.10041
1416.29395    0.99883    0.09849
1416.62048    0.96646    0.09767
1416.94641    1.01829    0.10040
1417.27234    0.86086    0.09802
1417.59912    0.99485    0.09902
1417.92529    1.20231    0.10300
1418.25220    1.01495    0.10033
1418.57861    0.93786    0.10220
1418.90564    1.01371    0.10443
1419.23206    0.99192    0.10726
1419.55859    1.16532    0.11062
1419.88599    1.11634    0.10811
1420.21252    0.92265    0.10177
1420.54004    1.02638    0.10498
1420.86682    1.19165    0.10483
1421.19446    0.99187    0.10481
1421.52136    0.85965    0.10253
1421.84839    1.00591    0.10062
1422.17627    1.07152    0.10021
1422.50354    1.13419    0.09884
1422.83154    1.10975    0.09806
1423.15881    0.98378    0.09612
1423.48706    1.15922    0.09688
1423.81445    0.86816    0.09355
1424.14209    1.06613    0.09346
1424.47046    1.07076    0.09189
1424.79810    0.84707    0.09017
1425.12671    0.96336    0.09075
1425.45459    1.06010    0.09145
1425.78320    0.92736    0.08838
1426.11121    0.84195    0.08772
1426.43933    0.97151    0.08747
1426.76819    1.06058    0.08848
1427.09644    0.88488    0.08504
1427.42566    0.84806    0.08441
1427.75403    1.04655    0.08827
1428.08313    0.98890    0.08788
1428.41174    0.82041    0.08306
1428.74036    0.73525    0.08063
1429.06970    0.73369    0.07856
1429.39844    0.78323    0.08108
1429.72815    0.96634    0.08479
1430.05713    0.96783    0.08476
1430.38684    0.93471    0.08387
1430.71582    0.91997    0.08347
1431.04504    0.87197    0.08508
1431.37500    0.91400    0.08610
1431.70422    0.83279    0.08551
1432.03442    0.77187    0.08397
1432.36389    0.82217    0.08327
1432.69421    0.84228    0.08317
1433.02380    0.73791    0.08735
1433.35352    0.74694    0.08631
1433.68396    0.67209    0.08586
1434.01379    0.98362    0.08970
1434.34448    1.06441    0.09015
1434.67444    0.90185    0.08813
1435.00525    0.96875    0.09021
1435.33545    0.99120    0.08859
1435.66553    0.86030    0.08489
1435.99670    0.87578    0.08542
1436.32703    0.98188    0.08903
1436.65820    0.94195    0.08643
1436.98865    0.78596    0.08530
1437.32007    0.91345    0.08466
1437.65076    0.65792    0.08213
1437.98218    0.93021    0.08772
1438.31311    1.04952    0.08645
1438.64392    0.90444    0.08859
1438.97571    0.94555    0.08659
1439.30664    0.80477    0.08411
1439.63867    0.84905    0.08313
1439.96985    0.87194    0.08353
1440.30188    0.78297    0.08091
1440.63318    0.73818    0.07686
1440.96460    0.83496    0.07838
1441.29688    0.82206    0.07860
1441.62842    0.84605    0.07985
1441.96094    0.84937    0.07995
1442.29260    0.86915    0.08146
1442.62524    0.91681    0.08314
1442.95703    0.95492    0.08397
1443.28894    0.96871    0.08509
1443.62183    0.92076    0.08492
1443.95398    0.81823    0.08397
1444.28699    0.79891    0.08360
1444.61926    0.76351    0.08333
1444.95227    0.66577    0.08303
1445.28479    0.90113    0.08826
1445.61719    0.99892    0.09159
1445.95056    0.85294    0.08690
1446.28320    0.80077    0.08597
1446.61670    0.91584    0.08831
1446.94946    0.94259    0.08934
1447.28320    0.76879    0.08565
1447.61609    0.76158    0.08503
1447.94910    0.77079    0.08746
1448.28296    0.76884    0.08900
1448.61621    0.83096    0.09066
1448.95032    0.89285    0.08790
1449.28357    0.72374    0.08564
1449.61780    0.87365    0.08750
1449.95129    0.86994    0.08906
1450.28491    0.93193    0.08725
1450.61926    0.96142    0.08753
1450.95300    0.76066    0.08579
1451.28748    0.88244    0.08762
1451.62146    0.81919    0.08686
1451.95618    0.71956    0.08779
1452.29016    0.68603    0.08823
1452.62427    0.76649    0.09053
1452.95923    0.83214    0.09471
1453.29346    0.60387    0.09136
1453.62854    0.83451    0.09238
1453.96313    0.63894    0.08159
1454.29822    0.72549    0.08283
1454.63281    0.99119    0.08625
1454.96753    0.76580    0.08431
1455.30310    0.81806    0.08576
1455.63782    0.92361    0.08957
1455.97351    1.05428    0.09399
1456.30835    0.82887    0.08707
1456.64417    0.64370    0.08408
1456.97937    0.92423    0.08551
1457.31458    0.75202    0.08564
1457.65063    1.00732    0.09639
1457.98584    0.96283    0.09576
1458.32214    0.91355    0.08638
1458.65759    0.87935    0.08425
1458.99402    0.73059    0.08365
1459.32959    1.10745    0.08938
1459.66528    0.93513    0.08786
1460.00195    0.64342    0.08298
1460.33777    0.73609    0.08313
1460.67456    0.82377    0.08422
1461.01050    0.54436    0.08122
1461.34741    0.84734    0.08594
1461.68372    0.90163    0.08593
1462.01990    0.69062    0.08180
1462.35706    0.73940    0.08174
1462.69348    0.82733    0.07957
1463.03076    0.56877    0.07911
1463.36731    0.72750    0.07930
1463.70483    0.82589    0.08006
1464.04150    0.82753    0.07854
1464.37915    0.72929    0.07705
1464.71594    0.73829    0.07567
1465.05298    0.85570    0.07631
1465.39075    0.49786    0.07189
1465.72791    0.63509    0.07345
1466.06592    0.58501    0.07421
1466.40308    0.50228    0.07140
1466.74121    0.48914    0.07132
1467.07874    0.45468    0.07035
1467.41626    0.64322    0.07176
1467.75452    0.43871    0.07091
1468.09229    0.47236    0.07012
1468.43079    0.54453    0.07206
1468.76855    0.44202    0.07156
1469.10730    0.34501    0.07503
1469.44531    0.43309    0.08424
1469.78333    0.37468    0.09316
1470.12219    0.19307    0.09110
1470.46045    0.11696    0.08138
1470.79956    0.20609    0.07247
1471.13794    0.30114    0.06830
1471.47705    0.25798    0.06613
1471.81567    0.22782    0.06454
1472.15417    0.58248    0.06965
1472.49365    0.59724    0.07012
1472.83240    0.29297    0.06598
1473.17212    0.36744    0.06557
1473.51099    0.56956    0.06985
1473.85083    0.53268    0.06959
1474.18982    0.58767    0.07169
1474.52893    0.44161    0.06852
1474.86902    0.35948    0.06979
1475.20825    0.69448    0.07225
1475.54846    0.59394    0.07222
1475.88794    0.93508    0.07470
1476.22815    0.78037    0.07573
1476.56787    0.64768    0.07401
1476.90759    0.74082    0.07602
1477.24805    0.69950    0.07434
1477.58801    0.81788    0.07782
1477.92859    0.66392    0.07627
1478.26868    0.93675    0.07861
1478.60950    0.97378    0.07715
1478.94971    0.74683    0.07325
1479.28992    0.79789    0.07337
1479.63110    0.61330    0.07427
1479.97144    0.96150    0.07832
1480.31274    1.00021    0.07955
1480.65320    0.82791    0.07799
1480.99475    0.78930    0.07965
1481.33545    0.87123    0.07691
1481.67615    0.84833    0.07777
1482.01782    1.10667    0.08024
1482.35876    1.11135    0.08081
1482.70056    0.96631    0.08060
1483.04175    0.91397    0.07845
1483.38379    0.94314    0.07851
1483.72498    0.87242    0.07795
1484.06628    0.79396    0.07498
1484.40845    0.86759    0.07640
1484.75000    0.96448    0.07781
1485.09229    1.00923    0.07957
1485.43396    1.04011    0.07906
1485.77661    1.01988    0.07756
1486.11829    1.01948    0.07681
1486.46021    0.83624    0.08064
1486.80298    0.76151    0.07996
1487.14502    1.00557    0.08510
1487.48804    1.25328    0.08699
1487.83020    0.92853    0.08144
1488.17334    1.01995    0.08061
1488.51562    0.97895    0.07363
1488.85803    0.91434    0.07360
1489.20129    0.89646    0.07163
1489.54382    0.82027    0.07100
1489.88745    0.96128    0.07275
1490.23022    0.99462    0.07396
1490.57385    1.06370    0.07417
1490.91675    0.95630    0.07322
1491.26050    0.84061    0.07184
1491.60364    1.02483    0.07456
1491.94678    0.99028    0.07363
1492.29065    0.81416    0.07138
1492.63416    0.94354    0.07300
1492.97827    1.11801    0.07550
1493.32178    1.03471    0.07452
1493.66602    0.81561    0.07215
1494.00964    0.87067    0.07183
1494.35352    0.89059    0.07371
1494.69800    1.03475    0.07258
1495.04175    1.01350    0.07328
1495.38660    0.90040    0.07187
1495.73059    1.01571    0.07243
1496.07544    1.02713    0.07319
1496.41968    1.06864    0.07341
1496.76392    0.99218    0.07074
1497.10913    1.00111    0.07231
1497.45349    1.07782    0.07431
1497.79883    1.01543    0.07451
1498.14343    1.02116    0.07374
1498.48877    1.14670    0.07408
1498.83362    0.97017    0.07186
1499.17834    0.89268    0.07081
1499.52405    1.06255    0.07209
1499.86914    1.09946    0.07257
1500.21484    0.91314    0.07100
1500.56006    1.02153    0.07175
1500.90601    1.01381    0.07093
1501.25134    1.00759    0.07170
1501.59680    1.07376    0.07172
1501.94287    1.03981    0.07303
1502.28845    0.95315    0.07686
1502.63489    0.99495    0.07529
1502.98071    0.92788    0.07090
1503.32715    0.92446    0.07192
1503.67310    0.99959    0.07261
1504.01892    1.00986    0.07329
1504.36572    1.15482    0.07253
1504.71191    1.07519    0.07153
1505.05884    1.02235    0.06862
1505.40515    0.91463    0.06988
1505.75208    0.87432    0.07016
1506.09863    1.06805    0.07109
1506.44507    1.00627    0.06974
1506.79236    1.06770    0.07093
1507.13904    1.04890    0.06960
1507.48669    0.97831    0.06821
1507.83337    1.01181    0.06891
1508.18103    1.14686    0.07063
1508.52808    1.09983    0.07108
1508.87524    0.99964    0.06807
1509.22302    0.93879    0.06972
1509.57019    0.98118    0.06992
1509.91833    0.97301    0.06963
1510.26562    0.86588    0.06932
1510.61401    1.13172    0.07028
1510.96155    0.96683    0.06980
1511.30908    1.01602    0.06999
1511.65771    1.10100    0.07157
1512.00537    1.06579    0.07181
1512.35388    1.07226    0.07193
1512.70203    0.97091    0.07183
1513.05078    0.95040    0.06958
1513.39880    1.10943    0.07269
1513.74707    1.19989    0.07244
1514.09595    1.06193    0.07092
1514.44434    0.87492    0.06762
1514.79370    0.98375    0.06858
1515.14209    1.04414    0.06931
1515.49158    1.10265    0.06933
1515.84009    1.02130    0.06683
1516.18884    1.01229    0.06825
1516.53833    1.24947    0.07172
1516.88733    0.98139    0.06891
1517.23718    1.10443    0.06681
1517.58606    1.08314    0.06699
1517.93604    1.05667    0.06691
1518.28540    1.07582    0.06709
1518.63538    0.95025    0.06450
1518.98486    1.01833    0.06404
1519.33435    1.10961    0.06610
1519.68469    1.08658    0.06619
1520.03418    1.04732    0.06513
1520.38464    1.04233    0.06407
1520.73450    1.04384    0.06340
1521.08521    1.11983    0.06433
1521.43506    1.05677    0.06256
1521.78503    0.94361    0.06131
1522.13586    0.93756    0.06099
1522.48608    0.99064    0.06151
1522.83716    0.96508    0.06041
1523.18750    0.99392    0.06068
1523.53870    1.03840    0.06216
1523.88928    1.05406    0.06175
1524.23987    1.01459    0.06015
1524.59143    0.96257    0.05818
1524.94214    0.97374    0.05780
1525.29370    1.04775    0.05781
1525.64465    1.17694    0.06018
1525.99634    1.06839    0.05873
1526.34741    1.05510    0.05802
1526.69849    1.13599    0.05801
1527.05066    1.01786    0.06083
1527.40186    1.10084    0.06180
1527.75415    1.01910    0.05666
1528.10559    1.12978    0.05763
1528.45789    1.14868    0.05802
1528.80969    1.04169    0.05701
1529.16125    1.08049    0.05624
1529.51392    0.95666    0.05480
1529.86572    1.07601    0.05666
1530.21863    1.09803    0.05613
1530.57056    1.03956    0.05535
1530.92358    1.01457    0.05349
1531.27563    0.99195    0.05247
1531.62793    0.90381    0.05105
1531.98120    0.84925    0.05036
1532.33362    0.94923    0.05146
1532.68701    0.98547    0.05125
1533.03955    0.90450    0.05051
1533.39307    0.90857    0.04960
1533.74585    1.00276    0.05068
1534.09875    0.96842    0.04980
1534.45251    0.88222    0.04693
1534.80554    0.88569    0.04685
1535.15942    0.91254    0.04705
1535.51257    0.87092    0.04678
1535.86670    1.04038    0.05268
1536.21985    1.07670    0.05338
1536.57336    1.01004    0.04811
1536.92761    0.94369    0.04838
1537.28125    0.95581    0.04759
1537.63586    0.99991    0.04715
1537.98950    0.87933    0.04544
1538.34412    1.00906    0.04651
1538.69812    0.99460    0.04685
1539.05200    0.91932    0.04594
1539.40698    0.93212    0.04576
1539.76099    0.96736    0.04635
1540.11621    1.00036    0.04687
1540.47046    1.13470    0.04847
1540.82556    1.10520    0.04727
1541.18018    0.98854    0.04688
1541.53467    0.97258    0.04722
1541.89014    1.04294    0.04861
1542.24487    0.94661    0.04808
1542.60034    1.01084    0.04833
1542.95532    1.03888    0.04799
1543.31116    1.00534    0.04582
1543.66614    0.99939    0.04582
1544.02136    1.02192    0.04524
1544.37732    0.94095    0.04540
1544.73267    1.02297    0.04557
1545.08887    1.05745    0.04638
1545.44421    1.02430    0.04571
1545.80054    1.03550    0.04660
1546.15625    1.12453    0.04794
1546.51282    1.12685    0.04790
1546.86853    1.03169    0.04618
1547.22437    0.95938    0.04663
1547.58130    1.02429    0.04643
1547.93726    1.09787    0.04768
1548.29419    1.01390    0.04717
1548.65039    1.07357    0.04761
1549.00757    0.97633    0.04736
1549.36389    1.04440    0.04797
1549.72034    1.12038    0.05002
1550.07751    1.08310    0.04967
1550.43433    1.08409    0.04931
1550.79175    1.08342    0.04889
1551.14844    1.01938    0.04839
1551.50610    1.09182    0.04843
1551.86316    1.11064    0.04990
1552.22009    1.04843    0.04911
1552.57812    1.10544    0.05009
1552.93518    1.05620    0.04975
1553.29333    0.95744    0.04882
1553.65063    1.00614    0.04981
1554.00891    1.04708    0.05071
1554.36646    1.00480    0.05013
1554.72400    0.99366    0.05055
1555.08252    0.92110    0.05004
1555.44031    0.90970    0.04987
1555.79883    1.02362    0.05158
1556.15686    1.04094    0.05271
1556.51575    0.94203    0.05131
1556.87366    0.94819    0.05094
1557.23181    0.96860    0.05107
1557.59106    1.08746    0.05291
1557.94946    0.95804    0.05065
1558.30859    0.85665    0.05065
1558.66711    0.97625    0.05214
1559.02661    1.06329    0.05347
1559.38525    0.97385    0.05295
1559.74390    0.96223    0.05351
1560.10352    0.97845    0.05369
1560.46252    0.94388    0.05283
1560.82227    0.89896    0.05163
1561.18140    0.92935    0.05306
1561.54150    0.95495    0.05405
1561.90063    1.03709    0.05447
1562.25989    1.04695    0.05455
1562.62024    1.01461    0.05437
1562.97974    1.01329    0.05438
1563.34009    1.01005    0.05498
1563.69983    0.89670    0.05454
1564.06030    0.93938    0.05441
1564.42017    0.92553    0.05565
1564.77991    0.94161    0.05506
1565.14099    1.00266    0.05645
1565.50085    0.96518    0.05593
1565.86194    1.00727    0.05655
1566.22217    0.97605    0.05675
1566.58337    0.94080    0.05718
1566.94360    0.97527    0.06118
1567.30432    1.00339    0.06135
1567.66565    0.90602    0.05876
1568.02625    0.84996    0.05664
1568.38782    0.93983    0.05858
1568.74866    0.97427    0.05877
1569.11035    0.95727    0.06005
1569.47131    0.99928    0.06075
1569.83252    1.06620    0.06075
1570.19434    0.90154    0.05757
1570.55566    0.97198    0.05762
1570.91772    1.01865    0.05937
1571.27905    1.03035    0.06036
1571.64148    1.02070    0.05877
1572.00305    0.93157    0.05809
1572.36475    0.97263    0.05833
1572.72729    0.94746    0.05869
1573.08899    0.94497    0.05830
1573.45178    0.96493    0.05943
1573.81384    0.96335    0.05988
1574.17688    0.94571    0.05968
1574.53882    0.94756    0.05864
1574.90198    0.91680    0.05838
1575.26428    0.96233    0.05918
1575.62671    1.03766    0.06129
1575.98999    1.06491    0.05992
1576.35254    1.01681    0.05853
1576.71606    0.88636    0.05716
1577.07874    0.98363    0.05972
1577.44238    0.97344    0.05975
1577.80542    0.97220    0.05914
1578.16833    1.01231    0.06002
1578.53210    0.90639    0.06018
1578.89526    0.95744    0.06197
1579.25952    0.99187    0.06292
1579.62280    1.08472    0.06371
1579.98694    1.08391    0.06131
1580.35046    0.96122    0.05972
1580.71411    0.96184    0.05922
1581.07861    1.13784    0.06168
1581.44226    0.96581    0.06134
1581.80701    0.98698    0.06152
1582.17090    0.88761    0.06611
1582.53577    0.69555    0.07621
1582.89978    0.97109    0.09593
1583.26392    0.99998    0.10052
1583.62903    0.64529    0.08486
1583.99341    0.95437    0.07237
1584.35864    1.15064    0.06790
1584.72302    0.89533    0.06333
1585.08838    1.00155    0.06290
1585.45312    0.95369    0.06193
1585.81787    1.01548    0.06265
1586.18359    0.86896    0.06114
1586.54858    0.82724    0.05996
1586.91431    1.02491    0.06260
1587.27942    1.07418    0.06262
1587.64539    0.97985    0.06157
1588.01062    0.98888    0.06200
1588.37598    0.93873    0.06237
1588.74219    0.96977    0.06232
1589.10779    1.04943    0.06341
1589.47412    0.94844    0.06173
1589.83984    1.02093    0.06290
1590.20630    1.05188    0.06255
1590.57227    1.02867    0.06280
1590.93811    1.00050    0.06131
1591.30505    1.00548    0.06073
1591.67102    1.04758    0.06101
1592.03809    1.07529    0.06022
1592.40442    1.02981    0.05933
1592.77161    0.99372    0.06002
1593.13794    0.99529    0.06039
1593.50439    1.02954    0.06111
1593.87195    1.07742    0.06087
1594.23865    1.06463    0.06068
1594.60620    0.99665    0.06033
1594.97302    1.00217    0.05932
1595.34094    1.01185    0.06201
1595.70801    0.96477    0.06008
1596.07495    0.92914    0.05869
1596.44312    0.92597    0.06005
1596.81030    0.87693    0.05981
1597.17859    1.01460    0.06137
1597.54590    1.07416    0.06210
1597.91443    0.98400    0.06047
1598.28198    1.02266    0.06150
1598.64966    0.92356    0.06027
1599.01831    0.93820    0.06053
1599.38623    0.95794    0.06157
1599.75500    0.98304    0.06130
1600.12292    1.04110    0.06136
1600.49182    1.08121    0.06323
1600.86011    1.08914    0.06398
1601.22839    1.14010    0.06352
1601.59778    0.94643    0.06032
1601.96619    0.92420    0.06146
1602.33545    1.14058    0.06417
1602.70410    1.05335    0.06353
1603.07361    0.94187    0.05985
1603.44238    0.92584    0.05978
1603.81226    0.95618    0.06170
1604.18127    1.02826    0.06376
1604.55017    1.06680    0.06202
1604.92029    0.97668    0.06107
1605.28943    0.97442    0.06193
1605.65967    1.05146    0.06370
1606.02893    1.07567    0.06269
1606.39929    1.01475    0.06061
1606.76880    0.97196    0.06024
1607.13855    1.03558    0.06266
1607.50916    1.01968    0.06320
1607.87903    1.06328    0.06252
1608.24976    1.04145    0.06302
1608.61975    0.99619    0.06033
1608.99072    1.00168    0.06181
1609.36072    1.03507    0.06226
1609.73096    1.07602    0.06275
1610.10217    1.03947    0.06258
1610.47266    0.95598    0.05902
1610.84412    0.86645    0.05725
1611.21460    0.91462    0.05881
1611.58606    1.10905    0.06200
1611.95679    0.86679    0.05935
1612.32776    1.04853    0.06057
1612.69934    1.01010    0.06048
1613.07043    0.91793    0.05835
1613.44250    1.01583    0.05938
1613.81360    1.02403    0.05955
1614.18579    1.01298    0.06052
1614.55701    1.06711    0.06203
1614.92847    1.02584    0.06389
1615.30103    0.96533    0.06201
1615.67249    0.99501    0.06054
1616.04517    1.04132    0.06004
1616.41675    0.97329    0.06080
1616.78967    1.08992    0.06180
1617.16150    1.08503    0.06232
1617.53369    1.05743    0.06125
1617.90649    1.11936    0.06266
1618.27869    1.08657    0.06071
1618.65186    0.93533    0.05813
1619.02429    0.94117    0.05903
1619.39771    0.92001    0.05884
1619.77014    0.97026    0.05878
1620.14282    1.02769    0.05839
1620.51648    0.87451    0.05714
1620.88916    1.04489    0.05953
1621.26294    0.91558    0.05934
1621.63599    0.86492    0.05895
1622.00989    0.97971    0.05888
1622.38293    1.07297    0.06128
1622.75623    1.05247    0.06085
1623.13049    1.06164    0.05950
1623.50391    0.95341    0.05881
1623.87817    0.91608    0.05715
1624.25171    1.02091    0.05984
1624.62646    1.11773    0.06030
1625.00012    1.01068    0.06006
1625.37390    0.86320    0.05739
1625.74878    0.94530    0.05944
1626.12268    0.98445    0.05864
1626.49768    1.00469    0.05964
1626.87195    1.05489    0.05936
1627.24695    1.01622    0.05922
1627.62146    1.00181    0.05745
1627.99573    1.02296    0.05832
1628.37134    1.04943    0.05931
1628.74597    0.96151    0.06014
1629.12146    0.90952    0.06087
1629.49634    1.12189    0.06117
1629.87195    0.99205    0.05992
1630.24695    1.06412    0.05985
1630.62207    1.00294    0.05819
1630.99792    0.96470    0.05825
1631.37329    1.09934    0.06067
1631.74927    1.13959    0.06071
1632.12463    1.08168    0.05986
1632.50110    1.11320    0.06013
1632.87659    1.05892    0.06135
1633.25317    1.01310    0.06044
1633.62891    1.03345    0.05879
1634.00488    0.97098    0.05963
1634.38159    0.92516    0.05899
1634.75745    0.92166    0.05853
1635.13440    0.97745    0.05718
1635.51074    0.94919    0.05892
1635.88782    0.86705    0.05532
1636.26404    0.94629    0.05784
1636.64050    0.96228    0.05854
1637.01794    0.98732    0.05830
1637.39453    0.97731    0.05721
1637.77222    0.92811    0.05739
1638.14905    0.92948    0.05721
1638.52661    1.04416    0.05923
1638.90356    1.04650    0.05841
1639.28052    0.90633    0.05702
1639.65857    0.93097    0.05654
1640.03589    1.00792    0.05738
1640.41406    1.00007    0.05825
1640.79138    0.98910    0.05731
1641.16980    0.84599    0.05585
1641.54724    0.98326    0.05716
1641.92493    1.00976    0.05791
1642.30359    0.90339    0.05730
1642.68152    0.88597    0.05617
1643.06018    1.00592    0.05768
1643.43823    1.04100    0.05855
1643.81714    0.99005    0.05867
1644.19531    0.95221    0.05730
1644.57349    0.93604    0.05667
1644.95276    0.93070    0.05752
1645.33118    0.96935    0.05803
1645.71057    1.03064    0.05869
1646.08936    0.91176    0.05803
1646.46875    0.90840    0.05691
1646.84766    0.99510    0.05786
1647.22632    0.98694    0.05695
1647.60632    0.89967    0.05717
1647.98523    0.98756    0.05863
1648.36536    1.03901    0.05823
1648.74451    0.92330    0.05786
1649.12476    0.81128    0.05477
1649.50403    0.83747    0.05459
1649.88367    0.89583    0.05569
