1410.10913    1.11590    0.04290
1410.43433    1.12217    0.04290
1410.75879    1.07069    0.04195
1411.08411    1.06568    0.04248
1411.40881    1.06496    0.04210
1411.73425    1.01036    0.04167
1412.05896    1.10385    0.04243
1412.38379    1.14157    0.04318
1412.70959    1.05877    0.04221
1413.03455    1.00236    0.04175
1413.36035    1.01676    0.04111
1413.68542    1.04055    0.04197
1414.01147    1.07713    0.04237
1414.33679    1.03205    0.04165
1414.66211    0.99410    0.04103
1414.98840    0.97965    0.04164
1415.31384    1.00297    0.04216
1415.64026    1.06831    0.04237
1415.96594    1.09685    0.04309
1416.29248    1.05995    0.04255
1416.61829    1.06153    0.04241
1416.94409    1.02463    0.04435
1417.27087    1.03674    0.04939
1417.59680    1.13681    0.05558
1417.92383    0.97820    0.06046
1418.25000    1.00399    0.05311
1418.57715    1.08162    0.04595
1418.90344    1.06446    0.04249
1419.22986    1.00986    0.04230
1419.55701    1.02179    0.04198
1419.88367    1.00902    0.04136
1420.21106    1.02340    0.04148
1420.53784    1.01187    0.04103
1420.86536    1.00939    0.04121
1421.19214    1.03364    0.04211
1421.51990    1.04649    0.04108
1421.84692    1.00641    0.04105
1422.17407    0.94040    0.04064
1422.50208    1.04633    0.04124
1422.82935    1.02827    0.04154
1423.15735    0.96335    0.04249
1423.48486    1.07088    0.04346
1423.81299    0.95385    0.04165
1424.14062    0.91546    0.04119
1424.46826    0.97449    0.04098
1424.79663    1.00647    0.04109
1425.12451    0.96688    0.04042
1425.45300    0.93243    0.04028
1425.78101    0.98601    0.04077
1426.10974    1.00770    0.04080
1426.43774    1.00682    0.04114
1426.76599    0.99692    0.04155
1427.09497    0.97608    0.04041
1427.42334    0.95201    0.04000
1427.75244    0.95041    0.04020
1428.08093    0.91869    0.04023
1428.41016    0.92628    0.04066
1428.73877    0.93584    0.04072
1429.06750    0.96320    0.04103
1429.39709    0.97538    0.04158
1429.72583    0.79261    0.03847
1430.05554    0.88760    0.03922
1430.38452    0.88687    0.03991
1430.71436    0.93564    0.04086
1431.04346    1.04749    0.04156
1431.37280    1.03107    0.04253
1431.70276    0.96872    0.04176
1432.03223    0.92244    0.04143
1432.36243    0.95388    0.04087
1432.69189    0.97900    0.04083
1433.02234    0.96171    0.04172
1433.35205    0.94915    0.04138
1433.68164    0.96292    0.04097
1434.01233    0.95652    0.04032
1434.34229    0.98393    0.04071
1434.67285    0.98621    0.04130
1435.00293    0.95378    0.04037
1435.33386    0.94972    0.03989
1435.66418    0.98411    0.04073
1435.99426    0.95714    0.04034
1436.32544    0.90178    0.03973
1436.65588    0.86855    0.04003
1436.98718    0.88690    0.03948
1437.31775    0.94208    0.04066
1437.64917    0.95256    0.04009
1437.97998    0.85147    0.04587
1438.31079    0.96132    0.04760
1438.64246    1.01435    0.04290
1438.97339    0.94496    0.04252
1439.30518    0.94966    0.04164
1439.63635    0.95757    0.04175
1439.96838    0.93110    0.04049
1440.29956    0.91063    0.04059
1440.63098    0.93439    0.03995
1440.96313    0.95600    0.04120
1441.29456    0.92341    0.04019
1441.62708    0.91062    0.03998
1441.95862    0.90871    0.04067
1442.29114    0.87362    0.04038
1442.62292    0.90454    0.04129
1442.95483    0.97314    0.04191
1443.28760    0.96513    0.04046
1443.61951    0.93408    0.04069
1443.95251    0.94059    0.04129
1444.28467    0.99960    0.04298
1444.61768    0.96609    0.04236
1444.95007    0.86938    0.04140
1445.28235    0.87200    0.04058
1445.61572    0.95135    0.04114
1445.94836    0.95489    0.04232
1446.28162    0.94882    0.04041
1446.61450    0.88875    0.04519
1446.94800    0.74793    0.06862
1447.28088    0.54761    0.11162
1447.61462    0.34770    1.53928
1447.94763    0.47151        inf
1448.28076    0.59534        inf
1448.61475    0.71920    0.20619
1448.94788    0.42694    0.07721
1449.28198    1.03833    0.04604
1449.61548    0.96437    0.04261
1449.94971    0.97867    0.04162
1450.28333    0.95202    0.04060
1450.61707    0.95543    0.04074
1450.95154    0.98907    0.04295
1451.28528    0.96823    0.04248
1451.61987    0.99947    0.04166
1451.95386    1.04660    0.04112
1452.28870    0.99770    0.04104
1452.62280    0.92058    0.04055
1452.95691    0.84152    0.04042
1453.29199    0.76641    0.04023
1453.62634    0.82765    0.04009
1453.96155    0.94378    0.04125
1454.29602    0.98800    0.04194
1454.63135    0.99106    0.04235
1454.96606    0.98990    0.04299
1455.30078    0.96670    0.04407
1455.63623    0.92194    0.04247
1455.97107    1.00168    0.04153
1456.30688    1.02549    0.04206
1456.64197    1.00816    0.04076
1456.97778    0.98882    0.04113
1457.31311    0.98653    0.04125
1457.64832    1.05690    0.04248
1457.98438    1.03197    0.04239
1458.31982    0.91656    0.04090
1458.65601    0.91125    0.04024
1458.99170    0.97612    0.04092
1459.32812    0.94264    0.04054
1459.66382    0.93099    0.04125
1459.99963    0.97665    0.04335
1460.33630    1.02237    0.04336
1460.67224    1.01989    0.04253
1461.00903    0.96212    0.04112
1461.34509    0.92666    0.04085
1461.68213    1.02416    0.04228
1462.01843    0.97003    0.04101
1462.35474    0.96570    0.04102
1462.69189    0.96245    0.04152
1463.02844    0.95923    0.04097
1463.36584    1.01947    0.04122
1463.70239    1.03406    0.04187
1464.03992    1.00544    0.04227
1464.37683    1.03907    0.04305
1464.71375    1.03679    0.04224
1465.05151    1.01459    0.04303
1465.38843    1.04159    0.04278
1465.72644    0.98985    0.04288
1466.06348    1.03548    0.04287
1466.40161    1.05234    0.04201
1466.73889    1.01737    0.04158
1467.07642    0.98087    0.04114
1467.41467    0.98678    0.04160
1467.75220    1.02119    0.04184
1468.09082    1.02459    0.04196
1468.42859    1.05081    0.04237
1468.76709    1.05993    0.04219
1469.10498    1.03380    0.04230
1469.44299    0.98505    0.04186
1469.78174    0.91294    0.04132
1470.11987    0.99016    0.04200
1470.45898    1.00663    0.04321
1470.79724    0.99817    0.04241
1471.13635    1.02317    0.04283
1471.47485    1.04647    0.04348
1471.81335    1.02504    0.04383
1472.15271    1.00738    0.04430
1472.49146    1.05029    0.04524
1472.83093    1.04363    0.04523
1473.16968    1.02147    0.04415
1473.50940    1.05654    0.04449
1473.84839    0.98114    0.04386
1474.18835    0.99396    0.04376
1474.52734    1.01039    0.04384
1474.86670    1.00676    0.04609
1475.20679    1.00527    0.04879
1475.54614    0.99375    0.04760
1475.88635    0.93477    0.04765
1476.22583    1.03393    0.05036
1476.56628    1.00318    0.04979
1476.90601    0.95508    0.05011
1477.24573    0.93231    0.04995
1477.58643    0.88039    0.04741
1477.92639    0.94568    0.04593
1478.26721    0.94454    0.04623
1478.60718    0.90534    0.04419
1478.94812    0.86416    0.04396
1479.28833    0.85147    0.04333
1479.62866    0.87357    0.04370
1479.96985    0.88811    0.04354
1480.31042    0.93582    0.04389
1480.65173    0.96013    0.04280
1480.99243    0.98497    0.04316
1481.33386    0.94535    0.04284
1481.67468    0.86651    0.04232
1482.01550    1.05073    0.04404
1482.35730    1.02884    0.04449
1482.69824    1.04752    0.04601
1483.04016    1.05301    0.04556
1483.38135    0.99597    0.04382
1483.72351    0.93523    0.04265
1484.06482    0.88251    0.04201
1484.40613    0.98292    0.04325
1484.74841    0.97150    0.04348
1485.08997    1.00295    0.04357
1485.43250    1.05670    0.04367
1485.77417    0.99127    0.04422
1486.11670    1.03039    0.04414
1486.45874    1.05156    0.04800
1486.80066    1.11828    0.04950
1487.14343    1.13697    0.04830
1487.48560    1.07850    0.04836
1487.82861    1.04535    0.04357
1488.17090    1.10901    0.04444
1488.51404    1.09032    0.04501
1488.85657    1.01260    0.04290
1489.19897    1.03691    0.04325
1489.54236    1.09439    0.04399
1489.88501    1.02871    0.04342
1490.22864    0.99277    0.04264
1490.57153    0.99820    0.04316
1490.91516    1.02379    0.04326
1491.25818    1.07172    0.04430
1491.60132    1.06066    0.04434
1491.94519    0.97313    0.04414
1492.28833    1.03339    0.04437
1492.63257    1.04711    0.04449
1492.97595    1.05234    0.04371
1493.32019    1.08252    0.04445
1493.66382    1.10196    0.04499
1494.00732    1.06267    0.04388
1494.35181    1.01224    0.04341
1494.69556    1.06676    0.04414
1495.04028    1.08482    0.04565
1495.38416    1.12637    0.04950
1495.72900    1.10312    0.04872
1496.07312    0.96534    0.04415
1496.41736    1.05766    0.04455
1496.76233    0.95203    0.04344
1497.10669    1.08206    0.04612
1497.45203    1.04701    0.04767
1497.79651    0.89920    0.04703
1498.14185    0.99846    0.04657
1498.48645    0.89630    0.04423
1498.83118    0.85250    0.04210
1499.17676    0.80747    0.04041
1499.52173    0.81088    0.04082
1499.86743    0.82403    0.04132
1500.21252    0.75788    0.04050
1500.55847    0.70675    0.03973
1500.90369    0.71497    0.03976
1501.24988    0.73693    0.04006
1501.59521    0.71243    0.03940
1501.94055    0.64650    0.03938
1502.28699    0.58647    0.03772
1502.63257    0.55021    0.03886
1502.97913    0.57711    0.04119
1503.32483    0.58410    0.04179
1503.67151    0.53463    0.04123
1504.01733    0.51109    0.03875
1504.36340    0.58671    0.03831
1504.71033    0.62802    0.03863
1505.05640    0.55578    0.03849
1505.40356    0.57299    0.03833
1505.74988    0.48488    0.03677
1506.09705    0.44293    0.03607
1506.44348    0.64435    0.03931
1506.79016    0.56745    0.03898
1507.13757    0.64971    0.03918
1507.48425    0.74967    0.04002
1507.83179    0.74599    0.04073
1508.17871    0.69507    0.03967
1508.52649    0.71424    0.04006
1508.87354    0.78184    0.04063
1509.22070    0.81992    0.04081
1509.56873    0.76102    0.04072
1509.91602    0.65392    0.03809
1510.26416    0.62206    0.03901
1510.61157    0.67446    0.03874
1510.95996    0.56390    0.03838
1511.30750    0.39490    0.03572
1511.65515    0.32226    0.03432
1512.00378    0.26679    0.03369
1512.35156    0.20361    0.03240
1512.70044    0.17109    0.03203
1513.04834    0.09895    0.02996
1513.39722    0.08109    0.03131
1513.74536    0.12069    0.03182
1514.09363    0.17406    0.03132
1514.44287    0.16415    0.03111
1514.79114    0.09993    0.03126
1515.14050    0.15141    0.03228
1515.48914    0.12915    0.03233
1515.83850    0.15021    0.03048
1516.18726    0.18031    0.03196
1516.53601    0.20108    0.03193
1516.88586    0.24891    0.03246
1517.23474    0.29897    0.03290
1517.58459    0.34285    0.03386
1517.93372    0.44880    0.03545
1518.28381    0.53692    0.03773
1518.63293    0.60492    0.03861
1518.98242    0.68104    0.04048
1519.33252    0.66756    0.03858
1519.68213    0.80619    0.04131
1520.03259    0.78996    0.04001
1520.38220    0.81477    0.04147
1520.73279    0.91315    0.04154
1521.08276    0.92888    0.04235
1521.43262    1.00941    0.04282
1521.78357    1.08544    0.04523
1522.13354    1.17703    0.04484
1522.48450    1.14789    0.04775
1522.83484    1.10879    0.04839
1523.18591    1.20474    0.05200
1523.53638    1.14439    0.05016
1523.88684    1.13689    0.04748
1524.23828    1.17297    0.04614
1524.58899    1.18433    0.04624
1524.94043    1.19096    0.04579
1525.29126    1.22090    0.04402
1525.64294    1.17392    0.04264
1525.99402    1.14233    0.04253
1526.34497    1.15764    0.04226
1526.69702    1.07368    0.04039
1527.04834    1.04750    0.04116
1527.40039    1.21447    0.04275
1527.75171    1.11229    0.04266
1528.10400    1.09616    0.05032
1528.45569    0.98215    0.06049
1528.80798    1.12449    0.09719
1529.15967    1.27298    0.17172
1529.51147    0.98731    0.09238
1529.86426    0.92337    0.06000
1530.21619    0.99378    0.06004
1530.56909    1.10083    0.07018
1530.92114    1.05544    0.06316
1531.27417    0.93123    0.04775
1531.62646    0.94738    0.04015
1531.97888    1.03565    0.03891
1532.33203    1.06981    0.03956
1532.68457    1.02972    0.03919
1533.03796    1.00026    0.03799
1533.39062    0.98738    0.03854
1533.74426    0.96203    0.03822
1534.09705    0.99758    0.03760
1534.45007    0.99295    0.03722
1534.80383    1.03496    0.03761
1535.15686    1.00042    0.03865
1535.51086    0.97434    0.04031
1535.86414    1.08697    0.04151
1536.21838    1.05084    0.03958
1536.57178    0.98248    0.03765
1536.92517    0.93932    0.03679
1537.27954    0.98034    0.03710
1537.63330    1.02700    0.03884
1537.98779    0.99931    0.03926
1538.34167    1.04099    0.03863
1538.69641    0.99212    0.03735
1539.05042    0.98965    0.03690
1539.40442    1.00315    0.03706
1539.75940    0.98846    0.03926
1540.11365    0.95063    0.03997
1540.46887    0.85705    0.03859
1540.82324    0.66259    0.03461
1541.17847    0.79811    0.03490
1541.53308    0.96093    0.03727
1541.88770    0.98263    0.03765
1542.24316    1.02057    0.03700
1542.59802    1.05878    0.03779
1542.95374    1.03421    0.03736
1543.30872    1.06769    0.03888
1543.66467    1.12306    0.03945
1544.01965    1.10355    0.03899
1544.37488    1.01988    0.03740
1544.73108    1.04731    0.03803
1545.08643    1.06915    0.03958
1545.44275    1.07975    0.04129
1545.79822    1.10004    0.04228
1546.15466    1.07473    0.04076
1546.51038    1.01466    0.03772
1546.86621    1.10567    0.03875
1547.22278    0.91443    0.03762
1547.57886    0.86906    0.03660
1547.93567    0.92181    0.03788
1548.29175    0.97469    0.03819
1548.64880    1.02564    0.03910
1549.00513    0.97396    0.03918
1549.36133    1.05208    0.03988
1549.71863    1.04762    0.04091
1550.07520    0.97990    0.04024
1550.43262    0.94022    0.03919
1550.78931    0.94602    0.03869
1551.14685    0.95784    0.03954
1551.50378    1.01537    0.04143
1551.86072    0.97935    0.04179
1552.21851    0.94038    0.04006
1552.57568    0.94148    0.03965
1552.93359    0.93114    0.03942
1553.29089    0.93034    0.03976
1553.64905    0.88474    0.03985
1554.00647    0.94209    0.04092
1554.36401    0.91978    0.04013
1554.72241    0.84757    0.04284
1555.08008    0.91755    0.04350
1555.43860    0.96919    0.04135
1555.79639    0.95423    0.04146
1556.15527    0.93769    0.04142
1556.51331    0.90995    0.04106
1556.87219    0.90153    0.04190
1557.23035    0.95407    0.04257
1557.58862    0.97471    0.04247
1557.94775    0.90133    0.04176
1558.30615    0.94023    0.04232
1558.66553    0.97328    0.04324
1559.02405    0.95921    0.04369
1559.38354    0.98405    0.04230
1559.74231    0.97579    0.04161
1560.10107    0.91067    0.04106
1560.46082    0.92736    0.04146
1560.81995    0.90360    0.04407
1561.17981    0.87188    0.04464
1561.53894    0.97378    0.04352
1561.89893    1.04098    0.04571
1562.25830    0.93339    0.04398
1562.61780    0.96653    0.04422
1562.97803    1.00195    0.04427
1563.33765    0.99628    0.04522
1563.69812    1.03287    0.04369
1564.05786    0.95101    0.04326
1564.41846    0.99107    0.04343
1564.77844    1.01754    0.04345
1565.13843    0.99110    0.04320
1565.49939    0.92337    0.04256
1565.85938    0.88945    0.04315
1566.22058    1.02734    0.04434
1566.58081    0.99090    0.04355
1566.94202    0.95031    0.04321
1567.30249    0.97596    0.04260
1567.66309    1.00644    0.04267
1568.02454    0.97462    0.04319
1568.38525    0.93152    0.04354
1568.74707    0.95360    0.04416
1569.10791    0.98374    0.04429
1569.46973    1.00069    0.04416
1569.83081    0.97808    0.04333
1570.19189    0.94254    0.04300
1570.55396    1.02360    0.04406
1570.91528    0.99989    0.04354
1571.27759    0.96300    0.04302
1571.63904    0.89202    0.04224
1572.00134    0.88554    0.04161
1572.36316    1.02447    0.04312
1572.72485    1.03201    0.04306
1573.08740    0.98148    0.04269
1573.44934    0.94915    0.04279
1573.81213    0.94209    0.04255
1574.17432    0.92136    0.04230
1574.53723    0.90431    0.04220
1574.89954    0.99573    0.04260
1575.26172    0.92656    0.04260
1575.62500    1.02075    0.04421
1575.98743    1.08282    0.04497
1576.35095    1.01342    0.04340
1576.71350    0.96713    0.04242
1577.07715    0.95390    0.04238
1577.43994    0.84688    0.04127
1577.80273    0.83389    0.04159
1578.16663    0.92862    0.04406
1578.52979    1.00257    0.04383
1578.89380    0.97681    0.04248
1579.25684    0.98057    0.04265
1579.62122    1.00949    0.04288
1579.98450    1.01744    0.04316
1580.34802    1.00121    0.04360
1580.71240    0.94933    0.04397
1581.07605    0.88504    0.04254
1581.44067    0.91345    0.04217
1581.80444    0.89588    0.04188
1582.16919    0.92288    0.04194
1582.53320    0.96207    0.04280
1582.89807    0.99017    0.04305
1583.26221    1.00849    0.04344
1583.62646    0.96024    0.04380
1583.99158    0.95243    0.04326
1584.35596    1.00486    0.04393
1584.72144    0.99010    0.04562
1585.08594    0.95890    0.04312
1585.45142    0.96188    0.04309
1585.81616    0.74690    0.04209
1586.18103    0.85387    0.04186
1586.54675    0.87436    0.04308
1586.91174    0.94291    0.04402
1587.27771    1.01774    0.04586
1587.64282    0.90761    0.04508
1588.00903    0.94181    0.04522
1588.37427    1.01932    0.04489
1588.73962    0.97909    0.04375
1589.10608    0.90251    0.04217
1589.47156    0.91061    0.04162
1589.83813    0.98702    0.04208
1590.20386    0.96532    0.04174
1590.57056    0.94894    0.04157
1590.93652    0.97811    0.04193
1591.30249    0.94334    0.04170
1591.66943    0.90132    0.04117
1592.03564    0.95526    0.04169
1592.40283    0.93636    0.04200
1592.76904    1.05078    0.04297
1593.13635    0.98577    0.04301
1593.50293    0.96191    0.04419
1593.86938    1.02268    0.04495
1594.23694    0.97709    0.04487
1594.60376    0.94832    0.04442
1594.97144    0.95812    0.04507
1595.33838    0.92996    0.04532
1595.70618    0.94506    0.04293
1596.07336    0.99224    0.04211
1596.44055    1.00766    0.04255
1596.80859    1.07396    0.04377
1597.17603    0.97786    0.04311
1597.54431    0.95209    0.04314
1597.91174    0.98477    0.04373
1598.28040    1.00995    0.04408
1598.64807    1.01420    0.04351
1599.01575    0.97776    0.04289
1599.38452    0.95903    0.04336
1599.75244    0.99651    0.04535
1600.12134    1.01217    0.04475
1600.48950    0.98972    0.04344
1600.85840    0.99452    0.04142
1601.22668    1.03915    0.04250
1601.59521    1.04258    0.04464
1601.96448    1.05294    0.04567
1602.33289    1.02292    0.04553
1602.70251    0.97250    0.04227
1603.07117    0.97991    0.04238
1603.44080    1.01533    0.04262
1603.80969    1.04176    0.04214
1604.17871    1.00324    0.04124
1604.54858    0.97239    0.04112
1604.91772    0.99027    0.04261
1605.28784    1.00910    0.04198
1605.65698    0.97828    0.04176
1606.02734    0.99127    0.04134
1606.39685    1.04454    0.04211
1606.76636    1.11338    0.04259
1607.13684    1.06300    0.04317
1607.50659    0.90874    0.04235
1607.87732    1.05969    0.04275
1608.24707    1.04111    0.04188
1608.61792    0.99291    0.04109
1608.98804    0.98427    0.04131
1609.35828    0.99804    0.04151
1609.72937    0.98943    0.04228
1610.09961    0.92703    0.04330
1610.47095    0.97995    0.04389
1610.84143    0.98175    0.04357
1611.21289    0.94783    0.04187
1611.58350    0.96953    0.04198
1611.95508    1.03234    0.04202
1612.32593    0.99358    0.04190
1612.69690    1.08941    0.04356
1613.06885    1.06777    0.04334
1613.43994    1.01717    0.04217
1613.81189    1.00967    0.04151
1614.18323    0.98635    0.04087
1614.55542    0.97203    0.04198
1614.92688    1.00104    0.04379
1615.29834    1.02997    0.04505
1615.67078    1.00323    0.04473
1616.04260    0.94831    0.04168
1616.41516    0.95166    0.04110
1616.78711    1.01336    0.04093
1617.15979    0.95056    0.04118
1617.53186    1.00807    0.04167
1617.90405    0.98420    0.04299
1618.27710    0.92433    0.04534
1618.64941    1.02874    0.05147
1619.02271    0.99426    0.05432
1619.39502    0.96202    0.05086
1619.76855    0.99317    0.04617
1620.14111    0.98599    0.04527
1620.51379    0.94507    0.04589
1620.88757    0.98291    0.04422
1621.26038    1.05889    0.04381
1621.63428    0.90847    0.04126
1622.00732    1.00481    0.04227
1622.38135    1.05541    0.04180
1622.75464    0.93029    0.03995
1623.12781    0.89075    0.03893
1623.50208    0.96595    0.03998
1623.87561    0.91157    0.04100
1624.25012    0.89789    0.04536
1624.62378    0.95282    0.04948
1624.99841    1.00634    0.04889
1625.37219    1.00203    0.04395
1625.74609    0.96786    0.04164
1626.12097    1.01226    0.04330
1626.49512    1.03569    0.04425
1626.87024    0.97176    0.04433
1627.24451    0.91304    0.04265
1627.61975    0.97259    0.04151
1627.99414    1.02824    0.04149
1628.36865    0.99583    0.04170
1628.74426    0.95548    0.04198
1629.11890    0.99341    0.04315
1629.49451    1.02867    0.04413
1629.86938    0.97215    0.04371
1630.24524    0.99028    0.04308
1630.62024    0.93208    0.04176
1630.99536    1.02241    0.04114
1631.37146    1.04561    0.04294
1631.74670    0.99859    0.04362
1632.12305    1.06836    0.04851
1632.49854    1.05338    0.04911
1632.87500    0.98607    0.04554
1633.25073    0.90068    0.04179
1633.62634    0.91341    0.04038
1634.00305    0.98581    0.04087
1634.37891    1.01576    0.04308
1634.75586    1.07931    0.05012
1635.13196    0.91735    0.08316
1635.50903    1.01496    0.11269
1635.88525    1.18586    0.09838
1636.26160    1.17837    0.06772
1636.63892    1.04396    0.04946
1637.01538    1.00316    0.04863
1637.39282    1.13291    0.05267
1637.76953    1.13571    0.04992
1638.14722    1.04880    0.04310
1638.52405    1.01856    0.04014
1638.90100    1.04501    0.04031
1639.27893    0.96213    0.03932
1639.65601    0.99429    0.04015
1640.03418    1.03886    0.04035
1640.41150    1.03498    0.04092
1640.78967    1.01984    0.04264
1641.16711    1.04318    0.04433
1641.54565    1.05463    0.04417
1641.92334    1.00135    0.04156
1642.30103    0.94685    0.03973
1642.67969    0.92842    0.04188
1643.05762    0.97121    0.04864
1643.43652    1.04924    0.04984
1643.81458    1.04066    0.04591
1644.19360    1.00988    0.04231
1644.57178    1.00813    0.04023
1644.95020    1.04171    0.03960
1645.32947    1.00456    0.03929
1645.70801    0.88550    0.03819
1646.08752    0.98377    0.03904
1646.46619    1.01542    0.04029
1646.84583    0.97183    0.04009
1647.22473    0.93720    0.03938
1647.60364    0.94827    0.04053
1647.98364    0.98871    0.04268
1648.36267    1.02768    0.04271
1648.74280    0.95617    0.04022
1649.12219    1.02147    0.03979
1649.50232    1.00876    0.04104
1649.88184    0.92196    0.04335
