1410.28772    1.17081    0.06801
1410.61218    1.15373    0.06891
1410.93762    1.07997    0.06735
1411.26221    1.15085    0.06897
1411.58679    1.15194    0.06939
1411.91235    1.00735    0.06670
1412.23706    1.15364    0.06965
1412.56274    1.28241    0.07312
1412.88782    1.24326    0.07257
1413.21350    1.13518    0.06998
1413.53857    1.19870    0.07147
1413.86389    1.31272    0.07070
1414.18982    1.02677    0.06862
1414.51514    1.19215    0.06957
1414.84143    1.17479    0.06880
1415.16687    1.06813    0.06723
1415.49329    0.93552    0.06330
1415.81885    0.84823    0.06194
1416.14465    1.04662    0.06527
1416.47095    1.09545    0.06668
1416.79688    1.21076    0.06944
1417.12366    1.21473    0.06984
1417.44958    1.09262    0.06650
1417.77649    0.93789    0.06189
1418.10278    0.81411    0.06069
1418.42969    1.14921    0.06561
1418.75610    0.97855    0.06592
1419.08240    1.04785    0.06384
1419.40967    1.17846    0.06778
1419.73608    0.98131    0.06367
1420.06348    1.09415    0.06521
1420.39026    0.97115    0.06337
1420.71777    1.02354    0.06370
1421.04456    1.07821    0.06509
1421.37146    1.06858    0.06482
1421.69922    1.07904    0.06482
1422.02625    1.10063    0.06571
1422.35413    1.16691    0.06642
1422.68140    1.13892    0.06573
1423.00952    0.99550    0.06345
1423.33691    0.97358    0.06283
1423.66431    1.11058    0.06433
1423.99268    1.03628    0.06407
1424.32031    1.05808    0.06413
1424.64868    1.02875    0.06352
1424.97644    1.03123    0.06269
1425.30493    1.06350    0.06394
1425.63281    1.07781    0.06408
1425.96082    1.11315    0.06539
1426.28967    1.09665    0.06567
1426.61768    1.10897    0.06663
1426.94678    1.13517    0.06502
1427.27502    1.14103    0.06674
1427.60413    1.07636    0.06355
1427.93262    0.91547    0.06089
1428.26099    0.87422    0.05986
1428.59045    0.98285    0.06102
1428.91895    1.07138    0.06425
1429.24854    1.10630    0.06456
1429.57727    1.08348    0.06398
1429.90698    0.93595    0.06080
1430.23584    0.93580    0.06087
1430.56494    0.82718    0.05883
1430.89490    0.97144    0.06120
1431.22412    1.15206    0.06461
1431.55408    1.09122    0.06426
1431.88330    1.13821    0.06459
1432.21362    1.00578    0.06317
1432.54309    0.99495    0.06100
1432.87268    1.02951    0.06253
1433.20312    1.12016    0.06393
1433.53284    1.19459    0.06552
1433.86340    0.97401    0.06063
1434.19324    0.89310    0.05889
1434.52393    1.05754    0.06238
1434.85388    1.01952    0.06089
1435.18408    0.96681    0.06192
1435.51489    1.10658    0.06337
1435.84521    1.00255    0.06299
1436.17639    1.05876    0.06253
1436.50671    0.99424    0.06163
1436.83801    0.95639    0.05994
1437.16858    0.88436    0.05891
1437.49902    0.80469    0.05674
1437.83057    1.02745    0.06237
1438.16138    0.88300    0.05758
1438.49304    0.91137    0.05924
1438.82397    0.93890    0.05853
1439.15564    0.89980    0.05915
1439.48682    0.90083    0.05856
1439.81787    0.90485    0.05911
1440.14990    0.84316    0.05908
1440.48132    0.84626    0.05763
1440.81335    0.86548    0.05896
1441.14490    0.84716    0.05765
1441.47729    0.84733    0.05792
1441.80884    0.94004    0.05908
1442.14050    0.86081    0.05726
1442.47302    0.97074    0.05911
1442.80493    0.85146    0.05514
1443.13770    0.67600    0.05298
1443.46948    0.74536    0.05290
1443.80237    0.73919    0.05372
1444.13464    0.83900    0.05531
1444.46765    0.81570    0.05622
1444.79980    0.86137    0.05592
1445.13220    0.86423    0.05575
1445.46558    0.73381    0.05259
1445.79810    0.77428    0.05356
1446.13147    0.71581    0.05251
1446.46423    0.73141    0.05241
1446.79773    0.88182    0.05701
1447.13062    0.91061    0.05768
1447.46350    0.76117    0.05566
1447.79712    0.84666    0.05533
1448.13037    0.87140    0.05635
1448.46423    0.82154    0.05662
1448.79736    0.87803    0.05621
1449.13147    0.90914    0.05640
1449.46497    0.82456    0.05450
1449.79834    0.89112    0.05658
1450.13269    0.89156    0.05637
1450.46619    0.91366    0.05708
1450.80078    0.92573    0.05838
1451.13452    0.94440    0.05864
1451.46912    0.98645    0.05922
1451.80298    0.99052    0.05934
1452.13708    1.02275    0.05982
1452.47192    1.08927    0.06098
1452.80615    1.00187    0.05949
1453.14099    0.92625    0.05795
1453.47534    1.01516    0.05987
1453.81055    1.01346    0.05961
1454.14490    1.02193    0.05889
1454.47937    1.15045    0.06212
1454.81494    1.10397    0.06072
1455.14954    0.98272    0.05903
1455.48511    1.02214    0.05980
1455.81995    1.08579    0.06196
1456.15564    1.06184    0.06323
1456.49072    1.12183    0.06292
1456.82568    1.08859    0.06109
1457.16150    1.07864    0.06064
1457.49695    1.11588    0.06044
1457.83289    0.87957    0.05663
1458.16833    1.04577    0.05819
1458.50464    1.07322    0.06168
1458.84009    1.08423    0.05936
1459.17566    1.09417    0.06264
1459.51221    1.00549    0.05835
1459.84802    0.93907    0.05724
1460.18457    0.98427    0.05781
1460.52051    0.94666    0.05787
1460.85718    0.96529    0.05792
1461.19336    0.96665    0.05699
1461.52942    0.84685    0.05481
1461.86658    0.80253    0.05446
1462.20276    0.88532    0.05461
1462.53992    0.79630    0.05544
1462.87646    0.84938    0.05394
1463.21387    0.92922    0.05800
1463.55029    0.83311    0.05520
1463.88721    0.82462    0.05504
1464.22473    0.76326    0.05405
1464.56152    0.74340    0.05399
1464.89917    0.75480    0.05283
1465.23621    0.76589    0.05299
1465.57410    0.76088    0.05285
1465.91125    0.76118    0.05344
1466.24854    0.86921    0.05466
1466.58655    0.82006    0.05413
1466.92407    0.91166    0.05482
1467.26221    0.96981    0.05630
1467.59973    0.82514    0.05425
1467.93823    0.91057    0.05614
1468.27588    0.98958    0.05736
1468.61377    0.92892    0.05561
1468.95239    1.02620    0.05806
1469.29028    1.14941    0.06026
1469.62903    1.05689    0.05867
1469.96729    0.98302    0.05879
1470.30627    1.14634    0.06049
1470.64441    1.06475    0.05961
1470.98352    1.08309    0.05898
1471.32190    1.13195    0.05983
1471.66040    1.03567    0.05874
1471.99976    1.10047    0.05987
1472.33838    1.10576    0.05927
1472.67786    1.08602    0.05871
1473.01672    1.04973    0.05810
1473.35645    1.03225    0.05760
1473.69543    1.07447    0.05881
1474.03442    1.15866    0.06076
1474.37427    1.20318    0.06180
1474.71338    1.06324    0.05996
1475.05347    0.97692    0.05884
1475.39282    1.07500    0.06023
1475.73303    1.19216    0.06130
1476.07251    1.07142    0.05969
1476.41211    1.03759    0.05825
1476.75269    1.07926    0.05884
1477.09229    1.01981    0.05763
1477.43298    0.95520    0.05774
1477.77283    0.97938    0.06086
1478.11365    0.94511    0.06486
1478.45361    1.10799    0.07302
1478.79370    1.01415    0.07045
1479.13477    0.85264    0.06149
1479.47510    0.86792    0.05822
1479.81616    0.95239    0.05544
1480.15649    0.81147    0.05420
1480.49780    0.94949    0.05457
1480.83850    0.90949    0.05482
1481.17920    0.87643    0.05385
1481.52075    0.86819    0.05327
1481.86157    0.80487    0.05162
1482.20325    0.84219    0.05328
1482.54419    0.89006    0.05287
1482.88611    0.81266    0.05274
1483.22717    0.82876    0.05161
1483.56848    0.88147    0.05475
1483.91052    0.86463    0.05395
1484.25195    0.94054    0.05500
1484.59412    0.92701    0.05528
1484.93579    0.95502    0.05701
1485.27808    1.02646    0.05961
1485.61987    1.05623    0.05945
1485.96155    1.01527    0.05747
1486.30432    0.97124    0.05514
1486.64612    0.86842    0.05395
1486.98901    1.04493    0.05700
1487.33105    1.07742    0.05792
1487.67407    1.03345    0.05771
1488.01624    1.12166    0.05912
1488.35852    1.06538    0.05759
1488.70178    1.07274    0.05725
1489.04431    1.09634    0.05758
1489.38757    0.99021    0.06857
1489.73022    0.87746    0.06614
1490.07385    0.92655    0.06683
1490.41675    1.01510    0.06791
1490.75952    0.95779    0.05588
1491.10327    1.03063    0.05595
1491.44629    1.06593    0.05659
1491.79028    1.01808    0.05583
1492.13342    0.99352    0.05532
1492.47754    0.99759    0.05529
1492.82080    0.92039    0.05602
1493.16431    1.12917    0.05870
1493.50854    1.12851    0.06034
1493.85217    1.02217    0.05749
1494.19666    1.08947    0.05874
1494.54028    1.03512    0.05736
1494.88489    1.11151    0.05883
1495.22888    1.05973    0.05737
1495.57288    1.06903    0.05787
1495.91785    1.05370    0.05627
1496.26196    0.96810    0.05733
1496.60693    1.13129    0.05958
1496.95117    1.11266    0.05879
1497.29626    1.02116    0.05657
1497.64075    0.97407    0.05572
1497.98621    0.99263    0.05620
1498.33081    1.01835    0.05704
1498.67554    0.94789    0.06664
1499.02112    0.73708    0.06214
1499.36597    0.68548    0.04719
1499.71167    0.62555    0.04795
1500.05664    0.56537    0.04417
1500.40259    0.58807    0.04517
1500.74768    0.57468    0.04532
1501.09302    0.59589    0.04595
1501.43909    0.54385    0.04393
1501.78455    0.50859    0.04254
1502.13086    0.42768    0.03863
1502.47644    0.28308    0.03632
1502.82300    0.28143    0.03432
1503.16858    0.24262    0.03451
1503.51440    0.39418    0.03804
1503.86108    0.50278    0.04185
1504.20703    0.56956    0.04399
1504.55408    0.64749    0.04536
1504.90015    0.53268    0.04294
1505.24707    0.44481    0.04080
1505.59338    0.50938    0.04181
1505.93982    0.55986    0.04411
1506.28699    0.53692    0.04244
1506.63354    0.48849    0.04177
1506.98096    0.45338    0.04117
1507.32764    0.53938    0.04258
1507.67517    0.54319    0.04273
1508.02197    0.63126    0.04586
1508.36890    0.70856    0.04660
1508.71692    0.62191    0.04480
1509.06384    0.51802    0.04124
1509.41199    0.35500    0.03718
1509.75903    0.29711    0.03445
1510.10730    0.18991    0.03148
1510.45459    0.08816    0.02877
1510.80225    0.10460    0.02759
1511.15051    0.12016    0.02807
1511.49805    0.15380    0.02839
1511.84668    0.18808    0.03101
1512.19446    0.25444    0.03234
1512.54321    0.31306    0.03469
1512.89111    0.28236    0.03395
1513.23926    0.17723    0.02995
1513.58826    0.21667    0.03089
1513.93628    0.21909    0.03062
1514.28540    0.30881    0.03471
1514.63379    0.51834    0.04019
1514.98315    0.71059    0.04599
1515.33154    0.76234    0.04805
1515.68018    0.81167    0.04861
1516.02979    0.78184    0.04855
1516.37854    0.80273    0.04880
1516.72815    0.84301    0.04957
1517.07703    0.83394    0.04964
1517.42700    0.84579    0.04891
1517.77612    0.72201    0.04615
1518.12512    0.65122    0.04435
1518.47522    0.46828    0.03961
1518.82446    0.37596    0.03784
1519.17480    0.55635    0.04141
1519.52441    0.68847    0.04542
1519.87463    0.85518    0.04875
1520.22437    0.84001    0.04934
1520.57397    0.80754    0.04764
1520.92480    0.75445    0.04746
1521.27466    0.64249    0.04431
1521.62537    0.68990    0.04646
1521.97546    0.94414    0.05124
1522.32642    0.94801    0.05165
1522.67676    0.96215    0.05239
1523.02698    1.00667    0.05165
1523.37805    0.98170    0.05188
1523.72864    1.06207    0.05318
1524.07983    1.12839    0.05409
1524.43042    1.07103    0.05332
1524.78210    0.92714    0.04978
1525.13281    0.79318    0.04649
1525.48450    0.64505    0.04234
1525.83545    0.34086    0.03500
1526.18652    0.15194    0.02834
1526.53845    0.13324    0.02855
1526.88953    0.10694    0.02602
1527.24170    0.04953    0.02473
1527.59302    0.03133    0.02268
1527.94531    0.03765    0.02492
1528.29675    0.06092    0.02563
1528.64832    0.04317    0.02636
1529.00085    0.00930    0.02454
1529.35266    0.02053    0.02474
1529.70532    0.05481    0.02376
1530.05725    0.01648    0.02371
1530.41003    0.08751    0.02409
1530.76208    0.06455    0.02323
1531.11414    0.01860    0.02288
1531.46729    0.01682    0.02307
1531.81970    0.04920    0.02403
1532.17297    0.08141    0.02402
1532.52527    0.06481    0.02344
1532.87878    0.08220    0.02416
1533.23132    0.07148    0.02478
1533.58411    0.12726    0.02528
1533.93774    0.28815    0.03014
1534.29065    0.33569    0.03308
1534.64441    0.36534    0.03275
1534.99756    0.49052    0.03586
1535.35144    0.65278    0.03985
1535.70459    0.66677    0.03992
1536.05786    0.47720    0.03540
1536.41211    0.30176    0.03134
1536.76550    0.18059    0.02733
1537.11987    0.16100    0.02603
1537.47363    0.10402    0.02329
1537.82800    0.03885    0.02190
1538.18201    0.06250    0.02186
1538.53564    0.11781    0.02399
1538.89062    0.12974    0.02505
1539.24451    0.21288    0.02675
1539.59949    0.30337    0.02915
1539.95361    0.28332    0.02791
1540.30884    0.15614    0.02452
1540.66309    0.08643    0.02263
1541.01758    0.06520    0.02195
1541.37280    0.06513    0.02224
1541.72742    0.14854    0.02407
1542.08301    0.34670    0.02937
1542.43774    0.53488    0.03385
1542.79346    0.50381    0.03375
1543.14832    0.47946    0.03328
1543.50342    0.47779    0.03275
1543.85925    0.38308    0.03094
1544.21448    0.34981    0.02993
1544.57056    0.54687    0.03526
1544.92590    0.79357    0.04101
1545.28223    0.87794    0.04128
1545.63757    0.94047    0.04387
1545.99329    1.02323    0.04441
1546.34961    1.05434    0.04588
1546.70544    1.01138    0.04435
1547.06213    1.03300    0.04525
1547.41797    1.17404    0.04760
1547.77490    1.10954    0.04627
1548.13098    1.10090    0.04664
1548.48694    1.10212    0.04512
1548.84424    1.01027    0.04502
1549.20044    1.07793    0.04507
1549.55762    1.08098    0.04565
1549.91418    1.14370    0.04682
1550.27161    1.11072    0.04604
1550.62817    1.03924    0.04532
1550.98584    1.05716    0.04500
1551.34253    1.06996    0.04500
1551.69946    1.07627    0.04539
1552.05725    1.02160    0.04391
1552.41431    1.01920    0.04462
1552.77222    1.01667    0.04417
1553.12939    0.97840    0.04376
1553.48767    1.05911    0.04520
1553.84497    1.04690    0.04484
1554.20251    0.97569    0.04387
1554.56091    0.95816    0.04306
1554.91846    0.97085    0.04352
1555.27698    0.92407    0.04244
1555.63489    0.85191    0.04132
1555.99365    0.96245    0.04285
1556.35144    0.95848    0.04489
1556.70947    0.96583    0.04224
1557.06860    1.01646    0.04636
1557.42676    1.00807    0.04407
1557.78601    0.94715    0.04401
1558.14429    1.00388    0.04469
1558.50354    1.00300    0.04493
1558.86206    0.96851    0.04497
1559.22083    0.97309    0.04510
1559.58032    1.01785    0.04553
1559.93896    1.02380    0.04601
1560.29871    0.98356    0.04554
1560.65771    0.96479    0.04522
1561.01758    0.99965    0.04509
1561.37671    1.01393    0.04592
1561.73584    0.98386    0.04560
1562.09607    1.03138    0.04643
1562.45544    1.05777    0.04717
1562.81580    1.01473    0.04637
1563.17529    1.00531    0.04672
1563.53564    1.00073    0.04634
1563.89539    0.98704    0.04639
1564.25525    1.07762    0.04765
1564.61597    1.00303    0.04703
1564.97583    0.99623    0.04637
1565.33667    1.03845    0.04740
1565.69678    1.04072    0.04807
1566.05786    0.99779    0.04701
1566.41809    0.99555    0.04692
1566.77844    1.01717    0.04683
1567.13977    1.01196    0.04675
1567.50024    1.04290    0.04775
1567.86182    1.08091    0.04842
1568.22229    1.06770    0.04898
1568.58398    1.04247    0.04830
1568.94482    1.01763    0.04803
1569.30591    1.03414    0.04835
1569.66772    1.01679    0.04705
1570.02881    0.99152    0.04792
1570.39075    0.99031    0.04672
1570.75220    0.94948    0.04614
1571.11438    1.00870    0.04791
1571.47583    1.03072    0.04801
1571.83716    1.01890    0.04845
1572.19971    0.99809    0.04676
1572.56140    0.99261    0.04819
1572.92407    1.03635    0.04815
1573.28589    1.06233    0.04878
1573.64880    1.07185    0.04916
1574.01074    1.10456    0.04948
1574.37280    1.06831    0.04862
1574.73584    0.95156    0.04713
1575.09814    0.97292    0.04731
1575.46130    1.02723    0.04805
1575.82385    1.00336    0.04764
1576.18713    0.98287    0.04726
1576.54968    1.00086    0.04779
1576.91235    1.02962    0.04874
1577.27600    1.03796    0.04881
1577.63892    0.95645    0.04791
1578.00269    1.01224    0.04768
1578.36572    1.04110    0.04868
1578.72974    1.05355    0.04915
1579.09290    1.09850    0.05014
1579.45703    1.01728    0.04966
1579.82043    0.99290    0.04887
1580.18372    1.03239    0.05009
1580.54822    1.04177    0.04990
1580.91174    1.03045    0.04957
1581.27625    1.01183    0.04854
1581.64014    0.93729    0.04818
1582.00476    1.03039    0.04950
1582.36877    1.09220    0.05089
1582.73279    1.10208    0.05016
1583.09778    1.06617    0.05011
1583.46191    1.00614    0.04879
1583.82715    1.00057    0.04890
1584.19141    1.02977    0.04977
1584.55676    1.01586    0.05053
1584.92126    1.02168    0.04905
1585.28589    0.99987    0.05007
1585.65149    0.93850    0.04784
1586.01624    0.99446    0.04842
1586.38196    1.02673    0.04939
1586.74695    1.01452    0.04839
1587.11292    0.99533    0.04903
1587.47791    1.03104    0.04788
1587.84302    1.06958    0.05077
1588.20923    0.97658    0.04904
1588.57471    1.06488    0.05037
1588.94104    1.02328    0.04998
1589.30652    0.99062    0.04855
1589.67297    1.05431    0.05155
1590.03870    1.08684    0.05101
1590.40454    0.97905    0.04889
1590.77112    1.08896    0.05065
1591.13721    1.02765    0.04974
1591.50415    0.96953    0.04889
1591.87024    0.98788    0.04785
1592.23730    0.97531    0.04837
1592.60364    0.92610    0.04795
1592.96997    1.01916    0.04976
1593.33728    1.05319    0.04998
1593.70386    1.12671    0.05101
1594.07141    1.12822    0.04979
1594.43799    0.98771    0.04813
1594.80566    0.98880    0.04731
1595.17261    1.02554    0.04828
1595.53967    1.04112    0.04847
1595.90747    0.99618    0.04792
1596.27466    0.95675    0.04652
1596.64270    0.96616    0.04688
1597.01001    0.95484    0.04734
1597.37842    1.02164    0.04843
1597.74585    0.99785    0.04822
1598.11328    1.00904    0.04819
1598.48193    1.05421    0.04899
1598.84961    1.04926    0.04931
1599.21826    1.02516    0.04954
1599.58618    0.97792    0.04921
1599.95508    0.99513    0.04838
1600.32324    1.05186    0.04899
1600.69128    1.08796    0.05025
1601.06042    1.06611    0.05057
1601.42883    1.03009    0.05004
1601.79810    1.13164    0.05030
1602.16650    1.04954    0.04937
1602.53601    1.00433    0.04869
1602.90466    1.04073    0.04977
1603.27332    1.01702    0.04937
1603.64307    0.95654    0.04859
1604.01208    1.06444    0.04941
1604.38184    0.98635    0.04923
1604.75098    0.94509    0.04780
1605.12097    0.99269    0.04879
1605.49023    1.00086    0.04816
1605.85962    0.98839    0.04821
1606.22986    1.03901    0.04934
1606.59949    0.98562    0.04823
1606.96997    1.00714    0.04819
1607.33960    1.07590    0.04970
1607.71021    1.05422    0.04944
1608.08008    0.99647    0.04817
1608.45105    0.95620    0.04816
1608.82092    1.00085    0.04852
1609.19104    1.06892    0.04973
1609.56201    1.02951    0.04839
1609.93237    0.95178    0.04768
1610.30359    1.08527    0.04849
1610.67407    0.96508    0.04681
1611.04553    1.02406    0.04816
1611.41614    1.02083    0.04826
1611.78687    0.98583    0.04745
1612.15845    1.04887    0.04792
1612.52942    1.00281    0.04779
1612.90112    1.02382    0.04744
1613.27234    0.95651    0.04655
1613.64429    0.96781    0.04654
1614.01550    1.05423    0.04822
1614.38684    1.05355    0.04763
1614.75916    0.95799    0.04630
1615.13062    1.05380    0.04751
1615.50305    0.98626    0.04676
1615.87463    0.98296    0.04622
1616.24731    1.00368    0.04582
1616.61902    0.92646    0.04498
1616.99097    0.97982    0.04630
1617.36377    1.09215    0.04772
1617.73596    1.01761    0.04744
1618.10901    0.99851    0.04629
1618.48132    1.05718    0.04776
1618.85437    1.05627    0.04746
1619.22681    1.02743    0.04723
1619.59937    1.00613    0.04662
1619.97278    1.03114    0.04724
1620.34558    1.04580    0.04766
1620.71912    1.04924    0.04809
1621.09192    1.03426    0.04760
1621.46582    0.95599    0.04648
1621.83887    1.01925    0.04693
1622.21191    1.03010    0.04743
1622.58606    1.04641    0.04786
1622.95935    1.05974    0.04787
1623.33362    1.03543    0.04731
1623.70703    1.04104    0.04695
1624.08142    0.98938    0.04690
1624.45508    0.94666    0.04500
1624.82861    0.97518    0.04677
1625.20349    1.00762    0.04630
1625.57727    0.99320    0.04665
1625.95215    1.01838    0.04729
1626.32629    1.02137    0.04684
1626.70117    1.00837    0.04690
1627.07544    1.02466    0.04744
1627.44971    0.97809    0.04680
1627.82495    0.91673    0.04593
1628.19958    1.08473    0.04796
1628.57507    0.94636    0.04683
1628.94958    0.95750    0.04518
1629.32520    1.00474    0.04687
1629.70020    1.03786    0.04679
1630.07495    1.07494    0.04728
1630.45081    1.00539    0.04663
1630.82593    1.01545    0.04620
1631.20203    1.03650    0.04705
1631.57727    1.05058    0.04730
1631.95361    1.06030    0.04761
1632.32898    1.04054    0.04674
1632.70447    0.98381    0.04600
1633.08105    1.06492    0.04706
1633.45667    1.00649    0.04689
1633.83337    1.00687    0.04700
1634.20911    1.05413    0.04745
1634.58606    1.01587    0.04739
1634.96216    0.98062    0.04636
1635.33826    0.96798    0.04636
1635.71533    1.03633    0.04675
1636.09155    1.03170    0.04724
1636.46887    0.96229    0.04564
1636.84521    0.92902    0.04484
1637.22278    0.92502    0.04501
1637.59937    0.95625    0.04559
1637.97705    0.99944    0.04609
1638.35388    0.96262    0.04592
1638.73071    0.94259    0.04592
1639.10864    0.99784    0.04598
1639.48572    0.92907    0.04482
1639.86377    0.78265    0.04167
1640.24097    0.57538    0.03723
1640.61926    0.47200    0.03477
1640.99670    0.56688    0.03667
1641.37427    0.80284    0.04176
1641.75269    1.00667    0.04636
1642.13037    1.06544    0.04730
1642.50903    0.94464    0.04583
1642.88696    1.05061    0.04759
1643.26587    1.11337    0.04716
1643.64368    0.92468    0.04590
1644.02197    1.06551    0.04694
1644.40100    1.01398    0.04636
1644.77930    0.92726    0.04429
1645.15857    0.95269    0.04489
1645.53711    1.00189    0.04520
1645.91650    0.96996    0.04530
1646.29504    0.95690    0.04516
1646.67383    0.98731    0.04516
1647.05359    0.96048    0.04468
1647.43250    0.94220    0.04414
1647.81238    0.95434    0.04515
1648.19141    0.96524    0.04396
1648.57153    0.96351    0.04467
1648.95081    0.92981    0.04404
1649.33020    0.96185    0.04541
1649.71045    0.99010    0.04608
