1410.01733    1.47313    0.10186
1410.34192    1.42992    0.09986
1410.66626    1.11013    0.09528
1410.99158    0.99918    0.09462
1411.31628    1.21442    0.09995
1411.64160    1.10345    0.09861
1411.96643    0.94536    0.09328
1412.29199    1.04755    0.09243
1412.61682    1.15618    0.09274
1412.94189    0.85684    0.09188
1413.26770    1.16481    0.09660
1413.59277    1.16029    0.09501
1413.91882    1.05430    0.09659
1414.24390    1.12001    0.09538
1414.57007    1.11804    0.09391
1414.89551    0.87623    0.08985
1415.22180    0.81989    0.08826
1415.54736    1.03534    0.09147
1415.87292    1.22332    0.09640
1416.19958    1.21764    0.09610
1416.52539    1.13379    0.09376
1416.85205    1.12637    0.09524
1417.17798    1.06250    0.09746
1417.50476    1.03839    0.09802
1417.83093    1.06166    0.09570
1418.15698    1.01126    0.09070
1418.48401    0.88276    0.09149
1418.81042    1.00055    0.09475
1419.13745    1.06595    0.09601
1419.46399    1.10502    0.09352
1419.79126    0.97109    0.08803
1420.11804    0.89211    0.08993
1420.44458    1.12003    0.09343
1420.77222    1.05350    0.09253
1421.09900    1.04600    0.09244
1421.42676    0.90335    0.09216
1421.75366    0.94590    0.09409
1422.08154    1.08719    0.09571
1422.40869    0.95939    0.09376
1422.73596    0.99418    0.09099
1423.06409    1.24467    0.09363
1423.39148    1.08870    0.08993
1423.71960    0.93678    0.08837
1424.04712    1.01297    0.08821
1424.37549    1.06181    0.09044
1424.70312    1.13433    0.09031
1425.03088    0.99802    0.08672
1425.35962    0.99456    0.08671
1425.68750    1.02647    0.08737
1426.01624    0.98432    0.08695
1426.34436    0.95590    0.08534
1426.67322    0.99551    0.08789
1427.00146    1.06747    0.08994
1427.32971    1.04387    0.09049
1427.65869    1.04792    0.09176
1427.98730    1.00190    0.08774
1428.31653    0.85538    0.08715
1428.64514    1.10084    0.08694
1428.97461    0.88624    0.08413
1429.30334    0.90737    0.08243
1429.63208    1.00454    0.08350
1429.96179    0.95442    0.08249
1430.29077    0.92583    0.08287
1430.62048    0.99904    0.08479
1430.94971    0.98846    0.08652
1431.27954    1.05844    0.08644
1431.60901    0.92910    0.08530
1431.93823    0.77584    0.08002
1432.26855    1.00214    0.08532
1432.59790    1.03415    0.08587
1432.92822    0.99507    0.08488
1433.25793    0.92879    0.08497
1433.58850    0.81271    0.08419
1433.91821    0.82326    0.08674
1434.24817    0.98532    0.08996
1434.57886    0.70765    0.08795
1434.90894    0.97184    0.08723
1435.23975    0.92929    0.09048
1435.56995    0.76391    0.08655
1435.90088    0.81156    0.08894
1436.23120    0.91795    0.08799
1436.56177    0.85771    0.08467
1436.89294    0.79883    0.08269
1437.22363    1.08080    0.08737
1437.55493    1.08433    0.08419
1437.88562    0.78896    0.08364
1438.21729    0.81596    0.08117
1438.54810    0.85077    0.08225
1438.87903    0.88819    0.08410
1439.21094    0.84324    0.08171
1439.54187    0.82163    0.08255
1439.87390    0.93661    0.08445
1440.20520    1.07340    0.08704
1440.53735    0.90316    0.08564
1440.86865    0.91352    0.08258
1441.20093    0.90828    0.08479
1441.53235    0.85675    0.08153
1441.86401    0.89947    0.08102
1442.19653    1.02106    0.08218
1442.52832    0.85574    0.07972
1442.86096    0.86267    0.08100
1443.19287    0.98273    0.08406
1443.52563    0.93177    0.08587
1443.85779    0.83549    0.08514
1444.18994    0.93437    0.08440
1444.52295    0.74393    0.08260
1444.85522    0.88275    0.08437
1445.18848    0.93570    0.08811
1445.52087    0.83016    0.08211
1445.85425    0.78468    0.08071
1446.18677    0.91288    0.08273
1446.51953    0.94082    0.08262
1446.85315    0.82610    0.08025
1447.18591    0.87692    0.08297
1447.51978    0.88994    0.08517
1447.85266    0.80632    0.09000
1448.18665    0.80020    0.10570
1448.51965    0.68621    0.12107
1448.85291    0.85301    0.11622
1449.18701    0.88068    0.10437
1449.52051    0.78886    0.09244
1449.85474    0.77879    0.08574
1450.18811    0.87243    0.08442
1450.52258    0.88154    0.08420
1450.85632    0.86574    0.08350
1451.19006    0.89024    0.08273
1451.52478    0.96450    0.08375
1451.85876    0.93802    0.08493
1452.19348    0.75389    0.08093
1452.52747    0.86393    0.08071
1452.86243    0.99592    0.08254
1453.19666    0.93986    0.08284
1453.53101    0.87968    0.08263
1453.86609    0.90534    0.08243
1454.20068    0.88116    0.08149
1454.53589    0.84135    0.08206
1454.87061    1.02795    0.08486
1455.20605    0.81927    0.08337
1455.54089    0.69343    0.08129
1455.87561    0.84038    0.08232
1456.21155    0.81027    0.08116
1456.54639    0.83138    0.08091
1456.88220    0.80684    0.07878
1457.21741    0.81428    0.07600
1457.55347    0.84279    0.07783
1457.88867    0.83939    0.07693
1458.22412    0.79453    0.07674
1458.56042    0.77225    0.07592
1458.89600    0.80614    0.07582
1459.23230    0.64175    0.07362
1459.56799    0.65757    0.07469
1459.90466    0.78848    0.07495
1460.24060    0.61278    0.07473
1460.57642    0.76921    0.07599
1460.91333    0.74790    0.07552
1461.24927    0.69425    0.07521
1461.58630    0.70059    0.07436
1461.92249    0.70921    0.07539
1462.25964    0.66190    0.07614
1462.59595    0.65564    0.07652
1462.93250    0.67856    0.07703
1463.26990    0.75125    0.08289
1463.60657    0.70750    0.07875
1463.94397    0.65674    0.07527
1464.28064    0.80922    0.07848
1464.61829    0.67567    0.07659
1464.95532    0.52880    0.07249
1465.29236    0.73008    0.07879
1465.63037    0.77351    0.07664
1465.96753    0.62419    0.07926
1466.30542    0.81658    0.07956
1466.64282    0.85898    0.08017
1466.98096    0.62187    0.07672
1467.31836    0.49340    0.07552
1467.65686    0.64787    0.07702
1467.99451    0.78939    0.07895
1468.33215    0.62349    0.07612
1468.67078    0.71873    0.07729
1469.00854    0.63958    0.07642
1469.34741    0.63450    0.07788
1469.68530    0.73963    0.07835
1470.02429    0.83804    0.07917
1470.36243    0.86951    0.08121
1470.70068    0.85660    0.08080
1471.03979    0.68140    0.07622
1471.37830    0.71333    0.07672
1471.71753    0.73018    0.07513
1472.05615    0.65921    0.07413
1472.39563    0.75115    0.07766
1472.73425    0.74726    0.07887
1473.07300    0.87108    0.07849
1473.41284    0.84517    0.07650
1473.75171    0.70543    0.07306
1474.09167    0.64543    0.07257
1474.43079    0.72225    0.07538
1474.77075    0.75207    0.07854
1475.10999    0.70759    0.07888
1475.44946    0.77257    0.08010
1475.78955    0.79319    0.07780
1476.12915    0.65902    0.07516
1476.46948    0.58593    0.07300
1476.80908    0.83001    0.07902
1477.14966    0.71742    0.07492
1477.48938    0.71429    0.07534
1477.82935    0.80779    0.07649
1478.17029    0.78744    0.07659
1478.51013    0.69274    0.07363
1478.85120    0.74746    0.07391
1479.19128    0.92318    0.07841
1479.53247    0.87195    0.07737
1479.87280    0.79508    0.07415
1480.21338    0.86901    0.07535
1480.55457    0.90914    0.07548
1480.89514    0.81416    0.07530
1481.23669    0.90173    0.07618
1481.57739    0.86378    0.07541
1481.91907    0.78413    0.07427
1482.26001    0.78240    0.07339
1482.60107    0.79391    0.07305
1482.94299    0.88632    0.07465
1483.28394    0.76193    0.07140
1483.62598    0.79776    0.07459
1483.96741    0.91966    0.07594
1484.30957    0.88825    0.07640
1484.65100    0.76669    0.07369
1484.99255    0.93879    0.07639
1485.33508    0.98168    0.07986
1485.67676    0.90371    0.07423
1486.01929    0.93427    0.07946
1486.36108    0.96442    0.07878
1486.70398    0.77527    0.07829
1487.04602    0.98300    0.07862
1487.38806    0.96562    0.07917
1487.73108    0.91169    0.07796
1488.07324    0.83085    0.07596
1488.41638    0.87161    0.07740
1488.75891    1.12208    0.07935
1489.10205    0.71509    0.07423
1489.44482    0.88019    0.07436
1489.78723    0.90230    0.07764
1490.13098    0.83637    0.07690
1490.47375    0.94525    0.07984
1490.81738    1.03409    0.08064
1491.16040    1.00547    0.07844
1491.50427    1.04085    0.08164
1491.84741    0.94587    0.07825
1492.19055    0.99483    0.07935
1492.53455    1.16597    0.08149
1492.87805    1.01175    0.08017
1493.22217    0.87193    0.07930
1493.56567    1.02844    0.08039
1493.91016    0.95740    0.07604
1494.25378    1.00025    0.08028
1494.59839    1.13869    0.08213
1494.94226    0.87899    0.07931
1495.28625    1.15647    0.08085
1495.63098    0.99073    0.07753
1495.97498    1.04348    0.07833
1496.31995    1.04454    0.07876
1496.66418    0.89889    0.07794
1497.00940    1.11257    0.07982
1497.35364    1.05851    0.08114
1497.69812    1.04424    0.08008
1498.04358    1.02667    0.07993
1498.38818    1.02715    0.07938
1498.73376    1.06731    0.08068
1499.07861    1.06806    0.07866
1499.42419    0.98154    0.07733
1499.76917    0.96700    0.07752
1500.11414    1.14737    0.08447
1500.45996    1.17678    0.08122
1500.80530    1.03899    0.07847
1501.15137    1.14702    0.08165
1501.49658    1.16423    0.08266
1501.84290    1.03514    0.07708
1502.18835    1.04145    0.07742
1502.53394    1.03899    0.07734
1502.88049    0.98356    0.07660
1503.22632    1.07697    0.07899
1503.57288    1.02333    0.07608
1503.91882    0.98819    0.07469
1504.26550    1.08684    0.07612
1504.61157    1.04950    0.07611
1504.95764    0.88912    0.07444
1505.30469    0.96792    0.07348
1505.65100    0.97960    0.07473
1505.99817    0.98775    0.07639
1506.34473    1.07535    0.07673
1506.69202    1.11635    0.07705
1507.03870    1.07351    0.07581
1507.38525    1.09355    0.07651
1507.73303    1.11425    0.07604
1508.07971    0.91270    0.07421
1508.42761    0.96751    0.07582
1508.77454    1.10495    0.07655
1509.12256    1.01803    0.07472
1509.46960    0.85046    0.07199
1509.81702    0.93793    0.07289
1510.16504    1.05020    0.07377
1510.51245    1.06304    0.07400
1510.86084    1.05610    0.07832
1511.20837    1.04504    0.07592
1511.55688    0.93983    0.07113
1511.90454    0.90998    0.06933
1512.25244    1.07893    0.07382
1512.60107    1.01441    0.07196
1512.94910    0.90658    0.06946
1513.29797    0.95706    0.07043
1513.64624    0.97696    0.07045
1513.99524    1.01493    0.06985
1514.34338    0.88344    0.06809
1514.69189    0.88006    0.06867
1515.04114    0.98925    0.07048
1515.38965    1.01137    0.07021
1515.73914    0.91364    0.06979
1516.08777    0.95815    0.07072
1516.43750    0.95302    0.06866
1516.78625    1.04667    0.06896
1517.13513    1.08815    0.06978
1517.48511    1.00215    0.06861
1517.83411    1.00193    0.06939
1518.18408    1.03836    0.06949
1518.53345    0.92974    0.06950
1518.88354    1.05215    0.06930
1519.23291    1.12051    0.06983
1519.58337    0.96180    0.06801
1519.93286    0.96341    0.06704
1520.28247    1.06088    0.06802
1520.63318    1.02557    0.06923
1520.98303    1.05573    0.06892
1521.33362    1.04396    0.06909
1521.68359    0.93060    0.06663
1522.03455    0.92938    0.06627
1522.38464    1.00002    0.06648
1522.73499    1.10783    0.06982
1523.08606    1.08308    0.06849
1523.43640    1.03116    0.06847
1523.78772    1.04744    0.06795
1524.13831    1.05611    0.06769
1524.48975    1.12128    0.06933
1524.84045    0.98343    0.06667
1525.19116    0.99615    0.06693
1525.54297    1.07807    0.06790
1525.89392    1.06128    0.06870
1526.24585    1.04970    0.06690
1526.59692    1.03396    0.06586
1526.94885    0.98633    0.06640
1527.30017    1.00652    0.06569
1527.65161    1.04168    0.06676
1528.00391    0.91255    0.06243
1528.35535    0.57877    0.05806
1528.70776    0.46853    0.05455
1529.05945    0.31359    0.05057
1529.41211    0.33697    0.05195
1529.76379    0.56654    0.05764
1530.11572    0.76469    0.06035
1530.46863    0.76092    0.06208
1530.82080    0.87087    0.06147
1531.17383    0.55618    0.05534
1531.52600    0.32522    0.05078
1531.87915    0.24951    0.04936
1532.23157    0.32886    0.05163
1532.58411    0.77599    0.06083
1532.93750    1.09131    0.06684
1533.29004    0.98511    0.06574
1533.64368    1.01416    0.06513
1533.99658    1.12184    0.06898
1534.35022    1.09349    0.06771
1534.70312    1.07946    0.06720
1535.05615    1.10729    0.06932
1535.41028    1.21859    0.07064
1535.76343    1.14332    0.06924
1536.11768    1.09255    0.06885
1536.47095    1.18730    0.06867
1536.82532    1.15063    0.06813
1537.17883    1.18685    0.06755
1537.53247    1.19368    0.06943
1537.88708    1.10216    0.06655
1538.24072    0.95285    0.06464
1538.59546    0.81109    0.06100
1538.94946    0.69560    0.05753
1539.30432    0.59157    0.05480
1539.65857    0.49388    0.05320
1540.01257    0.53256    0.05385
1540.36780    0.66823    0.05710
1540.72217    0.81773    0.06070
1541.07739    0.94162    0.06252
1541.43201    0.87546    0.06147
1541.78748    0.81356    0.05933
1542.14221    0.71333    0.05917
1542.49683    0.52958    0.05384
1542.85254    0.36138    0.05152
1543.20752    0.39640    0.05258
1543.56335    0.59644    0.05635
1543.91846    0.89878    0.06238
1544.27454    1.21868    0.06679
1544.62964    1.18271    0.06550
1544.98499    0.85992    0.06198
1545.34131    0.83398    0.05990
1545.69678    0.63229    0.05629
1546.05322    0.72890    0.05769
1546.40894    0.94397    0.06323
1546.76562    1.09993    0.06535
1547.12134    1.11913    0.06566
1547.47815    1.01632    0.06472
1547.83423    1.07080    0.06551
1548.19019    0.80352    0.06100
1548.54724    0.57414    0.05668
1548.90344    0.58815    0.05761
1549.26050    0.74722    0.06096
1549.61707    0.87513    0.06302
1549.97424    0.95645    0.06471
1550.33093    1.11987    0.06649
1550.68762    1.01004    0.06394
1551.04517    0.78427    0.06144
1551.40198    0.75044    0.06010
1551.75977    0.83572    0.06159
1552.11670    0.82091    0.06345
1552.47461    0.96107    0.06551
1552.83179    1.03901    0.06807
1553.18909    1.02464    0.06742
1553.54712    1.02337    0.06672
1553.90454    1.02912    0.06538
1554.26282    0.97957    0.06552
1554.62048    1.23642    0.06902
1554.97900    1.16230    0.06910
1555.33667    0.99757    0.06665
1555.69434    1.11211    0.06687
1556.05310    1.15677    0.06814
1556.41125    1.09901    0.06631
1556.77014    0.96698    0.06617
1557.12817    1.00165    0.06761
1557.48730    1.04495    0.06719
1557.84558    0.98487    0.06713
1558.20398    1.04212    0.06589
1558.56323    1.01086    0.06590
1558.92175    1.01398    0.06468
1559.28137    0.97449    0.06453
1559.64001    0.95609    0.06346
1559.99963    1.01233    0.06610
1560.35852    1.02191    0.06674
1560.71741    0.97578    0.06455
1561.07727    1.04108    0.06650
1561.43652    0.92265    0.06435
1561.79663    0.86899    0.06412
1562.15576    0.99325    0.06623
1562.51599    0.88412    0.06548
1562.87561    1.03015    0.06591
1563.23511    0.86255    0.06253
1563.59546    0.90852    0.06596
1563.95520    1.03390    0.06993
1564.31592    0.98811    0.06745
1564.67578    1.06415    0.06748
1565.03662    0.96648    0.06605
1565.39673    0.95529    0.06599
1565.75671    1.00452    0.06561
1566.11792    1.04375    0.06701
1566.47815    1.03747    0.06830
1566.83923    0.98032    0.06964
1567.19983    0.94346    0.06846
1567.56116    0.93461    0.06562
1567.92188    0.97779    0.06677
1568.28247    1.01662    0.06790
1568.64417    1.02098    0.06814
1569.00500    1.02269    0.06839
1569.36682    0.89487    0.06686
1569.72791    0.96797    0.06928
1570.08984    0.99738    0.06874
1570.45105    1.00825    0.06828
1570.81226    1.02384    0.07049
1571.17456    0.85737    0.06870
1571.53601    0.98028    0.06904
1571.89832    0.96275    0.07066
1572.26001    0.97820    0.06810
1572.62244    1.00582    0.07102
1572.98425    0.99790    0.06923
1573.34607    1.08938    0.07194
1573.70886    0.94151    0.07038
1574.07104    0.87716    0.06841
1574.43408    0.92571    0.07026
1574.79614    0.97173    0.07141
1575.15930    0.94824    0.07301
1575.52161    0.90609    0.07021
1575.88501    0.90719    0.07041
1576.24756    1.11282    0.07941
1576.61023    1.15162    0.07670
1576.97363    1.03271    0.07414
1577.33643    0.96613    0.06985
1577.70020    0.96741    0.07009
1578.06311    1.05307    0.07291
1578.42712    0.96569    0.07107
1578.79016    1.01184    0.07258
1579.15332    1.03237    0.07272
1579.51746    0.90547    0.06969
1579.88086    0.99676    0.07243
1580.24512    0.96308    0.06995
1580.60876    0.97795    0.07269
1580.97314    1.06560    0.07029
1581.33691    1.05727    0.07309
1581.70068    0.98101    0.07140
1582.06543    1.10068    0.07285
1582.42944    0.97807    0.07008
1582.79431    0.97553    0.07030
1583.15845    1.01202    0.07012
1583.52344    1.02800    0.07160
1583.88770    1.01642    0.06934
1584.25220    0.96372    0.06911
1584.61743    1.09654    0.07082
1584.98193    0.98924    0.06966
1585.34753    0.96992    0.07003
1585.71228    1.00338    0.07113
1586.07788    0.93124    0.07055
1586.44275    0.94345    0.07092
1586.80762    0.96787    0.07030
1587.17358    1.08065    0.07075
1587.53882    0.96204    0.06902
1587.90479    0.91578    0.06892
1588.27002    1.12080    0.07226
1588.63647    1.03612    0.07192
1589.00183    1.05512    0.07205
1589.36743    1.02431    0.06898
1589.73389    1.01095    0.07036
1590.09961    1.03664    0.07135
1590.46631    1.01682    0.06989
1590.83215    0.92543    0.06835
1591.19910    1.02719    0.06919
1591.56506    1.00376    0.06941
1591.93115    1.04617    0.06978
1592.29834    0.99185    0.06848
1592.66455    0.81302    0.06662
1593.03186    0.99754    0.06921
1593.39844    1.05102    0.07025
1593.76575    0.92327    0.06789
1594.13245    0.98709    0.06918
1594.49915    1.08326    0.07127
1594.86682    1.01896    0.06924
1595.23376    1.09773    0.07064
1595.60168    1.09931    0.06893
1595.96863    0.95309    0.06890
1596.33667    0.92751    0.06739
1596.70398    0.97645    0.06945
1597.07117    0.97278    0.06798
1597.43945    1.02448    0.06800
1597.80701    0.98485    0.06787
1598.17542    0.99490    0.06768
1598.54309    1.04193    0.06958
1598.91174    1.04979    0.06986
1599.27966    1.05614    0.06888
1599.64746    1.14558    0.06957
1600.01636    0.92602    0.06811
1600.38440    0.97522    0.06786
1600.75354    1.00264    0.06967
1601.12170    1.01238    0.07040
1601.49097    1.08824    0.07059
1601.85950    0.95899    0.06984
1602.22791    0.96769    0.06989
1602.59741    1.01488    0.07025
1602.96606    0.91965    0.06819
1603.33557    0.88835    0.06654
1603.70447    1.04776    0.06957
1604.07434    1.04666    0.06988
1604.44336    0.99028    0.06866
1604.81323    1.15535    0.07031
1605.18262    1.05349    0.07016
1605.55164    0.95664    0.06900
1605.92200    1.13978    0.07011
1606.29138    0.99930    0.06922
1606.66187    0.96273    0.06838
1607.03149    0.96048    0.06894
1607.40198    0.96626    0.06711
1607.77185    0.95566    0.06770
1608.14172    0.95640    0.06752
1608.51245    1.04019    0.06878
1608.88257    0.99753    0.06828
1609.25354    1.03599    0.06871
1609.62378    0.97121    0.06940
1609.99500    0.91516    0.06631
1610.36523    1.00827    0.06787
1610.73584    1.00643    0.06759
1611.10730    0.98422    0.06722
1611.47778    1.03742    0.06658
1611.84937    1.02232    0.06951
1612.22034    1.00000    0.06700
1612.59204    1.04468    0.06708
1612.96289    1.01064    0.06978
1613.33398    1.07769    0.06878
1613.70605    1.00795    0.06518
1614.07727    0.97415    0.06403
1614.44946    1.02816    0.06689
1614.82092    1.07594    0.06613
1615.19324    1.06408    0.06673
1615.56482    0.91190    0.06651
1615.93652    1.03666    0.06662
1616.30908    0.96280    0.06458
1616.68103    0.87443    0.06200
1617.05383    1.05104    0.06656
1617.42578    1.00213    0.06581
1617.79871    1.11668    0.06709
1618.17102    1.04597    0.06708
1618.54321    0.93937    0.06337
1618.91650    1.01337    0.06573
1619.28894    1.14525    0.06746
1619.66223    0.99094    0.06412
1620.03491    1.08885    0.06634
1620.40845    1.08700    0.06597
1620.78125    1.00013    0.06589
1621.15417    0.99057    0.06572
1621.52795    1.07629    0.06735
1621.90100    1.06044    0.06669
1622.27502    0.95872    0.06565
1622.64819    1.09059    0.06621
1623.02234    1.10421    0.06708
1623.39575    0.98793    0.06449
1623.76917    0.99206    0.06473
1624.14368    1.08193    0.06555
1624.51721    1.09242    0.06660
1624.89185    1.12296    0.06669
1625.26562    1.08652    0.06650
1625.64050    1.00200    0.06426
1626.01453    0.99058    0.06511
1626.38843    1.07391    0.06601
1626.76355    1.07487    0.06653
1627.13770    1.03324    0.06567
1627.51306    1.02012    0.06563
1627.88733    1.03629    0.06508
1628.26282    1.02660    0.06557
1628.63733    0.96426    0.06416
1629.01196    0.96744    0.06358
1629.38770    1.05451    0.06342
1629.76257    1.07597    0.06559
1630.13831    1.05595    0.06441
1630.51331    1.08472    0.06634
1630.88940    1.09873    0.06607
1631.26453    1.10982    0.06605
1631.63977    1.04395    0.06703
1632.01611    0.96388    0.06232
1632.39148    1.00094    0.06310
1632.76794    1.10214    0.06517
1633.14355    0.97716    0.06336
1633.52014    0.90258    0.06199
1633.89600    1.07773    0.06391
1634.27271    1.13116    0.06560
1634.64868    1.00402    0.06328
1635.02478    0.93800    0.06089
1635.40161    0.99127    0.06180
1635.77795    0.94375    0.06225
1636.15515    0.93130    0.06082
1636.53162    1.00207    0.06325
1636.90894    1.06087    0.06468
1637.28540    1.02979    0.06415
1637.66211    0.99371    0.06289
1638.03967    0.98850    0.06269
1638.41663    0.94531    0.06281
1638.79443    1.00863    0.06348
1639.17151    1.04308    0.06395
1639.54932    0.97146    0.06283
1639.92664    1.11037    0.06332
1640.30383    0.95556    0.06164
1640.68201    0.97827    0.06212
1641.05957    1.04270    0.06330
1641.43799    1.00592    0.06269
1641.81555    0.98086    0.06072
1642.19421    1.11598    0.06376
1642.57202    1.09087    0.06509
1642.94983    0.94598    0.06179
1643.32874    0.93021    0.06332
1643.70679    0.97052    0.06210
1644.08582    0.90727    0.06041
1644.46399    0.91806    0.06103
1644.84314    1.01562    0.06262
1645.22156    1.00213    0.06172
1645.60010    1.00502    0.06239
1645.97961    0.97925    0.06183
1646.35815    0.86354    0.06037
1646.73779    0.88611    0.06093
1647.11670    0.86625    0.05957
1647.49658    0.96375    0.06102
1647.87549    0.93256    0.05957
1648.25452    0.85812    0.05850
1648.63477    0.93300    0.05991
1649.01392    0.92455    0.06037
1649.39429    0.94641    0.06060
1649.77356    0.98223    0.06093
