1410.11060    1.38299    0.09096
1410.43494    1.39649    0.09303
1410.76013    1.50007    0.09204
1411.08472    1.30620    0.09163
1411.41016    1.30120    0.08873
1411.73474    1.33426    0.09166
1412.06030    1.31767    0.09024
1412.38525    1.35628    0.09246
1412.71082    1.34228    0.09394
1413.03589    1.45384    0.09377
1413.36096    1.34990    0.09321
1413.68677    1.21654    0.08913
1414.01208    1.27137    0.09096
1414.33813    1.36291    0.09184
1414.66345    1.13017    0.08966
1414.98975    1.22065    0.09002
1415.31519    1.20235    0.09044
1415.64075    1.19986    0.09114
1415.96729    1.32185    0.09462
1416.29297    1.37287    0.09429
1416.61963    1.20762    0.09159
1416.94543    1.26053    0.09141
1417.27222    1.26297    0.08905
1417.59827    1.31153    0.09081
1417.92432    1.34002    0.09184
1418.25134    1.20531    0.08944
1418.57764    1.19334    0.08780
1418.90479    1.06350    0.08520
1419.23120    1.10609    0.08550
1419.55847    1.24050    0.08932
1419.88501    1.26919    0.08788
1420.21167    1.19655    0.08703
1420.53918    1.26418    0.08864
1420.86597    1.21588    0.08672
1421.19360    1.13421    0.08679
1421.52051    1.15083    0.08678
1421.84839    1.20177    0.08660
1422.17554    1.13421    0.08701
1422.50256    1.02640    0.08487
1422.83069    1.09537    0.08563
1423.15796    1.14007    0.08777
1423.48621    1.08378    0.08724
1423.81360    1.04117    0.08678
1424.14185    1.10206    0.08713
1424.46960    1.10127    0.08408
1424.79724    1.11116    0.08499
1425.12573    1.10438    0.08639
1425.45374    1.08889    0.08586
1425.78235    1.03477    0.08502
1426.11035    0.99071    0.08588
1426.43933    1.15479    0.08738
1426.76746    1.01625    0.08508
1427.09558    0.97105    0.08194
1427.42468    0.94364    0.08588
1427.75317    0.95283    0.08499
1428.08228    1.09192    0.08613
1428.41089    1.03671    0.08450
1428.74011    1.11595    0.08455
1429.06885    0.98765    0.08267
1429.39771    0.94594    0.08241
1429.72729    1.07217    0.08727
1430.05615    1.08888    0.08745
1430.38599    1.01462    0.08309
1430.71509    1.03045    0.08161
1431.04492    1.02950    0.08305
1431.37415    1.01714    0.08256
1431.70349    1.06099    0.08428
1432.03357    1.12976    0.08327
1432.36304    1.02422    0.08051
1432.69336    0.85700    0.07989
1433.02283    0.87696    0.07892
1433.35339    0.99092    0.08101
1433.68311    0.98909    0.07937
1434.01294    0.87805    0.07805
1434.34363    0.97079    0.07817
1434.67358    0.84901    0.07643
1435.00439    0.91196    0.07820
1435.33447    0.96739    0.07960
1435.66541    0.93726    0.08011
1435.99573    0.96958    0.07910
1436.32617    0.89880    0.07762
1436.65735    0.84981    0.07804
1436.98779    0.95007    0.08157
1437.31921    1.00539    0.08229
1437.64978    0.95319    0.08002
1437.98132    0.92377    0.07762
1438.31213    0.94576    0.07931
1438.64380    1.10025    0.08350
1438.97473    1.00461    0.08079
1439.30591    0.84530    0.07925
1439.63770    0.83730    0.07800
1439.96899    0.92113    0.07961
1440.30090    0.95365    0.07914
1440.63232    1.07935    0.08057
1440.96448    0.99362    0.07990
1441.29602    0.89403    0.08038
1441.62756    0.93409    0.08136
1441.95996    0.98014    0.08144
1442.29175    0.88562    0.07796
1442.62439    0.76008    0.07591
1442.95618    0.89705    0.07638
1443.28894    0.92542    0.07761
1443.62097    0.82953    0.07378
1443.95312    0.84317    0.07610
1444.28601    0.58429    0.07728
1444.61829    0.82320    0.08481
1444.95142    0.75110    0.08930
1445.28381    0.70884    0.08592
1445.61719    0.88063    0.08367
1445.94971    0.90736    0.08298
1446.28223    0.84142    0.08069
1446.61584    0.76294    0.07753
1446.94861    0.71582    0.07409
1447.28235    0.73010    0.07385
1447.61523    0.78457    0.07539
1447.94897    0.85776    0.07779
1448.28210    0.96357    0.07660
1448.61523    0.76505    0.07111
1448.94934    0.79680    0.08445
1449.28271    0.82661    0.09075
1449.61694    0.72263    0.09625
1449.95044    0.68246    0.10206
1450.28479    0.62595    0.09706
1450.61829    0.69014    0.08254
1450.95203    0.71345    0.07470
1451.28662    0.70417    0.07360
1451.62048    0.65193    0.07442
1451.95520    0.57981    0.07329
1452.28931    0.70925    0.07274
1452.62427    0.55070    0.06883
1452.95837    0.54792    0.06822
1453.29260    0.65703    0.06984
1453.62781    0.71832    0.07172
1453.96216    0.72649    0.07098
1454.29749    0.69122    0.07356
1454.63208    0.63856    0.07372
1454.96741    0.59879    0.07086
1455.30212    0.65734    0.07038
1455.63696    0.75325    0.07160
1455.97253    0.72956    0.07126
1456.30750    0.65695    0.07328
1456.64331    0.79831    0.08277
1456.97852    0.73412    0.08118
1457.31445    0.66112    0.07569
1457.64978    0.68211    0.07128
1457.98499    0.65915    0.06871
1458.32117    0.73537    0.06954
1458.65674    0.61370    0.07942
1458.99304    1.34057    0.14418
1459.32874    1.27135    0.28790
1459.66528    0.54040    0.32368
1460.00110    0.93960    0.60614
1460.33691    1.10853    0.43938
1460.67371    0.76541    0.12722
1461.00977    0.68466    0.09222
1461.34656    0.66355    0.08533
1461.68274    0.57941    0.07710
1462.01990    0.63666    0.07103
1462.35608    0.55214    0.06391
1462.69250    0.53363    0.06183
1463.02991    0.58098    0.06377
1463.36633    0.60639    0.06459
1463.70386    0.54278    0.06216
1464.04065    0.44504    0.06060
1464.37817    0.50945    0.06535
1464.71509    0.55208    0.06809
1465.05286    0.51674    0.06485
1465.38989    0.47248    0.06134
1465.72693    0.42648    0.06140
1466.06494    0.37113    0.06341
1466.40234    0.43076    0.06734
1466.74036    0.30338    0.06917
1467.07776    0.37802    0.06492
1467.41614    0.43029    0.06100
1467.75366    0.42713    0.05925
1468.09131    0.56987    0.06113
1468.42993    0.46681    0.05844
1468.76770    0.33639    0.05539
1469.10645    0.37345    0.05653
1469.44434    0.44166    0.05941
1469.78320    0.44639    0.05802
1470.12134    0.44530    0.05796
1470.45947    0.42682    0.05851
1470.79871    0.34736    0.05836
1471.13696    0.43687    0.06130
1471.47620    0.40604    0.06788
1471.81482    0.26018    0.06448
1472.15405    0.34118    0.05542
1472.49280    0.44190    0.06190
1472.83154    0.38509    0.06384
1473.17114    0.36591    0.06126
1473.51001    0.37644    0.06585
1473.84985    0.51075    0.10925
1474.18896    0.65310    0.23560
1474.52881    0.04406    0.20649
1474.86804    0.31416    0.14479
1475.20728    0.44647    0.09201
1475.54761    0.41697    0.06444
1475.88708    0.40228    0.05606
1476.22729    0.28472    0.05258
1476.56702    0.31986    0.06076
1476.90747    0.34851    0.06697
1477.24719    0.36544    0.06971
1477.58704    0.39275    0.06778
1477.92773    0.39032    0.07400
1478.26782    0.33897    0.05555
1478.60864    0.36848    0.05450
1478.94873    0.28175    0.05346
1479.28979    0.33414    0.05375
1479.63013    0.30737    0.05625
1479.97058    0.26124    0.05504
1480.31177    0.44601    0.05687
1480.65234    0.35263    0.05522
1480.99377    0.36185    0.05465
1481.33447    0.48114    0.05694
1481.67615    0.49792    0.05706
1482.01685    0.41603    0.05584
1482.35779    0.43834    0.05553
1482.69971    0.50694    0.05753
1483.04077    0.43678    0.05737
1483.38281    0.53442    0.05838
1483.72400    0.58645    0.06046
1484.06628    0.48989    0.05710
1484.40759    0.47645    0.05472
1484.74915    0.55497    0.05724
1485.09143    0.44626    0.05572
1485.43311    0.50770    0.05571
1485.77563    0.50156    0.05905
1486.11743    0.45579    0.05810
1486.46008    0.63108    0.05964
1486.80200    0.47652    0.05720
1487.14417    0.49678    0.05688
1487.48706    0.55698    0.06059
1487.82922    0.59865    0.06022
1488.17236    0.62481    0.06005
1488.51477    0.61602    0.05957
1488.85791    0.60880    0.05970
1489.20044    0.70562    0.06078
1489.54309    0.61613    0.05711
1489.88647    0.59307    0.05936
1490.22925    0.69696    0.06057
1490.57288    0.65438    0.06017
1490.91589    0.63362    0.05870
1491.25964    0.76256    0.06165
1491.60266    0.61951    0.05856
1491.94666    0.51448    0.05692
1492.28979    0.66680    0.05944
1492.63318    0.81224    0.06321
1492.97742    0.76788    0.06319
1493.32080    0.62718    0.06050
1493.66516    0.71826    0.06148
1494.00879    0.73500    0.06060
1494.35327    0.63073    0.06145
1494.69702    0.71113    0.06089
1495.04089    0.68314    0.06052
1495.38574    0.70883    0.06192
1495.72974    0.73422    0.06136
1496.07458    0.75222    0.06295
1496.41882    0.72964    0.06162
1496.76379    0.67283    0.06241
1497.10815    0.78992    0.06477
1497.45251    0.71493    0.06752
1497.79797    0.79951    0.06805
1498.14246    0.82081    0.07051
1498.48792    0.72684    0.06732
1498.83264    0.77003    0.06719
1499.17822    0.67146    0.06739
1499.52319    0.76520    0.06839
1499.86816    0.70493    0.06404
1500.21399    0.72071    0.06555
1500.55908    0.83720    0.06600
1500.90515    0.76756    0.06625
1501.25049    0.85670    0.06602
1501.59656    0.85503    0.06576
1501.94202    0.78845    0.06132
1502.28760    0.80205    0.06313
1502.63391    0.85771    0.06293
1502.97961    0.83069    0.06349
1503.32617    0.92613    0.06446
1503.67212    1.01191    0.06723
1504.01880    0.91557    0.06463
1504.36487    0.85603    0.06421
1504.71082    0.84195    0.06167
1505.05786    0.70075    0.06338
1505.40417    0.79893    0.07179
1505.75134    0.73890    0.07627
1506.09766    0.80084    0.07434
1506.44495    0.89138    0.06879
1506.79150    0.86784    0.06719
1507.13806    0.83512    0.06800
1507.48572    0.92843    0.06979
1507.83252    0.87523    0.06630
1508.18030    0.86518    0.06327
1508.52722    0.90355    0.06368
1508.87500    0.90475    0.06411
1509.22217    0.90369    0.06536
1509.56934    1.05472    0.06779
1509.91748    1.01240    0.06695
1510.26477    0.97847    0.06648
1510.61304    1.01285    0.06550
1510.96057    1.06523    0.07022
1511.30908    1.07892    0.06934
1511.65662    0.99498    0.06751
1512.00452    0.98797    0.08410
1512.35303    0.99420    0.07892
1512.70105    1.10495    0.08334
1513.04980    1.19520    0.08808
1513.39795    1.06335    0.09356
1513.74695    1.13643    0.08568
1514.09509    1.06958    0.07477
1514.44348    1.00482    0.06795
1514.79260    1.01162    0.06514
1515.14111    1.04933    0.06542
1515.49060    1.08309    0.06687
1515.83923    1.14641    0.06923
1516.18872    1.13103    0.06967
1516.53748    1.05605    0.06769
1516.88647    1.00373    0.06450
1517.23621    1.01186    0.06408
1517.58521    1.01840    0.06277
1517.93518    0.93710    0.06528
1518.28430    1.04299    0.07144
1518.63452    1.10205    0.07432
1518.98376    1.06464    0.06803
1519.33411    0.96698    0.06098
1519.68372    0.86469    0.05813
1520.03320    0.92865    0.06205
1520.38379    0.80406    0.06500
1520.73352    0.82520    0.06809
1521.08411    0.95988    0.06458
1521.43408    1.04628    0.06245
1521.78491    1.06080    0.06182
1522.13501    1.02439    0.06235
1522.48523    0.93809    0.07128
1522.83630    0.87118    0.07135
1523.18665    0.86487    0.05554
1523.53784    0.87516    0.05958
1523.88831    0.88144    0.07622
1524.23975    1.06404    0.07926
1524.59045    1.17807    0.07715
1524.94116    1.08140    0.07335
1525.29272    1.01279    0.05768
1525.64368    1.00637    0.05577
1525.99548    0.90704    0.05324
1526.34656    1.07389    0.05549
1526.69849    1.14871    0.05859
1527.04980    1.04591    0.05511
1527.40100    0.96121    0.05383
1527.75330    1.01163    0.05441
1528.10474    1.09064    0.05630
1528.45703    1.05803    0.05574
1528.80872    0.98797    0.05377
1529.16113    1.02304    0.05331
1529.51294    1.00442    0.05168
1529.86487    0.94386    0.05282
1530.21765    1.02704    0.05452
1530.56970    0.98173    0.05289
1530.92261    0.98606    0.05088
1531.27478    1.04331    0.05159
1531.62793    1.05483    0.05078
1531.98022    1.01788    0.05069
1532.33276    1.00582    0.05000
1532.68616    0.95150    0.04830
1533.03870    1.02961    0.04884
1533.39221    1.04944    0.04967
1533.74487    1.02978    0.04872
1534.09863    1.04216    0.04900
1534.45154    1.03940    0.04843
1534.80457    0.96005    0.04604
1535.15845    1.00852    0.04805
1535.51160    1.02510    0.04721
1535.86572    1.02597    0.04815
1536.21899    1.02499    0.04720
1536.57324    0.98610    0.04697
1536.92676    1.07739    0.04820
1537.28027    1.03747    0.04796
1537.63477    1.00760    0.04657
1537.98853    1.00357    0.04504
1538.34314    0.97110    0.04511
1538.69702    0.93414    0.04363
1539.05188    0.98024    0.04503
1539.40601    0.95251    0.04434
1539.76013    1.03533    0.04560
1540.11523    1.06946    0.04614
1540.46948    0.97038    0.04411
1540.82471    0.93266    0.04364
1541.17920    0.97334    0.04413
1541.53455    0.96411    0.04343
1541.88916    0.97211    0.04416
1542.24390    1.01359    0.04466
1542.59961    1.01790    0.04539
1542.95447    0.93466    0.04262
1543.31018    0.90963    0.04307
1543.66528    1.01680    0.04470
1544.02124    1.02489    0.04542
1544.37634    0.98136    0.04439
1544.73169    0.96379    0.04407
1545.08789    0.93483    0.04369
1545.44336    0.98273    0.04419
1545.79968    1.00460    0.04434
1546.15540    1.01686    0.04499
1546.51196    1.04467    0.04504
1546.86768    1.04755    0.04572
1547.22437    0.98501    0.04382
1547.58032    0.99432    0.04417
1547.93628    1.05633    0.04630
1548.29321    1.05837    0.04620
1548.64941    1.01728    0.04581
1549.00659    1.02463    0.04570
1549.36292    1.08485    0.04635
1549.72021    0.99967    0.04528
1550.07666    0.98628    0.04509
1550.43335    1.03240    0.04589
1550.79089    1.02939    0.04598
1551.14746    0.98218    0.04554
1551.50525    0.99391    0.04553
1551.86218    0.98906    0.04622
1552.22009    1.01926    0.04674
1552.57703    1.04761    0.04749
1552.93433    1.05835    0.04736
1553.29236    1.01480    0.04607
1553.64978    0.93865    0.04623
1554.00793    1.08897    0.04859
1554.36548    1.07750    0.04863
1554.72388    0.97339    0.04699
1555.08154    0.97812    0.04739
1555.43933    1.07322    0.04962
1555.79797    1.03795    0.04888
1556.15588    0.94024    0.04752
1556.51477    1.01481    0.04764
1556.87280    1.01730    0.04881
1557.23193    0.99989    0.04864
1557.59009    1.03221    0.04910
1557.94836    0.99732    0.04878
1558.30762    0.96191    0.04827
1558.66614    1.03922    0.05157
1559.02551    1.05696    0.05003
1559.38428    1.00056    0.05062
1559.74390    0.94215    0.06122
1560.10266    0.92302    0.06049
1560.46155    0.97250    0.04957
1560.82141    0.96422    0.04982
1561.18042    0.96131    0.05049
1561.54053    0.96105    0.05043
1561.89978    0.96088    0.05346
1562.25989    0.98576    0.05446
1562.61926    0.95516    0.05419
1562.97876    1.04535    0.05263
1563.33911    1.03212    0.05293
1563.69885    0.99517    0.05155
1564.05933    1.00638    0.05264
1564.41919    0.96189    0.05201
1564.77991    1.01757    0.05302
1565.13989    0.98688    0.05255
1565.50000    0.98279    0.05332
1565.86096    0.99706    0.05281
1566.22119    0.98315    0.05356
1566.58240    0.97240    0.05303
1566.94275    0.98583    0.05349
1567.30408    1.08219    0.05565
1567.66467    0.99017    0.05416
1568.02527    0.93492    0.05354
1568.38696    1.02835    0.05462
1568.74768    1.00200    0.05466
1569.10938    1.02389    0.05645
1569.47034    1.00083    0.06114
1569.83228    1.00245    0.06412
1570.19348    1.01838    0.06775
1570.55469    1.02155    0.06761
1570.91687    1.02725    0.06824
1571.27832    1.00847    0.06836
1571.64062    1.06194    0.06967
1572.00208    1.03129    0.06941
1572.36462    1.02331    0.06852
1572.72632    1.06825    0.05892
1573.08813    0.99584    0.05775
1573.45093    0.98995    0.05771
1573.81287    0.99220    0.05655
1574.17578    0.93867    0.05609
1574.53796    0.93391    0.05641
1574.90100    0.99412    0.05776
1575.26331    0.97858    0.05816
1575.62659    0.96626    0.05704
1575.98901    0.95273    0.05676
1576.35168    1.02693    0.06000
1576.71509    1.05104    0.05946
1577.07788    0.98624    0.05847
1577.44153    1.01199    0.05856
1577.80432    1.03154    0.05946
1578.16809    0.97443    0.05910
1578.53125    0.98620    0.06081
1578.89441    0.97897    0.06175
1579.25842    0.93101    0.06366
1579.62183    0.99310    0.07385
1579.98608    0.99020    0.07539
1580.34949    1.01124    0.07433
1580.71399    0.99745    0.07401
1581.07764    0.97373    0.07307
1581.44128    0.99354    0.07095
1581.80591    1.04861    0.07683
1582.16980    1.09598    0.08099
1582.53479    1.11320    0.08172
1582.89880    1.01356    0.07709
1583.26379    0.93782    0.07365
1583.62805    0.97145    0.07760
1583.99231    1.00387    0.07205
1584.35767    1.06741    0.06593
1584.72205    1.08428    0.06523
1585.08752    0.95038    0.06398
1585.45215    0.91607    0.06414
1585.81775    1.05295    0.06413
1586.18250    1.05140    0.06273
1586.54749    0.98613    0.06073
1586.91333    1.00006    0.06243
1587.27844    1.01215    0.06327
1587.64441    1.00985    0.06274
1588.00964    1.02120    0.06271
1588.37585    1.03803    0.06304
1588.74121    1.03756    0.06331
1589.10681    0.94143    0.06244
1589.47314    0.97230    0.06330
1589.83887    1.01723    0.07618
1590.20544    1.01686    0.09076
1590.57129    1.12919    0.09494
1590.93799    1.07764    0.08435
1591.30408    0.98144    0.07854
1591.67004    0.95828    0.08165
1592.03711    0.97972    0.08264
1592.40344    0.98632    0.07678
1592.77063    0.99132    0.07275
1593.13696    1.03857    0.07097
1593.50439    1.02357    0.06703
1593.87097    0.99893    0.07018
1594.23755    1.01515    0.06979
1594.60522    1.03436    0.06864
1594.97205    0.98901    0.06633
1595.33997    0.99773    0.06711
1595.70691    1.12915    0.07427
1596.07483    1.03166    0.07606
1596.44202    0.94421    0.07406
1596.80933    1.04076    0.07206
1597.17749    1.01501    0.06853
1597.54504    0.96042    0.06616
1597.91333    0.95807    0.06618
1598.28088    1.05814    0.06896
1598.64954    1.04599    0.07314
1599.01733    0.93989    0.07483
1599.38513    1.03431    0.07300
1599.75391    0.94386    0.06677
1600.12195    0.98037    0.06580
1600.49097    1.02265    0.06618
1600.85913    1.06803    0.06782
1601.22827    1.13561    0.07280
1601.59668    1.11135    0.07865
1601.96509    0.98700    0.07356
1602.33459    0.96967    0.06684
1602.70312    1.03200    0.06507
1603.07275    1.06275    0.06570
1603.44153    1.06512    0.06960
1603.81128    1.11980    0.08102
1604.18030    1.03610    0.08349
1604.55017    0.94521    0.07495
1604.91919    1.05130    0.06963
1605.28845    1.02986    0.06156
1605.65869    0.86827    0.06306
1606.02795    1.05539    0.06412
1606.39832    1.03274    0.06471
1606.76794    1.00441    0.06458
1607.13843    1.08426    0.06660
1607.50818    1.12317    0.07103
1607.87793    1.01983    0.07284
1608.24866    0.95955    0.07107
1608.61865    1.17237    0.06892
1608.98962    1.08021    0.06586
1609.35986    1.05640    0.06608
1609.73083    1.05500    0.07686
1610.10120    0.94271    0.08349
1610.47168    0.96235    0.08160
1610.84302    1.15977    0.07233
1611.21362    1.04156    0.06378
1611.58521    1.01148    0.06552
1611.95581    1.02763    0.06325
1612.32751    0.99974    0.06466
1612.69849    1.12241    0.06647
1613.06946    1.04458    0.06546
1613.44153    1.03843    0.06478
1613.81262    1.09491    0.06561
1614.18481    1.02258    0.06265
1614.55615    0.90553    0.06491
1614.92847    1.05224    0.07089
1615.29993    1.03974    0.06910
1615.67163    1.06313    0.06573
1616.04407    1.05762    0.06633
1616.41589    1.11232    0.07119
1616.78857    1.19345    0.07884
1617.16052    1.06143    0.07600
1617.53345    0.98908    0.06799
1617.90564    0.98711    0.06281
1618.27771    1.04166    0.06365
1618.65088    1.10088    0.06603
1619.02332    1.12139    0.06663
1619.39673    1.08170    0.06518
1619.76917    0.94869    0.06271
1620.14270    1.10047    0.06574
1620.51538    1.05449    0.06362
1620.88831    0.95866    0.06323
1621.26196    1.06028    0.06512
1621.63489    1.08514    0.06507
1622.00891    0.96528    0.06353
1622.38208    1.07889    0.06664
1622.75610    1.05993    0.06646
1623.12952    1.02966    0.06776
1623.50293    1.10944    0.06622
1623.87720    1.04281    0.06564
1624.25085    1.14055    0.06996
1624.62537    1.04341    0.06997
1624.99915    1.05280    0.06719
1625.37390    1.03811    0.06353
1625.74768    0.92410    0.06068
1626.12183    1.02008    0.06385
1626.49670    0.97125    0.06030
1626.87097    0.97556    0.06279
1627.24609    0.99966    0.06181
1627.62048    1.04248    0.06356
1627.99573    1.04691    0.06189
1628.37024    0.92848    0.06485
1628.74487    1.02118    0.07523
1629.12048    1.03173    0.07993
1629.49524    0.96278    0.07518
1629.87097    0.95572    0.07431
1630.24585    1.04460    0.07685
1630.62183    1.06958    0.06490
1630.99695    0.93721    0.06182
1631.37305    1.00183    0.06339
1631.74841    0.98034    0.06424
1632.12366    0.91923    0.06025
1632.50012    0.99614    0.06375
1632.87573    1.07344    0.06689
1633.25232    0.89310    0.06526
1633.62793    0.99881    0.06499
1634.00476    0.96091    0.06373
1634.38062    0.92965    0.06121
1634.75659    1.06451    0.06429
1635.13354    0.98614    0.06197
1635.50977    0.96859    0.06100
1635.88684    0.93921    0.06083
1636.26318    0.96018    0.06292
1636.64038    0.99475    0.06210
1637.01697    0.98989    0.06487
1637.39355    0.99209    0.07829
1637.77112    1.02732    0.08031
1638.14795    1.08829    0.08156
1638.52576    1.09553    0.08101
1638.90259    1.01635    0.06551
1639.28052    0.95367    0.06407
1639.65771    1.00990    0.06212
1640.03479    0.86918    0.05865
1640.41309    0.93787    0.06215
1640.79041    0.97624    0.06328
1641.16882    0.96130    0.06433
1641.54639    0.98921    0.06447
1641.92480    0.99895    0.06429
1642.30249    1.02999    0.06470
1642.68030    1.03420    0.06565
1643.05920    1.04507    0.06604
1643.43726    1.06658    0.06392
1643.81616    1.04448    0.06368
1644.19434    0.95049    0.06199
1644.57349    0.96274    0.06137
1644.95178    1.07778    0.06394
1645.33020    1.05294    0.06295
1645.70959    0.98152    0.06119
1646.08813    0.99455    0.06138
1646.46777    0.99334    0.06158
1646.84656    1.09283    0.06330
1647.22632    1.05222    0.06281
1647.60535    0.98587    0.06254
1647.98438    0.98914    0.06221
1648.36426    1.00179    0.06220
1648.74341    0.93620    0.06042
1649.12378    1.00020    0.06099
1649.50305    1.05797    0.06272
1649.88342    0.96751    0.06098
