1410.11829    0.96612    0.10349
1410.44360    1.20818    0.10133
1410.76807    1.07790    0.09916
1411.09338    1.17025    0.10069
1411.41809    1.20520    0.10129
1411.74341    0.86563    0.09712
1412.06824    1.03954    0.09615
1412.39307    0.90689    0.09776
1412.71875    1.10080    0.10330
1413.04370    1.27089    0.10570
1413.36951    1.20598    0.10158
1413.69482    1.05650    0.10034
1414.02075    1.11193    0.10082
1414.34595    1.12647    0.10481
1414.67139    1.09267    0.11072
1414.99768    1.21664    0.11445
1415.32312    1.18971    0.11335
1415.64954    1.07294    0.11439
1415.97522    0.90566    0.11371
1416.30164    1.22997    0.11248
1416.62756    1.05919    0.10554
1416.95349    1.05298    0.10174
1417.28015    1.09199    0.10314
1417.60620    0.90122    0.10130
1417.93311    0.97827    0.09976
1418.25928    1.22813    0.11658
1418.58630    0.98785    0.11510
1418.91260    1.08740    0.09775
1419.23901    1.11265    0.09949
1419.56641    0.99634    0.10137
1419.89294    1.09116    0.10475
1420.22046    1.06217    0.10503
1420.54700    0.98001    0.10354
1420.87463    1.16019    0.10319
1421.20154    1.21119    0.10285
1421.52856    0.98799    0.10592
1421.85632    1.12032    0.11470
1422.18335    0.91460    0.11670
1422.51123    1.11990    0.11242
1422.83862    0.98442    0.10259
1423.16663    1.03444    0.09906
1423.49414    0.89034    0.09714
1423.82153    0.83861    0.09936
1424.14990    1.12020    0.10510
1424.47742    1.08762    0.10528
1424.80603    0.97889    0.10219
1425.13379    1.05335    0.10160
1425.46240    1.05996    0.10494
1425.79041    1.00381    0.10833
1426.11829    1.01680    0.10549
1426.44714    0.99034    0.10192
1426.77539    0.93827    0.09829
1427.10437    1.11852    0.10191
1427.43274    1.17761    0.10424
1427.76184    0.91115    0.10446
1428.09021    0.94708    0.10297
1428.41870    1.00591    0.09903
1428.74817    1.04511    0.09996
1429.07678    0.90806    0.10094
1429.40637    0.93905    0.10435
1429.73523    1.09819    0.10728
1430.06494    0.94410    0.10789
1430.39392    0.87516    0.10480
1430.72388    0.95914    0.10188
1431.05298    0.89430    0.09982
1431.38208    0.81180    0.10080
1431.71228    0.83000    0.10505
1432.04150    0.91882    0.10920
1432.37170    1.04257    0.11076
1432.70129    0.95079    0.10671
1433.03162    0.91456    0.10139
1433.36133    0.83598    0.09774
1433.69104    0.79432    0.09383
1434.02173    1.04495    0.09321
1434.35156    0.78606    0.09372
1434.68237    0.96405    0.09631
1435.01233    0.90014    0.09775
1435.34326    0.87836    0.09829
1435.67346    0.92254    0.09792
1436.00378    0.97624    0.09731
1436.33484    0.98462    0.09576
1436.66528    0.90039    0.09564
1436.99658    0.89211    0.09903
1437.32715    0.95901    0.10218
1437.65869    1.08360    0.10544
1437.98938    0.98370    0.10466
1438.32007    0.86580    0.10271
1438.65186    1.10057    0.10237
1438.98291    0.92086    0.09768
1439.31470    0.90498    0.09519
1439.64575    0.63171    0.09606
1439.97778    1.01716    0.10049
1440.30896    0.83906    0.10227
1440.64038    1.05850    0.10576
1440.97253    0.94973    0.10572
1441.30396    1.15972    0.10583
1441.63647    0.82584    0.10301
1441.96814    0.86636    0.09896
1442.30054    0.99541    0.10042
1442.63232    1.06714    0.10595
1442.96423    0.94257    0.11025
1443.29688    1.02281    0.10943
1443.62903    0.92444    0.10245
1443.96191    0.90830    0.09764
1444.29407    1.04903    0.09713
1444.62708    0.81226    0.09695
1444.95947    0.76353    0.09721
1445.29187    0.82215    0.09918
1445.62512    1.02126    0.10228
1445.95764    0.88900    0.10429
1446.29114    0.95239    0.10387
1446.62390    0.91359    0.09665
1446.95752    0.89166    0.09534
1447.29041    1.04128    0.09617
1447.62329    0.96841    0.10122
1447.95715    0.76611    0.10406
1448.29016    0.86520    0.10445
1448.62415    0.71636    0.10215
1448.95752    0.91268    0.10216
1449.29150    0.82440    0.10196
1449.62500    0.86083    0.10318
1449.95850    1.00394    0.10393
1450.29285    0.79406    0.10341
1450.62646    0.78354    0.10428
1450.96106    0.87089    0.10300
1451.29480    0.69939    0.10168
1451.62952    0.73252    0.10462
1451.96338    0.47083    0.10553
1452.29736    0.68781    0.10598
1452.63232    0.69619    0.10262
1452.96655    0.53873    0.09759
1453.30151    0.68082    0.09668
1453.63586    0.60881    0.09445
1453.97107    0.63999    0.09463
1454.30554    0.68119    0.09868
1454.64001    0.42419    0.11682
1454.97546    0.64707    0.11656
1455.31030    0.75536    0.09870
1455.64587    0.58334    0.09254
1455.98071    0.61890    0.09305
1456.31641    0.66079    0.09534
1456.65149    0.68474    0.09697
1456.98743    0.61516    0.09528
1457.32263    0.58036    0.09600
1457.65784    0.70963    0.09858
1457.99390    0.70555    0.10042
1458.32935    0.52106    0.10004
1458.66565    0.44631    0.09840
1459.00122    0.57099    0.09940
1459.33765    0.71564    0.09929
1459.67346    0.66373    0.09684
1460.00916    0.69080    0.09198
1460.34583    0.63978    0.08953
1460.68176    0.89828    0.09191
1461.01855    0.86139    0.09312
1461.35474    0.79632    0.09426
1461.69165    0.81772    0.09371
1462.02795    0.73472    0.09257
1462.36438    0.79311    0.09117
1462.70154    0.73353    0.09186
1463.03809    0.83141    0.09705
1463.37537    0.82344    0.09951
1463.71204    0.78355    0.09761
1464.04956    0.71945    0.09193
1464.38635    0.78233    0.08874
1464.72327    0.79822    0.08741
1465.06091    0.74347    0.09086
1465.39807    0.90999    0.09862
1465.73596    1.01392    0.10289
1466.07324    0.91598    0.09967
1466.41125    0.79699    0.09419
1466.74854    0.82570    0.09193
1467.08594    0.83031    0.08997
1467.42419    0.68467    0.09008
1467.76196    0.81553    0.09306
1468.10034    0.85852    0.09699
1468.43799    0.87299    0.09748
1468.77673    0.89265    0.09543
1469.11462    0.66785    0.09361
1469.45251    0.83394    0.09685
1469.79138    0.87315    0.10010
1470.12952    0.91194    0.10108
1470.46863    0.81235    0.09615
1470.80688    0.80612    0.09252
1471.14600    1.02968    0.09369
1471.48450    1.01763    0.09653
1471.82288    0.76405    0.09732
1472.16235    0.75925    0.09709
1472.50098    0.88800    0.09818
1472.84058    0.83406    0.10395
1473.17944    0.73850    0.10809
1473.51904    0.89549    0.10312
1473.85815    1.08160    0.09554
1474.19714    0.68847    0.08977
1474.53699    0.73178    0.08797
1474.87634    0.92356    0.08947
1475.21643    0.82143    0.09110
1475.55579    0.96761    0.09445
1475.89600    0.95606    0.09538
1476.23560    0.93660    0.09453
1476.57507    0.92122    0.09275
1476.91565    0.97758    0.09149
1477.25537    0.70047    0.09012
1477.59607    0.78166    0.09532
1477.93604    0.83997    0.10043
1478.27686    0.90884    0.10149
1478.61694    0.93602    0.09793
1478.95703    1.00254    0.09871
1479.29810    0.88896    0.09726
1479.63831    0.92323    0.09520
1479.97961    0.93866    0.09275
1480.31995    1.12868    0.09162
1480.66138    1.20218    0.09331
1481.00208    0.87454    0.09439
1481.34277    0.80166    0.09763
1481.68433    0.92460    0.09666
1482.02515    0.81469    0.09250
1482.36694    0.95896    0.10520
1482.70789    1.15987    0.10700
1483.04993    0.95695    0.09440
1483.39099    0.84607    0.09424
1483.73303    0.80879    0.09479
1484.07446    1.10826    0.09466
1484.41577    0.89066    0.09382
1484.75806    1.09187    0.09737
1485.09973    1.02387    0.09962
1485.44214    0.97793    0.10063
1485.78394    0.90056    0.09473
1486.12646    0.95954    0.09122
1486.46838    1.09667    0.09082
1486.81042    0.84614    0.09022
1487.15320    0.97271    0.09155
1487.49536    0.97148    0.09079
1487.83826    1.08431    0.09018
1488.18066    0.98331    0.09341
1488.52380    0.90837    0.10650
1488.86621    0.92364    0.11212
1489.20886    0.83077    0.11415
1489.55225    0.88617    0.09361
1489.89478    1.02826    0.09414
1490.23840    0.98412    0.09454
1490.58130    0.94068    0.09513
1490.92493    0.91998    0.09739
1491.26782    0.91930    0.09646
1491.61096    1.07065    0.09362
1491.95496    0.85999    0.08906
1492.29822    1.07260    0.08973
1492.64233    0.91159    0.09274
1492.98572    0.93977    0.08983
1493.32996    1.01572    0.08508
1493.67346    0.97721    0.08067
1494.01709    0.83041    0.08062
1494.36157    1.17725    0.08658
1494.70544    0.83454    0.09239
1495.05017    1.02863    0.09453
1495.39392    0.98008    0.09093
1495.73877    1.17552    0.09299
1496.08301    0.98440    0.09333
1496.42712    0.99804    0.09980
1496.77222    0.97232    0.09903
1497.11658    0.92205    0.09746
1497.46167    1.03788    0.09418
1497.80627    1.07969    0.09499
1498.15161    0.93644    0.09406
1498.49634    0.93038    0.09125
1498.84106    0.96799    0.08992
1499.18665    1.03838    0.09178
1499.53162    1.15596    0.09494
1499.87732    1.07615    0.09563
1500.22241    1.08286    0.09731
1500.56836    1.16653    0.09591
1500.91345    1.07790    0.09303
1501.25879    1.02517    0.09127
1501.60510    1.18883    0.09022
1501.95032    0.93099    0.08707
1502.29675    0.87619    0.08746
1502.64233    1.07077    0.08920
1502.98889    1.15622    0.09868
1503.33472    0.83401    0.10363
1503.68042    1.09372    0.10638
1504.02734    0.99169    0.09728
1504.37317    0.98705    0.08979
1504.72021    0.98048    0.08891
1505.06628    0.93768    0.08780
1505.41345    1.08553    0.09272
1505.75964    0.93064    0.09241
1506.10596    0.96748    0.09078
1506.45349    0.95919    0.08791
1506.79993    0.76192    0.08717
1507.14734    0.96433    0.09283
1507.49402    0.87606    0.09577
1507.84180    1.13504    0.09505
1508.18860    0.88248    0.08922
1508.53564    0.80241    0.08549
1508.88342    0.99843    0.08718
1509.23059    1.03446    0.09265
1509.57861    0.88964    0.09693
1509.92590    0.81923    0.09686
1510.27405    0.95903    0.09192
1510.62146    0.99701    0.08560
1510.96985    0.90849    0.08026
1511.31738    0.79789    0.09040
1511.66516    1.03487    0.09038
1512.01367    0.95862    0.08129
1512.36145    1.15028    0.08623
1512.71033    0.88052    0.08880
1513.05835    0.82364    0.08691
1513.40723    1.02175    0.08393
1513.75525    1.19595    0.08431
1514.10364    1.16602    0.08359
1514.45264    0.99933    0.08560
1514.80115    1.14990    0.08761
1515.15039    0.99114    0.08732
1515.49902    0.96458    0.08572
1515.84839    0.93639    0.08418
1516.19714    1.00665    0.08278
1516.54590    0.99242    0.08183
1516.89563    0.97176    0.07928
1517.24463    0.82963    0.07635
1517.59448    0.98749    0.07724
1517.94360    1.01855    0.07940
1518.29370    1.03958    0.08162
1518.64294    1.06769    0.08243
1518.99231    1.05292    0.08352
1519.34265    0.97475    0.08378
1519.69214    0.88049    0.08117
1520.04260    1.04526    0.07827
1520.39221    0.97444    0.07742
1520.74280    0.93499    0.07761
1521.09265    1.11934    0.07963
1521.44263    1.09549    0.08067
1521.79346    0.97901    0.08317
1522.14343    0.93022    0.08301
1522.49451    0.94900    0.07974
1522.84473    1.02628    0.07421
1523.19592    0.97623    0.07109
1523.54639    1.00941    0.07272
1523.89685    1.17265    0.08093
1524.24829    1.06931    0.08722
1524.59888    0.94422    0.08119
1524.95044    0.91608    0.08135
1525.30127    0.78683    0.12635
1525.65295    0.43512    0.10839
1526.00403    0.98281    0.07539
1526.35510    0.89877    0.07657
1526.70703    0.92235    0.07717
1527.05811    1.09239    0.07558
1527.41040    1.09932    0.07366
1527.76172    1.05151    0.07346
1528.11414    1.07497    0.07339
1528.46558    1.01188    0.07299
1528.81726    0.81465    0.07219
1529.16968    0.98606    0.07327
1529.52148    1.19302    0.07250
1529.87415    0.92899    0.07386
1530.22607    1.04734    0.07717
1530.57910    1.07470    0.07311
1530.93115    0.96672    0.07055
1531.28345    0.92962    0.07030
1531.63647    0.97634    0.07476
1531.98877    0.96879    0.07764
1532.34204    1.07247    0.07583
1532.69458    1.06179    0.07369
1533.04797    0.99449    0.07266
1533.40063    0.89702    0.07263
1533.75354    0.91488    0.07185
1534.10706    0.89652    0.07018
1534.46008    0.92303    0.06872
1534.81396    1.14485    0.06942
1535.16711    1.17019    0.06843
1535.52100    0.98802    0.06590
1535.87427    0.92657    0.06464
1536.22754    1.00041    0.06426
1536.58179    0.94848    0.06343
1536.93530    0.87993    0.06433
1537.28967    0.96880    0.06562
1537.64331    1.00196    0.06411
1537.99792    1.01844    0.06228
1538.35181    1.08539    0.06314
1538.70642    1.05909    0.06667
1539.06042    0.98549    0.06649
1539.41455    0.99760    0.06318
1539.76953    1.05664    0.06230
1540.12378    1.12225    0.06822
1540.47888    1.08858    0.06997
1540.83325    0.97339    0.06083
1541.18848    1.04057    0.05743
1541.54321    0.97582    0.05612
1541.89783    1.03096    0.05614
1542.25330    0.98265    0.05806
1542.60815    1.01466    0.06118
1542.96375    0.92555    0.05879
1543.31885    1.00744    0.05798
1543.67468    0.97860    0.05743
1544.02979    0.94770    0.05722
1544.38501    0.95713    0.05613
1544.74109    1.10169    0.05360
1545.09656    0.96951    0.05180
1545.45276    1.02301    0.05248
1545.80835    1.02047    0.05484
1546.16467    0.98046    0.05559
1546.52051    1.08310    0.05431
1546.87622    0.99530    0.05316
1547.23291    1.01333    0.06271
1547.58899    0.98227    0.05946
1547.94580    0.98007    0.05924
1548.30200    0.97365    0.05058
1548.65894    1.01295    0.04998
1549.01514    0.96683    0.05045
1549.37158    1.05433    0.05259
1549.72888    1.07966    0.05507
1550.08533    1.05462    0.05452
1550.44275    0.97111    0.05466
1550.79944    1.08086    0.05602
1551.15710    0.96948    0.05577
1551.51392    1.00237    0.05595
1551.87085    0.99418    0.05410
1552.22864    1.03664    0.05392
1552.58582    1.05183    0.05576
1552.94373    0.93237    0.05791
1553.30115    1.02807    0.06121
1553.65918    1.02559    0.06204
1554.01660    1.08358    0.06154
1554.37415    1.07504    0.06103
1554.73267    1.00161    0.06241
1555.09033    1.01251    0.06327
1555.44885    0.94604    0.06246
1555.80676    0.93819    0.06156
1556.16541    0.99967    0.06276
1556.52356    0.97760    0.06482
1556.88159    0.94374    0.06562
1557.24060    1.05887    0.06525
1557.59875    1.01366    0.06507
1557.95789    0.89858    0.06625
1558.31628    1.02674    0.06900
1558.67578    1.02181    0.06807
1559.03430    0.97916    0.06569
1559.39294    0.89866    0.06422
1559.75256    0.95671    0.06635
1560.11133    0.96114    0.07232
1560.47107    1.03053    0.07501
1560.83008    1.13575    0.07444
1561.19006    1.09812    0.07410
1561.54919    1.02315    0.07403
1561.90833    1.04811    0.07257
1562.26855    0.98090    0.07315
1562.62793    0.99261    0.07706
1562.98828    0.94526    0.07874
1563.34790    0.86056    0.07651
1563.70837    0.95620    0.07518
1564.06799    1.07611    0.07780
1564.42798    1.08906    0.08020
1564.78870    0.86506    0.07984
1565.14856    0.88985    0.07892
1565.50952    1.05542    0.08029
1565.86975    0.90496    0.08058
1566.23071    1.14102    0.08223
1566.59106    1.11213    0.08042
1566.95227    0.97973    0.07996
1567.31287    1.08257    0.08185
1567.67346    1.04061    0.08125
1568.03479    0.99943    0.08457
1568.39563    1.08310    0.08205
1568.75732    0.87313    0.08016
1569.11816    1.00901    0.08027
1569.47998    1.06328    0.07722
1569.84106    0.86212    0.07896
1570.20215    1.05466    0.08281
1570.56433    1.24597    0.08751
1570.92554    1.03958    0.08425
1571.28784    0.94686    0.08166
1571.64941    0.97082    0.10449
1572.01184    1.16022    0.10707
1572.37329    0.89394    0.08547
1572.73511    0.90116    0.08177
1573.09778    0.74079    0.08377
1573.45972    0.89332    0.08662
1573.82239    1.00201    0.08682
1574.18457    1.16706    0.08285
1574.54761    1.00836    0.07825
1574.90967    0.95936    0.07930
1575.27209    1.04964    0.08578
1575.63538    1.04440    0.09052
1575.99780    0.96517    0.09001
1576.36121    1.12748    0.08579
1576.72375    0.77820    0.08282
1577.08740    0.94133    0.08579
1577.45032    1.01547    0.08886
1577.81323    0.98211    0.08876
1578.17700    0.85955    0.08470
1578.54004    0.90712    0.07792
1578.90405    0.94533    0.07611
1579.26721    0.99814    0.08719
1579.63147    1.13415    0.09070
1579.99487    0.95282    0.08612
1580.35828    0.92576    0.08328
1580.72278    1.05390    0.08196
1581.08643    0.93495    0.08368
1581.45093    0.89580    0.08700
1581.81482    0.96035    0.09187
1582.17957    0.92756    0.08816
1582.54346    1.07582    0.08437
1582.90759    1.10429    0.08417
1583.27258    0.94377    0.08926
1583.63684    1.02481    0.09510
1584.00208    0.89624    0.09324
1584.36646    0.97546    0.08735
1584.73169    1.06509    0.08616
1585.09644    1.12333    0.08519
1585.46094    0.91900    0.08517
1585.82654    0.90894    0.08731
1586.19141    0.95762    0.08429
1586.55725    0.86019    0.08097
1586.92224    1.04090    0.07877
1587.28809    1.00922    0.07570
1587.65320    0.91940    0.07525
1588.01855    0.90283    0.07645
1588.38464    0.97036    0.08111
1588.75012    1.08719    0.08399
1589.11646    0.91192    0.08080
1589.48206    0.92579    0.07829
1589.84863    1.00882    0.07785
1590.21436    1.02666    0.08039
1590.58008    0.93709    0.08335
1590.94690    0.89600    0.08543
1591.31287    0.91020    0.08593
1591.67981    1.01308    0.08398
1592.04602    0.99262    0.07957
1592.41309    0.88780    0.07425
1592.77942    1.04848    0.07231
1593.14587    1.03304    0.07385
1593.51331    0.96447    0.08044
1593.87988    0.93733    0.08591
1594.24744    0.96388    0.08976
1594.61426    1.07600    0.09092
1594.98193    1.00210    0.09017
1595.34888    0.94501    0.10108
1595.71667    1.12641    0.10062
1596.08374    1.05761    0.08714
1596.45093    0.98965    0.08101
1596.81909    0.83600    0.08315
1597.18652    0.97341    0.08763
1597.55481    0.84302    0.08684
1597.92224    0.94323    0.08533
1598.29077    1.09635    0.08334
1598.65845    1.04673    0.08147
1599.02625    0.97907    0.08137
1599.39490    1.10271    0.08206
1599.76294    1.04867    0.08128
1600.13184    0.86625    0.07821
1600.50000    0.98925    0.08010
1600.86902    0.95525    0.08661
1601.23730    0.99834    0.08943
1601.60559    1.03291    0.08739
1601.97485    0.79127    0.08193
1602.34338    1.01707    0.08037
1602.71289    1.06360    0.08175
1603.08167    0.86939    0.08185
1603.45129    0.79788    0.08290
1603.82019    0.86341    0.08380
1604.18921    0.93221    0.08606
1604.55908    1.01351    0.08699
1604.92810    0.91245    0.08629
1605.29822    0.99867    0.08473
1605.66760    0.91404    0.08232
1606.03784    0.95929    0.08042
1606.40723    0.88310    0.08174
1606.77686    0.85277    0.08406
1607.14746    0.92434    0.09662
1607.51709    1.02974    0.09508
1607.88770    1.03819    0.08197
1608.25769    1.04369    0.08167
1608.62854    0.91641    0.08515
1608.99854    1.15469    0.08546
1609.36877    1.17200    0.08527
1609.73987    1.12693    0.08586
1610.11011    1.05496    0.08610
1610.48145    0.96465    0.08485
1610.85193    1.06947    0.08309
1611.22339    0.87813    0.07970
1611.59412    0.93127    0.08026
1611.96484    0.91513    0.08268
1612.33643    0.92534    0.08783
1612.70752    1.00399    0.08964
1613.07935    1.03035    0.08651
1613.45044    1.12929    0.08900
1613.82251    1.12654    0.08619
1614.19373    0.78285    0.08528
1614.56506    0.95798    0.08584
1614.93738    0.75793    0.08366
1615.30896    0.95399    0.08598
1615.68140    1.10743    0.08717
1616.05322    0.92307    0.08777
1616.42578    1.03070    0.08860
1616.79773    0.99748    0.08458
1617.16956    0.99882    0.08059
1617.54248    1.01438    0.07718
1617.91455    0.83433    0.07428
1618.28772    0.80782    0.07878
1618.65991    1.06386    0.08719
1619.03320    0.95584    0.08454
1619.40564    1.00924    0.08348
1619.77832    0.89763    0.08318
1620.15186    0.85770    0.08480
1620.52441    1.12915    0.08506
1620.89807    1.08082    0.08385
1621.27100    0.93292    0.08261
1621.64490    1.01581    0.08412
1622.01794    0.99977    0.08626
1622.39197    0.99360    0.08617
1622.76514    1.03556    0.08163
1623.13855    1.08452    0.07988
1623.51282    0.80042    0.07792
1623.88635    0.86579    0.08000
1624.26074    0.88675    0.08488
1624.63440    0.80147    0.08623
1625.00903    0.96813    0.08568
1625.38281    0.93370    0.08363
1625.75684    1.01971    0.08466
1626.13171    0.94036    0.08861
1626.50586    0.79377    0.09193
1626.88086    0.86440    0.09256
1627.25513    0.91575    0.08760
1627.63037    1.00688    0.08153
1628.00476    0.90045    0.07953
1628.37939    0.98123    0.08402
1628.75488    0.85106    0.08545
1629.12952    0.94742    0.08363
1629.50525    0.95919    0.08265
1629.88013    0.93252    0.08201
1630.25586    0.95226    0.08261
1630.63086    0.84286    0.08641
1631.00610    0.96752    0.09198
1631.38220    1.01483    0.09382
1631.75745    1.07916    0.09081
1632.13367    0.93014    0.08598
1632.50916    0.94006    0.08574
1632.88574    1.03635    0.08958
1633.26135    0.94529    0.09149
1633.63708    0.90291    0.09052
1634.01379    0.79869    0.08914
1634.38977    0.89668    0.08671
1634.76660    1.03435    0.08540
1635.14270    0.90953    0.08453
1635.51965    0.84456    0.08272
1635.89600    1.00246    0.08084
1636.27222    0.95455    0.08042
1636.64966    1.01407    0.08164
1637.02600    0.98999    0.07904
1637.40356    0.93758    0.07801
1637.78027    1.04278    0.08275
1638.15784    0.87450    0.08324
1638.53491    1.03859    0.08291
1638.91174    1.12956    0.08408
1639.28967    0.99462    0.08314
1639.66687    1.06844    0.08352
1640.04492    1.18086    0.08602
1640.42212    0.91515    0.08282
1640.80054    0.89028    0.07981
1641.17798    1.08878    0.07899
1641.55554    0.96431    0.07962
1641.93396    0.82983    0.08179
1642.31177    0.85114    0.08257
1642.69043    1.05043    0.08361
1643.06836    1.06351    0.08538
1643.44727    1.11342    0.08614
1643.82532    0.98683    0.08749
1644.20349    0.90420    0.09035
1644.58264    0.97512    0.09107
1644.96094    0.98975    0.08925
1645.34033    0.99228    0.08476
1645.71875    1.03513    0.08341
1646.09827    0.94071    0.08194
1646.47693    0.87743    0.09635
1646.85571    1.01404    0.10296
1647.23560    0.81756    0.08501
1647.61450    0.92488    0.08394
1647.99426    0.97117    0.08276
1648.37354    0.84526    0.08038
1648.75366    0.88702    0.07929
1649.13293    0.86153    0.07835
1649.51233    0.81996    0.08056
1649.89270    1.05669    0.08272
