1410.29419    1.45997    0.13356
1410.61865    1.55137    0.13302
1410.94385    0.96550    0.12684
1411.26843    0.90476    0.12007
1411.59399    1.21377    0.12723
1411.91870    1.31005    0.12506
1412.24353    1.25252    0.13013
1412.56921    1.15273    0.12805
1412.89417    1.05878    0.12998
1413.21997    1.35760    0.13406
1413.54517    0.82146    0.14412
1413.87097    1.04070    0.14188
1414.19629    1.19326    0.13307
1414.52161    0.91479    0.11934
1414.84778    1.16038    0.12650
1415.17334    1.05149    0.12856
1415.49963    1.11429    0.12387
1415.82532    0.91779    0.12061
1416.15173    0.93348    0.12202
1416.47754    1.16419    0.12694
1416.80334    0.98249    0.12366
1417.13000    0.98129    0.12077
1417.45618    0.85015    0.11746
1417.78296    1.05009    0.11954
1418.10913    0.99441    0.12236
1418.43604    0.73258    0.11714
1418.76245    0.98056    0.11636
1419.08875    0.78028    0.11403
1419.41614    0.94370    0.11715
1419.74268    0.70183    0.11028
1420.06995    0.76489    0.11497
1420.39673    1.02663    0.11884
1420.72412    0.47547    0.10927
1421.05103    0.60336    0.11118
1421.37805    0.77861    0.11890
1421.70569    0.99594    0.12331
1422.03284    1.00128    0.12488
1422.36072    0.74820    0.11377
1422.68799    0.65533    0.11833
1423.01599    0.92206    0.12497
1423.34338    0.59290    0.12138
1423.67078    0.69308    0.12188
1423.99915    0.84258    0.11887
1424.32678    0.71274    0.11499
1424.65515    0.83315    0.12011
1424.98279    1.06885    0.12271
1425.31140    0.93868    0.11935
1425.63940    0.76444    0.11582
1425.96729    0.63459    0.11307
1426.29614    0.59196    0.11392
1426.62427    0.73771    0.11576
1426.95325    0.83640    0.11765
1427.28149    0.67752    0.13896
1427.61060    0.68068    0.13978
1427.93909    0.86990    0.11529
1428.26758    0.91647    0.11718
1428.59692    0.67957    0.11499
1428.92554    0.76980    0.11925
1429.25500    0.90618    0.12440
1429.58398    0.91668    0.12364
1429.91357    0.86719    0.11767
1430.24243    0.79880    0.11453
1430.57153    0.74603    0.11718
1430.90137    0.99011    0.12200
1431.23047    1.03969    0.12467
1431.56067    0.92317    0.12043
1431.88989    0.88032    0.11771
1432.22009    0.88118    0.11723
1432.54968    0.76375    0.11417
1432.87915    0.91883    0.11874
1433.20959    0.98491    0.11991
1433.53931    0.85121    0.11555
1433.86987    0.92276    0.12427
1434.19971    1.14736    0.12812
1434.53040    0.98436    0.12844
1434.86047    0.81905    0.12016
1435.19055    1.04730    0.12553
1435.52148    1.04128    0.12209
1435.85181    1.11126    0.12605
1436.18274    1.18900    0.12437
1436.51331    0.79296    0.12273
1436.84448    1.25077    0.18299
1437.17505    1.86918    0.78409
1437.50647    1.83290        inf
1437.83716    1.79662        inf
1438.16797    1.76034    1.51785
1438.49951    1.99775    0.62261
1438.83044    1.02466    0.18258
1439.16223    1.09955    0.13199
1439.49329    1.06854    0.11703
1439.82520    1.00972    0.12263
1440.15649    1.09041    0.12035
1440.48792    0.87251    0.12171
1440.81995    1.09897    0.12648
1441.15149    1.05430    0.12730
1441.48376    1.00652    0.12406
1441.81543    1.03628    0.12564
1442.14795    1.06063    0.12160
1442.47974    1.04137    0.12155
1442.81140    0.93906    0.12005
1443.14417    0.99238    0.12454
1443.47620    1.04860    0.12403
1443.80896    1.02024    0.12386
1444.14111    0.94342    0.12121
1444.47412    0.89788    0.12320
1444.80652    0.88568    0.12558
1445.13892    0.69781    0.12321
1445.47205    0.88778    0.12029
1445.80457    1.11160    0.12398
1446.13794    0.99228    0.11620
1446.47070    0.82010    0.11603
1446.80432    0.94833    0.11614
1447.13721    1.14061    0.12173
1447.47009    1.01848    0.11964
1447.80383    0.91016    0.11727
1448.13684    1.04477    0.12215
1448.47083    1.09992    0.12425
1448.80408    0.92876    0.11994
1449.13818    1.06117    0.11683
1449.47144    1.08261    0.12622
1449.80493    0.97405    0.12436
1450.13928    0.94777    0.12227
1450.47290    1.03918    0.12139
1450.80737    1.08265    0.12204
1451.14111    1.12951    0.12411
1451.47571    0.90080    0.12205
1451.80969    0.82824    0.11747
1452.14368    1.06628    0.12093
1452.47839    1.14905    0.12293
1452.81262    1.25295    0.12618
1453.14758    1.19973    0.12608
1453.48193    1.03640    0.12013
1453.81702    0.93568    0.12658
1454.15161    0.87621    0.11789
1454.48608    0.78794    0.11542
1454.82153    1.13767    0.12191
1455.15625    1.16592    0.12639
1455.49170    0.84928    0.12394
1455.82654    0.91156    0.11859
1456.16235    1.29482    0.12698
1456.49719    1.11518    0.12315
1456.83240    1.02532    0.12208
1457.16833    0.99311    0.12313
1457.50342    0.99165    0.11999
1457.83960    1.08601    0.12333
1458.17505    1.11910    0.12299
1458.51123    0.88275    0.12120
1458.84668    0.94050    0.12055
1459.18237    1.10580    0.12756
1459.51880    1.04490    0.12105
1459.85461    0.95788    0.12345
1460.19128    1.00864    0.12348
1460.52722    0.99872    0.12907
1460.86401    0.91776    0.12549
1461.19995    1.02523    0.12982
1461.53613    0.97836    0.13512
1461.87317    1.01110    0.13678
1462.20947    1.16430    0.14455
1462.54663    1.01880    0.13723
1462.88306    0.96797    0.13222
1463.22046    0.96035    0.13271
1463.55713    0.89301    0.13088
1463.89465    0.99837    0.13229
1464.23132    1.10437    0.13936
1464.56824    0.79954    0.14041
1464.90588    1.01844    0.14956
1465.24292    0.85720    0.15285
1465.58069    0.99323    0.15604
1465.91797    0.94907    0.16396
1466.25598    0.74281    0.16681
1466.59326    1.25547    0.17404
1466.93066    0.98451    0.16983
1467.26904    0.85435    0.15834
1467.60657    0.89248    0.15629
1467.94495    0.88077    0.14799
1468.28259    0.92879    0.14690
1468.62122    1.15988    0.14336
1468.95898    0.73799    0.13335
1469.29700    0.82041    0.13395
1469.63574    0.80611    0.13573
1469.97388    0.75588    0.13217
1470.31287    0.83691    0.12805
1470.65112    0.75100    0.12377
1470.99023    0.75219    0.12188
1471.32861    0.74590    0.12631
1471.66711    0.62793    0.11960
1472.00647    0.49369    0.11644
1472.34509    0.53851    0.12188
1472.68469    0.73201    0.12345
1473.02344    0.51966    0.11769
1473.36316    0.58522    0.11678
1473.70203    0.66600    0.11836
1474.04102    0.63100    0.11957
1474.38098    0.60601    0.11743
1474.72009    0.63303    0.12319
1475.06018    0.42019    0.11140
1475.39954    0.61698    0.12008
1475.73975    0.63101    0.11671
1476.07922    0.50485    0.11641
1476.41882    0.58828    0.11583
1476.75928    0.80367    0.12437
1477.09900    0.72021    0.12207
1477.43970    0.77893    0.11779
1477.77954    0.82487    0.11754
1478.12036    0.80686    0.11923
1478.46033    0.75204    0.11828
1478.80042    0.68682    0.11375
1479.14136    0.83266    0.12205
1479.48169    0.74184    0.11736
1479.82288    0.78393    0.11749
1480.16333    0.81985    0.12219
1480.50464    0.80699    0.12301
1480.84521    0.98933    0.12608
1481.18591    0.63598    0.11487
1481.52747    0.80427    0.11832
1481.86829    0.71251    0.11809
1482.21008    0.57642    0.11742
1482.55103    0.74388    0.11853
1482.89282    0.75328    0.11968
1483.23401    0.63339    0.11699
1483.57520    0.66921    0.11736
1483.91736    0.70469    0.11918
1484.25867    0.75534    0.12186
1484.60095    0.75504    0.12373
1484.94238    0.53947    0.11802
1485.28491    0.62001    0.11605
1485.62659    0.82512    0.12324
1485.96838    0.76319    0.12336
1486.31104    0.76919    0.12763
1486.65295    0.93183    0.13215
1486.99585    0.75792    0.13793
1487.33789    0.81721    0.15297
1487.68079    1.04303    0.14858
1488.02307    0.98160    0.14030
1488.36536    0.78366    0.12884
1488.70862    0.69387    0.11994
1489.05103    0.65836    0.11980
1489.39441    0.86224    0.12258
1489.73706    0.92886    0.12373
1490.08057    0.92099    0.12284
1490.42346    0.86405    0.12242
1490.76709    0.68109    0.12199
1491.11011    0.49156    0.11452
1491.45300    0.86226    0.12333
1491.79700    0.63220    0.12589
1492.14026    0.73413    0.13329
1492.48438    0.82961    0.14851
1492.82764    0.58839    0.14200
1493.17188    0.77648    0.14395
1493.51538    0.88995    0.13299
1493.85889    0.71453    0.12527
1494.20337    0.56642    0.12658
1494.54712    0.65539    0.12239
1494.89185    0.79263    0.12504
1495.23572    0.72362    0.12620
1495.58057    1.07535    0.13057
1495.92456    1.11309    0.13130
1496.26880    0.95251    0.13036
1496.61377    0.73307    0.12346
1496.95801    0.64019    0.12341
1497.30322    0.89958    0.12834
1497.64758    1.05250    0.12969
1497.99304    1.01786    0.13313
1498.33765    1.10334    0.13103
1498.68237    1.16298    0.13607
1499.02795    1.09397    0.13216
1499.37280    1.07066    0.13374
1499.71851    0.71407    0.12759
1500.06348    1.19085    0.13391
1500.40942    1.13551    0.13740
1500.75452    0.87612    0.12806
1501.09973    0.96210    0.13016
1501.44604    0.69370    0.15278
1501.79138    0.73616    0.14850
1502.13770    1.12659    0.15686
1502.48328    1.19917    0.15461
1502.82971    1.00962    0.13291
1503.17542    0.97107    0.13732
1503.52124    1.11894    0.13722
1503.86804    1.03371    0.13459
1504.21387    0.92032    0.13754
1504.56091    1.12736    0.14148
1504.90698    1.21124    0.14139
1505.25403    0.83650    0.12990
1505.60022    0.47879    0.12582
1505.94653    0.40235    0.12052
1506.29395    0.33265    0.11685
1506.64038    0.20807    0.11456
1506.98779    0.14079    0.11685
1507.33447    0.18595    0.10921
1507.68213    0.25195    0.11948
1508.02893    0.31305    0.11990
1508.37585    0.17997    0.11833
1508.72363    0.14478    0.11261
1509.07068    0.21040    0.11594
1509.41870    0.23447    0.11695
1509.76599    0.25278    0.12286
1510.11414    0.32761    0.11649
1510.46155    0.00795    0.11000
1510.80896    0.15818    0.11666
1511.15747    0.48289    0.11989
1511.50513    0.51931    0.12776
1511.85352    0.66535    0.13134
1512.20142    0.62412    0.14022
1512.55005    0.64745    0.14995
1512.89807    0.49814    0.13603
1513.24609    0.60461    0.13520
1513.59509    0.93717    0.13283
1513.94336    0.64863    0.12789
1514.29236    0.74673    0.12947
1514.64075    0.54943    0.12342
1514.98999    0.65423    0.12703
1515.33862    0.95743    0.12744
1515.68713    0.96263    0.12702
1516.03662    0.74208    0.12425
1516.38550    0.88890    0.12233
1516.73511    0.97157    0.12944
1517.08398    1.07081    0.13106
1517.43384    0.82127    0.13184
1517.78296    0.35760    0.14917
1518.13281    0.48679    0.20152
1518.48218    0.10138    0.22711
1518.83154    0.68775    0.20294
1519.18176    1.18706    0.16970
1519.53125    1.12206    0.17111
1519.88171    0.75057    0.19122
1520.23132    0.30694    0.19963
1520.58179    0.19477    0.14097
1520.93164    0.16977    0.11443
1521.28162    0.18740    0.10745
1521.63232    0.47030    0.11709
1521.98230    0.84524    0.12107
1522.33337    0.73687    0.12204
1522.68347    0.80345    0.12182
1523.03467    0.70629    0.11951
1523.38501    0.39802    0.11392
1523.73560    0.26453    0.10659
1524.08679    0.43865    0.11242
1524.43750    0.52373    0.11628
1524.78894    0.67743    0.13309
1525.13977    0.87553    0.13729
1525.49146    0.92013    0.12779
1525.84241    0.94063    0.12026
1526.19348    1.03854    0.12273
1526.54529    1.00680    0.12156
1526.89661    0.93510    0.12001
1527.24866    1.03617    0.12798
1527.59998    1.09642    0.12537
1527.95227    1.15211    0.12628
1528.30383    1.23079    0.12362
1528.65527    1.16239    0.12117
1529.00781    1.27297    0.12695
1529.35962    1.23027    0.13352
1529.71228    1.20189    0.13213
1530.06421    1.25809    0.12663
1530.41699    1.23070    0.12189
1530.76904    0.97827    0.11387
1531.12122    0.84734    0.11102
1531.47424    0.68443    0.10546
1531.82654    0.77116    0.10652
1532.17981    0.98530    0.10906
1532.53235    1.03611    0.11102
1532.88574    0.99333    0.11343
1533.23828    1.18500    0.11360
1533.59106    0.92771    0.10399
1533.94470    0.81940    0.09927
1534.29761    0.89279    0.10392
1534.65149    0.92709    0.11141
1535.00452    1.11300    0.11135
1535.35840    1.25648    0.10772
1535.71167    1.03399    0.09821
1536.06494    0.98124    0.09735
1536.41907    1.05939    0.09739
1536.77258    1.07438    0.09557
1537.12695    1.18918    0.09617
1537.48059    1.00702    0.09396
1537.83508    0.84185    0.09360
1538.18896    0.96073    0.08817
1538.54272    1.06749    0.09055
1538.89746    0.97369    0.08987
1539.25159    1.00945    0.08994
1539.60645    0.97910    0.08804
1539.96069    1.06464    0.08490
1540.31580    1.04412    0.08486
1540.67017    0.99991    0.08538
1541.02466    1.05003    0.08900
1541.37988    1.01500    0.08382
1541.73462    0.96789    0.08083
1542.08997    0.95962    0.07859
1542.44482    0.95994    0.07805
1542.80042    0.97932    0.07643
1543.15540    0.99840    0.07593
1543.51038    0.95812    0.07477
1543.86633    1.01014    0.07605
1544.22156    0.89724    0.07929
1544.57764    0.93256    0.07790
1544.93286    0.97636    0.07201
1545.28918    0.90854    0.07165
1545.64478    1.06975    0.07487
1546.00110    1.04099    0.07460
1546.35669    1.03675    0.07473
1546.71252    1.00521    0.07363
1547.06921    1.08261    0.07307
1547.42505    1.21171    0.07557
1547.78186    1.00144    0.07441
1548.13794    1.05260    0.07427
1548.49487    0.85629    0.07005
1548.85120    0.93670    0.07161
1549.20752    1.11043    0.07461
1549.56470    0.98736    0.07912
1549.92126    0.92896    0.07659
1550.27869    0.99756    0.07292
1550.63525    1.04765    0.07600
1550.99280    1.07939    0.07698
1551.34961    1.11878    0.07794
1551.70654    1.14275    0.07886
1552.06433    1.09304    0.07839
1552.42139    1.00400    0.07778
1552.77930    1.00128    0.07851
1553.13660    1.02349    0.07791
1553.49475    0.91827    0.07690
1553.85217    0.82747    0.07679
1554.20959    1.10258    0.08192
1554.56799    0.93380    0.07999
1554.92554    0.92060    0.07985
1555.28418    1.01630    0.08372
1555.64197    1.00653    0.08514
1556.00073    0.94647    0.08593
1556.35864    1.07240    0.08747
1556.71667    0.95580    0.08636
1557.07568    0.99300    0.08620
1557.43384    1.03873    0.08662
1557.79297    0.95130    0.08357
1558.15137    0.88660    0.08499
1558.51062    1.06085    0.08820
1558.86926    0.93340    0.08920
1559.22778    0.96656    0.08938
1559.58740    1.03209    0.09231
1559.94617    1.00866    0.09029
1560.30591    0.94751    0.09121
1560.66479    0.91900    0.08934
1561.02466    0.93099    0.09038
1561.38391    0.95679    0.09208
1561.74304    1.01503    0.09690
1562.10315    1.12299    0.09786
1562.46240    1.14221    0.09723
1562.82275    0.90213    0.09348
1563.18237    0.98249    0.09445
1563.54285    0.98564    0.09424
1563.90247    0.99818    0.09811
1564.26221    1.06658    0.09942
1564.62292    1.05866    0.10188
1564.98291    0.94685    0.09981
1565.34387    1.16774    0.10314
1565.70398    1.23752    0.10351
1566.06506    1.07214    0.10113
1566.42517    0.91362    0.09988
1566.78552    0.91367    0.09816
1567.14685    0.95136    0.09973
1567.50745    1.20795    0.10401
1567.86890    1.07765    0.10579
1568.22949    0.93823    0.09986
1568.59119    0.92491    0.10165
1568.95203    0.91647    0.10088
1569.31299    0.99208    0.10485
1569.67480    1.04756    0.10749
1570.03589    1.01768    0.10530
1570.39807    0.84786    0.10395
1570.75928    0.79946    0.10214
1571.12146    1.03166    0.10775
1571.48291    1.14306    0.10742
1571.84521    0.90640    0.10458
1572.20691    0.88827    0.10716
1572.56860    1.05823    0.10687
1572.93115    1.04531    0.10952
1573.29297    0.88143    0.10776
1573.65588    1.12274    0.11182
1574.01782    0.99256    0.11173
1574.38086    0.88136    0.11066
1574.74304    0.95549    0.11277
1575.10522    1.06249    0.11792
1575.46851    0.97766    0.11268
1575.83093    0.76779    0.11250
1576.19434    1.02052    0.11827
1576.55688    1.06964    0.11775
1576.92053    0.98813    0.11572
1577.28320    0.99451    0.11229
1577.64600    1.05426    0.11667
1578.00989    0.97779    0.11565
1578.37292    1.05677    0.11094
1578.73682    1.08234    0.11554
1579.10010    1.05420    0.11164
1579.46423    1.03161    0.11581
1579.82751    1.04194    0.11472
1580.19104    1.09046    0.11463
1580.55542    1.16317    0.11243
1580.91895    1.01498    0.11031
1581.28357    1.00740    0.11389
1581.64734    1.04577    0.11586
1582.01208    1.00682    0.11589
1582.37610    1.24749    0.12158
1582.73999    0.98584    0.11992
1583.10498    1.09275    0.11903
1583.46924    1.07278    0.11831
1583.83435    0.88519    0.12187
1584.19873    0.92065    0.11784
1584.56396    1.06646    0.11692
1584.92859    1.10770    0.11684
1585.29321    1.19999    0.11688
1585.65869    1.06221    0.11891
1586.02356    0.88280    0.11747
1586.38928    1.00480    0.12372
1586.75415    1.18779    0.13772
1587.12012    1.12722    0.13567
1587.48523    1.17447    0.12155
1587.85034    1.16159    0.12173
1588.21655    1.03910    0.12340
1588.58191    0.93391    0.12226
1588.94824    0.88472    0.11832
1589.31384    0.90937    0.11450
1589.68018    0.81158    0.11101
1590.04590    0.94466    0.11122
1590.41174    1.03401    0.12257
1590.77856    0.88476    0.12186
1591.14441    1.16265    0.12247
1591.51147    1.04461    0.11635
1591.87756    0.99344    0.11405
1592.24451    1.00517    0.11161
1592.61096    1.01737    0.11836
1592.97729    1.02011    0.11128
1593.34448    0.96001    0.10855
1593.71118    1.00376    0.11235
1594.07861    0.94359    0.11466
1594.44531    0.89637    0.10978
1594.81299    1.01868    0.11206
1595.17993    1.12263    0.11056
1595.54688    0.82032    0.10809
1595.91479    0.97446    0.11364
1596.28198    0.93554    0.11682
1596.65002    0.85662    0.11634
1597.01733    0.93969    0.11323
1597.38562    1.06479    0.11246
1597.75305    1.04707    0.12493
1598.12073    1.24825    0.13351
1598.48926    0.92930    0.12363
1598.85681    0.86303    0.12672
1599.22559    1.05075    0.11998
1599.59351    0.98016    0.11520
1599.96240    0.95729    0.11379
1600.33044    1.02986    0.11050
1600.69946    1.04241    0.11301
1601.06763    0.99835    0.11376
1601.43604    0.99299    0.11549
1601.80530    1.03963    0.11551
1602.17383    1.00026    0.11231
1602.54321    0.94987    0.10692
1602.91199    0.89733    0.10562
1603.28149    0.91130    0.10815
1603.65039    1.00170    0.11602
1604.01929    1.09880    0.11908
1604.38916    1.10139    0.11712
1604.75830    0.96302    0.11021
1605.12830    1.04429    0.10728
1605.49756    1.06668    0.10938
1605.86780    1.02465    0.10634
1606.23730    1.07559    0.11058
1606.60681    1.04888    0.11319
1606.97717    1.10932    0.12247
1607.34692    0.93440    0.13325
1607.71765    0.91069    0.14135
1608.08740    0.95984    0.13127
1608.45825    0.91124    0.12513
1608.82825    1.16921    0.12109
1609.19836    0.94344    0.11469
1609.56946    0.88415    0.11694
1609.93970    0.94508    0.11262
1610.31104    1.08343    0.11064
1610.68140    1.24228    0.11277
1611.05286    1.05233    0.10728
1611.42346    0.86439    0.10095
1611.79419    1.05314    0.10638
1612.16577    1.21041    0.11129
1612.53674    1.10937    0.11276
1612.90857    0.93361    0.12329
1613.27966    0.93409    0.13731
1613.65173    1.01847    0.13209
1614.02283    0.96131    0.11761
1614.39417    0.94680    0.10848
1614.76636    1.05525    0.11592
1615.13794    1.06213    0.11896
1615.51038    0.78902    0.11151
1615.88196    1.06775    0.10854
1616.25464    1.00905    0.10677
1616.62646    0.96438    0.10665
1616.99841    1.10015    0.11007
1617.37122    1.11679    0.11032
1617.74329    0.93882    0.10859
1618.11633    0.85199    0.12401
1618.48865    0.92948    0.12644
1618.86182    0.98536    0.10977
1619.23425    1.03815    0.10764
1619.60681    1.13187    0.10865
1619.98022    1.06675    0.10703
1620.35278    1.18011    0.11518
1620.72656    0.95470    0.12702
1621.09949    0.77112    0.14008
1621.47327    0.86720    0.12835
1621.84631    0.99529    0.10556
1622.21936    0.86884    0.10145
1622.59338    0.88438    0.10303
1622.96667    0.96016    0.12696
1623.34094    1.54135    0.19651
1623.71436    2.48033    0.66388
1624.08875    3.17328    4.73282
1624.46252    3.13601    5.92806
1624.83618    1.18355    0.52114
1625.21082    0.63283    0.18274
1625.58472    0.91473    0.13742
1625.95959    1.03065    0.13797
1626.33362    1.03070    0.12776
1626.70862    1.15054    0.11125
1627.08289    1.02175    0.10329
1627.45715    0.96508    0.10331
1627.83240    1.01064    0.09841
1628.20691    1.00682    0.09890
1628.58240    0.91206    0.09821
1628.95715    0.94096    0.09794
1629.33264    1.06990    0.10375
1629.70752    0.97322    0.10682
1630.08325    1.02427    0.11269
1630.45837    1.09777    0.10374
1630.83337    0.92183    0.09681
1631.20947    0.99600    0.10527
1631.58472    1.03721    0.12269
1631.96094    0.98385    0.13782
1632.33643    1.01825    0.13412
1632.71277    1.07547    0.10006
1633.08838    1.00621    0.10065
1633.46411    0.99098    0.10002
1633.84070    1.04347    0.10098
1634.21655    0.93930    0.09693
1634.59351    0.99773    0.09754
1634.96948    1.04181    0.09997
1635.34656    0.85250    0.09516
1635.72266    1.03224    0.09576
1636.09900    1.00222    0.09799
1636.47632    0.93609    0.10150
1636.85278    1.00505    0.10251
1637.23022    1.09679    0.09943
1637.60693    0.99109    0.09598
1637.98450    0.76450    0.09745
1638.36133    0.90703    0.10563
1638.73828    1.08045    0.10869
1639.11609    0.88428    0.10001
1639.49316    0.86194    0.10178
1639.87122    1.21101    0.14822
1640.24854    0.59138    0.46732
1640.62671    0.98368    0.63339
1641.00415    1.04371    0.34496
1641.38159    0.96953    0.17789
1641.76025    0.98128    0.09784
1642.13794    0.90777    0.09468
1642.51648    0.96994    0.09591
1642.89441    1.18308    0.09437
1643.27332    1.10847    0.09514
1643.65125    1.07762    0.09403
1644.02942    1.09349    0.09682
1644.40857    0.94720    0.09960
1644.78687    0.98455    0.09796
1645.16602    1.07351    0.09499
1645.54456    0.93904    0.09280
1645.92395    0.92455    0.09464
1646.30273    0.97647    0.09911
1646.68140    0.88487    0.09806
1647.06116    1.02941    0.09952
1647.44006    0.93653    0.09497
1647.81995    0.86249    0.09109
1648.19897    0.93957    0.09201
1648.57910    1.00024    0.09252
1648.95825    0.93592    0.08919
1649.33765    1.03411    0.09138
1649.71790    1.04604    0.09396
