1410.08240    1.01390    0.18456
1410.40686    1.24610    0.18868
1410.73218    1.33539    0.18068
1411.05664    1.07597    0.16642
1411.38135    0.58581    0.15874
1411.70679    0.88463    0.16945
1412.03149    0.96424    0.18788
1412.35706    1.27027    0.19608
1412.68201    1.20385    0.18514
1413.00769    0.99341    0.17109
1413.33289    1.00395    0.16979
1413.65796    1.16441    0.17363
1413.98401    0.88399    0.17034
1414.30920    0.87643    0.16841
1414.63538    0.90731    0.16822
1414.96082    1.00495    0.16908
1415.28699    0.84060    0.16462
1415.61267    1.11919    0.16546
1415.93823    1.08787    0.16178
1416.26489    0.83011    0.16171
1416.59070    1.02872    0.17010
1416.91724    0.81127    0.16461
1417.24329    1.06458    0.16253
1417.57007    1.01427    0.16296
1417.89624    0.58035    0.16217
1418.22241    0.86288    0.16757
1418.54944    0.93503    0.16613
1418.87573    1.01465    0.16903
1419.20300    0.83196    0.17187
1419.52942    0.67200    0.17202
1419.85681    0.90690    0.17286
1420.18347    1.03709    0.17064
1420.51013    1.00295    0.16575
1420.83765    1.19402    0.16262
1421.16455    1.15431    0.16107
1421.49231    1.01294    0.16493
1421.81921    1.37674    0.17588
1422.14709    0.59773    0.16311
1422.47424    1.00286    0.16035
1422.80151    0.72882    0.15643
1423.12964    0.94464    0.16131
1423.45703    0.91738    0.16160
1423.78516    1.24747    0.16419
1424.11279    1.24861    0.16542
1424.44128    1.01552    0.16729
1424.76892    1.08753    0.16671
1425.09668    1.25223    0.16287
1425.42529    1.16614    0.16291
1425.75317    1.01270    0.16658
1426.08203    1.52208    0.17748
1426.41003    0.84630    0.16306
1426.73901    1.26356    0.16044
1427.06714    0.79355    0.15453
1427.39636    0.99085    0.15797
1427.72461    1.07228    0.16400
1428.05298    0.83159    0.16264
1428.38232    0.70626    0.15728
1428.71106    0.81107    0.15945
1429.04053    1.18003    0.16532
1429.36914    0.97146    0.16046
1429.69885    1.20380    0.16261
1430.02771    1.05439    0.15850
1430.35669    1.19722    0.16445
1430.68652    0.97393    0.17196
1431.01562    0.95498    0.17210
1431.34558    0.91447    0.16669
1431.67493    0.57711    0.16336
1432.00500    0.75661    0.16763
1432.33447    1.13689    0.16945
1432.66406    1.04305    0.16233
1432.99438    1.03736    0.15676
1433.32397    0.75038    0.15393
1433.65454    0.72117    0.15260
1433.98425    0.96738    0.15554
1434.31506    0.97770    0.15458
1434.64502    0.90294    0.15447
1434.97498    0.75318    0.15555
1435.30603    0.93539    0.15584
1435.63611    0.82421    0.15456
1435.96716    0.76862    0.15584
1436.29761    0.89646    0.15941
1436.62866    0.88145    0.16081
1436.95923    0.90128    0.16339
1437.28979    1.20043    0.16585
1437.62122    0.93188    0.15956
1437.95190    0.66508    0.15440
1438.28345    0.80047    0.15748
1438.61438    1.10970    0.16568
1438.94617    1.29637    0.16866
1439.27710    0.65377    0.16457
1439.60828    1.00522    0.17092
1439.94019    0.72395    0.16406
1440.27148    0.58758    0.16360
1440.60364    0.67749    0.16750
1440.93506    0.78997    0.16634
1441.26733    0.65190    0.15685
1441.59888    0.65963    0.15824
1441.93054    1.13707    0.16374
1442.26306    0.87576    0.15994
1442.59485    0.72396    0.15264
1442.92737    1.03433    0.15596
1443.25940    0.98613    0.15417
1443.59229    0.95222    0.15974
1443.92432    0.73903    0.16827
1444.25647    1.07637    0.17493
1444.58960    0.98043    0.17394
1444.92188    0.94020    0.17088
1445.25513    0.95782    0.16956
1445.58752    1.02970    0.16940
1445.92090    0.85189    0.16389
1446.25354    0.83522    0.16228
1446.58618    0.86998    0.16703
1446.91980    1.01978    0.16809
1447.25269    0.73507    0.16263
1447.58643    0.95565    0.16595
1447.91943    0.67258    0.16386
1448.25330    0.39350    0.15823
1448.58655    0.66738    0.15902
1448.91968    1.11164    0.16730
1449.25378    0.65437    0.17780
1449.58716    0.45643    0.20104
1449.92151    0.66974    0.22035
1450.25500    0.43760    0.20361
1450.58948    0.28222    0.17795
1450.92322    0.83463    0.16557
1451.25696    0.54078    0.16538
1451.59167    0.90701    0.17558
1451.92566    0.47746    0.17038
1452.26038    0.52877    0.16231
1452.59448    0.89386    0.16027
1452.92932    0.90656    0.16530
1453.26367    0.83782    0.17129
1453.59875    0.71140    0.16397
1453.93311    0.69927    0.15707
1454.26770    0.73412    0.15258
1454.60303    1.27102    0.16416
1454.93774    0.65489    0.15677
1455.27307    1.03489    0.16286
1455.60803    0.82460    0.17030
1455.94360    0.94004    0.16737
1456.27856    0.97423    0.15933
1456.61365    0.54328    0.15287
1456.94934    0.75005    0.15923
1457.28467    0.75549    0.16857
1457.62061    0.65584    0.17067
1457.95605    0.56814    0.16527
1458.29224    0.64089    0.16476
1458.62769    0.82613    0.17040
1458.96313    0.98125    0.16677
1459.29956    0.80085    0.16183
1459.63538    0.67230    0.16890
1459.97205    1.08502    0.18717
1460.30774    1.20559    0.18296
1460.64453    0.72676    0.16405
1460.98059    0.80255    0.15984
1461.31665    0.84026    0.17280
1461.65369    0.67253    0.18331
1461.98987    0.30270    0.17069
1462.32703    0.68813    0.16008
1462.66345    0.68462    0.15763
1463.00073    0.79945    0.16770
1463.33728    0.95594    0.18072
1463.67395    0.49203    0.17048
1464.01147    0.59441    0.17337
1464.34827    0.52157    0.16455
1464.68591    0.53398    0.15536
1465.02283    0.38302    0.15138
1465.36072    0.45606    0.15555
1465.69788    0.42043    0.15802
1466.03491    0.61292    0.16423
1466.37305    0.47800    0.16243
1466.71045    0.37041    0.16324
1467.04858    0.63388    0.16386
1467.38611    0.71644    0.16151
1467.72449    0.45394    0.15769
1468.06226    0.48343    0.15940
1468.39978    0.40147    0.16357
1468.73840    0.54846    0.16227
1469.07629    0.77687    0.15833
1469.41516    0.37697    0.15009
1469.75317    0.35695    0.15345
1470.09204    0.15796    0.15403
1470.43030   -0.04720    0.14896
1470.76855    0.53584    0.15377
1471.10779    0.59403    0.15957
1471.44617    0.45550    0.16149
1471.78540    0.35509    0.16261
1472.12402    0.20502    0.16349
1472.46350    0.36449    0.17477
1472.80212    0.34323    0.17760
1473.14111    0.46056    0.16474
1473.48071    0.53081    0.15621
1473.81970    0.59859    0.16540
1474.15967    0.28231    0.16494
1474.49866    0.72642    0.16099
1474.83875    0.76308    0.16006
1475.17810    0.82122    0.16678
1475.51733    0.77069    0.17982
1475.85767    0.76488    0.17826
1476.19714    0.63800    0.17364
1476.53760    0.85220    0.18484
1476.87732    0.75209    0.19159
1477.21777    0.83392    0.19315
1477.55762    0.80406    0.18171
1477.89746    0.89120    0.16862
1478.23840    0.83039    0.17523
1478.57837    0.68142    0.20172
1478.91931    0.62105    0.19278
1479.25964    0.88502    0.17864
1479.60071    1.00208    0.21430
1479.94104    1.23321    0.37308
1480.28235    7.72192    0.97158
1480.62292   -6.24298    2.12600
1480.96350   -9.20137    1.99971
1481.30505   -3.37929    1.36292
1481.64575    1.60018    0.46057
1481.98743    1.24740    0.25630
1482.32837    0.51665    0.20664
1482.67017    0.98080    0.18238
1483.01123    0.78543    0.17612
1483.35254    0.71730    0.17034
1483.69446    0.64890    0.17818
1484.03589    0.70997    0.18375
1484.37805    0.58785    0.16893
1484.71948    0.61732    0.15521
1485.06189    0.48973    0.15374
1485.40356    0.43147    0.15469
1485.74524    0.76842    0.15733
1486.08789    1.08616    0.16424
1486.42981    0.87169    0.16301
1486.77246    0.73184    0.15832
1487.11450    0.56976    0.16083
1487.45740    0.95603    0.17023
1487.79968    0.77695    0.17557
1488.14197    0.63870    0.18205
1488.48499    0.92954    0.18156
1488.82739    0.88747    0.16362
1489.17078    0.72308    0.16405
1489.51343    0.90900    0.18017
1489.85681    0.79666    0.17350
1490.19971    1.10530    0.16853
1490.54248    0.97028    0.16439
1490.88611    0.57738    0.16280
1491.22913    1.00602    0.16645
1491.57288    0.97727    0.16795
1491.91614    0.80423    0.17420
1492.26025    0.73306    0.18076
1492.60339    0.86701    0.18055
1492.94690    1.07665    0.18006
1493.29102    1.11102    0.17855
1493.63464    0.69937    0.17707
1493.97900    1.08619    0.19195
1494.32275    0.89206    0.18514
1494.66736    0.83556    0.16888
1495.01111    0.98625    0.16186
1495.35510    0.95417    0.17400
1495.69983    0.71422    0.18856
1496.04395    1.18674    0.17892
1496.38892    0.96779    0.16366
1496.73315    0.86885    0.16911
1497.07837    0.63824    0.16653
1497.42285    1.17399    0.17476
1497.76733    1.21444    0.17146
1498.11267    1.03105    0.16690
1498.45728    0.83516    0.16339
1498.80286    0.60437    0.16188
1499.14758    1.01802    0.16890
1499.49329    1.14485    0.17906
1499.83826    0.97669    0.17635
1500.18335    0.92079    0.16394
1500.52930    0.95263    0.15895
1500.87439    1.10203    0.16457
1501.22058    0.84122    0.15964
1501.56592    0.96959    0.16499
1501.91211    0.98504    0.17107
1502.25769    1.13175    0.20639
1502.60327    1.01617    0.20614
1502.94971    1.14571    0.17236
1503.29553    1.21392    0.17457
1503.64221    0.93845    0.16477
1503.98816    0.86574    0.16028
1504.33496    0.91328    0.16778
1504.68091    0.87135    0.17065
1505.02710    1.06079    0.17331
1505.37415    1.18155    0.17131
1505.72046    0.98499    0.16778
1506.06775    1.07804    0.17357
1506.41418    0.95911    0.17942
1506.76147    0.95176    0.17765
1507.10815    1.12960    0.16710
1507.45581    0.97574    0.16120
1507.80249    0.92331    0.16868
1508.14941    1.15807    0.18482
1508.49707    1.20345    0.18921
1508.84424    1.23356    0.18648
1509.19202    1.01952    0.18423
1509.53931    1.18975    0.18607
1509.88733    1.05648    0.18311
1510.23474    1.11366    0.18792
1510.58215    0.72926    0.19169
1510.93054    0.90821    0.18488
1511.27808    1.00137    0.17308
1511.62659    0.81779    0.16777
1511.97437    1.00187    0.16316
1512.32300    0.90074    0.16328
1512.67090    1.37554    0.17427
1513.01880    1.01529    0.16180
1513.36768    1.19594    0.16218
1513.71594    0.72998    0.16321
1514.06494    0.88870    0.15881
1514.41333    0.97422    0.15380
1514.76245    1.02972    0.14987
1515.11096    1.01966    0.15366
1515.45947    1.00589    0.15828
1515.80908    1.09264    0.15655
1516.15771    1.03105    0.15688
1516.50732    1.17964    0.16527
1516.85620    0.90228    0.16348
1517.20605    0.91701    0.16136
1517.55505    1.00178    0.15894
1517.90405    0.69802    0.15910
1518.25415    0.81758    0.16558
1518.60339    0.89846    0.16781
1518.95361    1.14969    0.16696
1519.30298    0.89414    0.14737
1519.65332    0.92648    0.14175
1520.00305    0.89027    0.14498
1520.35266    1.00761    0.14848
1520.70325    1.27566    0.14457
1521.05298    1.01654    0.14241
1521.40393    0.83758    0.14358
1521.75378    0.93543    0.14900
1522.10474    1.12647    0.15440
1522.45496    1.24074    0.15024
1522.80518    1.30276    0.14867
1523.15625    1.10237    0.14897
1523.50671    0.99175    0.14143
1523.85803    0.99530    0.13448
1524.20862    0.82700    0.13353
1524.56006    1.17835    0.14242
1524.91077    0.87235    0.13964
1525.26160    1.03084    0.14103
1525.61328    1.01954    0.14004
1525.96423    1.07591    0.14263
1526.31616    0.99190    0.14120
1526.66736    1.00663    0.14250
1527.01929    1.05608    0.14485
1527.37061    1.08063    0.13631
1527.72205    1.06184    0.13207
1528.07422    1.07555    0.14027
1528.42578    0.86093    0.14205
1528.77832    0.85855    0.13459
1529.12988    1.01784    0.13444
1529.48254    1.15255    0.13735
1529.83435    0.91227    0.12969
1530.18640    1.11461    0.13163
1530.53918    1.06946    0.12999
1530.89136    0.93728    0.13534
1531.24438    0.85305    0.14618
1531.59656    0.93241    0.15773
1531.94983    1.11203    0.16346
1532.30212    0.75048    0.15455
1532.65466    1.13801    0.14126
1533.00818    1.14130    0.12954
1533.36072    0.88806    0.12552
1533.71436    1.23301    0.12878
1534.06726    0.98409    0.12696
1534.42090    0.90246    0.12748
1534.77393    1.07698    0.13217
1535.12793    1.02796    0.13371
1535.48108    0.98190    0.13445
1535.83423    1.11467    0.13233
1536.18848    1.01788    0.12547
1536.54187    1.00435    0.12882
1536.89624    1.10855    0.14104
1537.24976    1.00559    0.15685
1537.60425    0.99728    0.15236
1537.95789    0.99801    0.14357
1538.31177    1.03893    0.13955
1538.66650    1.01849    0.14202
1539.02039    0.96169    0.14359
1539.37537    1.07088    0.13902
1539.72949    1.05157    0.13031
1540.08459    0.75374    0.12022
1540.43872    0.93744    0.12832
1540.79321    1.06353    0.14280
1541.14844    0.95004    0.14432
1541.50305    1.22882    0.13828
1541.85840    1.10279    0.13455
1542.21313    0.84686    0.16750
1542.56885    0.91452    0.17092
1542.92358    0.92887    0.16518
1543.27856    1.04998    0.12401
1543.63452    0.94309    0.12310
1543.98962    1.03273    0.13279
1544.34570    0.81048    0.13685
1544.70093    1.03423    0.13942
1545.05713    1.02797    0.14129
1545.41248    1.05519    0.13039
1545.76807    1.08286    0.12909
1546.12463    1.07768    0.13218
1546.48022    1.12395    0.14355
1546.83691    1.04240    0.14113
1547.19263    0.85279    0.13562
1547.54944    1.09090    0.13354
1547.90540    0.83815    0.13273
1548.26160    0.88418    0.14124
1548.61865    0.86583    0.14652
1548.97485    1.21122    0.14289
1549.33215    1.21172    0.13840
1549.68848    1.10525    0.13246
1550.04578    1.01744    0.13716
1550.40234    0.90468    0.13177
1550.75903    0.79756    0.13097
1551.11670    0.73742    0.13208
1551.47351    0.96703    0.13976
1551.83130    0.95679    0.14125
1552.18835    1.17571    0.14119
1552.54626    1.14046    0.14080
1552.90332    0.91188    0.14146
1553.26062    1.19052    0.14487
1553.61877    1.19598    0.14700
1553.97620    0.85555    0.14104
1554.33447    0.82654    0.14398
1554.69214    1.18947    0.14216
1555.05054    1.16279    0.15124
1555.40845    1.21969    0.15809
1555.76611    1.10192    0.17002
1556.12500    0.82452    0.15583
1556.48291    1.15777    0.15424
1556.84180    1.07682    0.15835
1557.20007    0.90332    0.16607
1557.55908    0.83161    0.17222
1557.91736    0.68335    0.16597
1558.27576    0.68435    0.16663
1558.63513    0.89052    0.16194
1558.99377    0.94109    0.15576
1559.35315    1.00807    0.15100
1559.71191    0.79457    0.15039
1560.07153    0.82408    0.15135
1560.43054    0.96404    0.15787
1560.78943    1.00907    0.15845
1561.14929    0.96912    0.15298
1561.50854    0.95602    0.15027
1561.86865    1.03917    0.15070
1562.22791    0.98106    0.15713
1562.58813    0.99383    0.17006
1562.94763    1.47138    0.19543
1563.30798    1.22509    0.28819
1563.66760    0.49564    0.41674
1564.02734   -0.65676    0.42177
1564.38806    0.77578    0.31947
1564.74792    1.94758    0.31305
1565.10876    0.68788    0.35951
1565.46887   -0.25524    0.36841
1565.82983    0.06243    0.31573
1566.19006    0.72639    0.22010
1566.55042    1.08096    0.17328
1566.91162    1.01161    0.16373
1567.27197    1.13539    0.16671
1567.63342    0.86699    0.17188
1567.99402    1.17530    0.17519
1568.35559    0.88266    0.16549
1568.71643    0.94948    0.16287
1569.07739    1.02360    0.15805
1569.43909    0.74260    0.15631
1569.80017    1.04762    0.16391
1570.16211    1.08985    0.17906
1570.52332    0.82341    0.18709
1570.88562    0.93645    0.18526
1571.24695    0.98478    0.17006
1571.60840    1.01646    0.16276
1571.97070    1.35571    0.17110
1572.33252    0.88013    0.17253
1572.69495    1.04084    0.18306
1573.05676    0.97541    0.18316
1573.41956    0.89768    0.17624
1573.78162    0.63539    0.16815
1574.14355    0.77207    0.16630
1574.50659    1.20919    0.17230
1574.86877    1.17407    0.18205
1575.23193    0.68407    0.19444
1575.59436    0.79428    0.19283
1575.95764    1.03631    0.18405
1576.32019    1.19002    0.17677
1576.68286    1.10605    0.17476
1577.04639    0.86906    0.18017
1577.40918    0.83194    0.18123
1577.77295    0.81470    0.17668
1578.13599    0.86303    0.17633
1578.49988    1.08416    0.18330
1578.86292    1.16582    0.18887
1579.22620    0.95828    0.18499
1579.59033    0.90797    0.17807
1579.95374    0.82911    0.17514
1580.31812    0.76954    0.19021
1580.68164    0.67222    0.20295
1581.04602    0.70325    0.19682
1581.40979    0.93766    0.18333
1581.77368    1.22535    0.17679
1582.13831    1.08234    0.17350
1582.50244    0.97181    0.17488
1582.86719    1.08063    0.20001
1583.23145    1.15616    0.20817
1583.59656    0.97003    0.18115
1583.96082    0.62066    0.17011
1584.32520    0.85483    0.17117
1584.69043    0.72242    0.17538
1585.05505    1.11962    0.18036
1585.42053    0.80852    0.18204
1585.78540    0.90153    0.18170
1586.15100    1.02029    0.18462
1586.51599    1.07769    0.19023
1586.88086    0.90675    0.18922
1587.24683    0.82900    0.18317
1587.61194    1.06674    0.17635
1587.97803    0.95027    0.16946
1588.34338    1.04596    0.17063
1588.70959    1.12000    0.17424
1589.07507    0.73825    0.17783
1589.44067    1.10994    0.18649
1589.80725    0.82403    0.17843
1590.17297    0.83116    0.16777
1590.53955    0.92762    0.16373
1590.90552    0.93566    0.16042
1591.27234    0.93423    0.16344
1591.63855    1.06931    0.17153
1592.00549    1.22277    0.17668
1592.37170    1.03456    0.17082
1592.73804    0.82591    0.16362
1593.10535    1.02818    0.15912
1593.47180    0.76581    0.15878
1593.83923    1.19297    0.17273
1594.20593    0.91716    0.17523
1594.57349    0.87436    0.17160
1594.94043    0.80223    0.16756
1595.30725    1.07529    0.16851
1595.67505    1.17329    0.16551
1596.04224    0.96989    0.15864
1596.41040    0.93129    0.15483
1596.77747    0.89343    0.16008
1597.14575    1.15551    0.16880
1597.51318    1.16046    0.16146
1597.88074    0.83526    0.15783
1598.24915    0.90097    0.16100
1598.61682    0.99136    0.16668
1598.98547    0.84677    0.16760
1599.35339    1.07891    0.16494
1599.72205    0.95482    0.16013
1600.09021    0.73930    0.15628
1600.45825    0.90272    0.15753
1600.82739    0.88724    0.16106
1601.19556    0.55137    0.16300
1601.56482    0.82433    0.18637
1601.93323    0.79893    0.19998
1602.30261    1.08425    0.19254
1602.67114    0.85722    0.16043
1603.03992    1.09198    0.15566
1603.40955    0.94468    0.15509
1603.77844    1.03004    0.16784
1604.14832    1.02563    0.17408
1604.51721    1.12871    0.17024
1604.88733    1.15574    0.16006
1605.25647    0.96991    0.15528
1605.62573    1.08604    0.15869
1605.99597    1.07565    0.16105
1606.36548    1.24450    0.17153
1606.73596    1.09902    0.17603
1607.10559    1.16255    0.18458
1607.47607    0.90581    0.16980
1607.84595    0.93549    0.15894
1608.21582    0.87991    0.15295
1608.58667    0.94067    0.15169
1608.95667    0.87567    0.15508
1609.32776    0.83608    0.16101
1609.69800    1.08219    0.16680
1610.06921    1.19118    0.16937
1610.43958    1.09872    0.16903
1610.80994    1.06000    0.16409
1611.18140    1.01126    0.15301
1611.55212    1.18105    0.15579
1611.92383    1.21260    0.16138
1612.29456    1.21409    0.16260
1612.66638    0.92902    0.15485
1613.03735    0.80786    0.15635
1613.40845    0.96317    0.15688
1613.78052    0.83753    0.15112
1614.15186    0.77210    0.14541
1614.52405    0.95056    0.14968
1614.89539    0.82243    0.15201
1615.26782    0.91228    0.15592
1615.63940    1.05173    0.15694
1616.01111    1.10281    0.15358
1616.38367    0.93408    0.14670
1616.75549    1.32957    0.14916
1617.12842    0.87330    0.14796
1617.50037    0.98544    0.15143
1617.87329    1.09270    0.15377
1618.24561    0.96641    0.15256
1618.61865    0.78217    0.14917
1618.99109    0.84376    0.14525
1619.36353    1.07033    0.14380
1619.73694    0.89179    0.13964
1620.10950    1.16649    0.14251
1620.48315    1.09854    0.14143
1620.85596    1.29677    0.14201
1621.22961    1.24208    0.14185
1621.60266    0.97993    0.14432
1621.97571    0.89871    0.14236
1622.34973    1.07411    0.13838
1622.72290    0.82508    0.13462
1623.09717    0.95466    0.13360
1623.47046    1.10361    0.13093
1623.84497    0.90459    0.12844
1624.21838    1.01583    0.13456
1624.59204    0.90812    0.13342
1624.96680    1.10264    0.12732
1625.34058    0.96984    0.12422
1625.71533    0.95237    0.12384
1626.08936    1.00643    0.12561
1626.46436    1.07138    0.12914
1626.83850    0.93693    0.12709
1627.21277    0.99834    0.12566
1627.58801    1.02089    0.12377
1627.96240    0.94076    0.12170
1628.33789    1.13118    0.12525
1628.71240    1.33578    0.13203
1629.08801    1.09167    0.12926
1629.46277    0.89802    0.13060
1629.83765    0.74607    0.12724
1630.21350    0.94118    0.13607
1630.58850    1.06309    0.14328
1630.96448    0.89977    0.14284
1631.33972    1.06185    0.13693
1631.71582    1.02237    0.13376
1632.09131    1.03772    0.12999
1632.46680    1.06859    0.12895
1632.84314    1.02737    0.12844
1633.21887    0.98885    0.13228
1633.59546    1.03965    0.14391
1633.97119    1.19452    0.14322
1634.34802    1.04950    0.13339
1634.72400    0.84814    0.12796
1635.09998    0.96033    0.13897
1635.47717    0.77497    0.13811
1635.85339    0.78278    0.13451
1636.23059    0.96002    0.13514
1636.60706    0.99718    0.13550
1636.98438    0.93465    0.13328
1637.36096    1.24549    0.13679
1637.73767    1.20190    0.14233
1638.11536    1.00854    0.14810
1638.49207    1.19732    0.15425
1638.87000    1.20426    0.14905
1639.24707    1.15634    0.14328
1639.62500    1.10398    0.14535
1640.00220    0.99924    0.14591
1640.37952    1.18492    0.14380
1640.75769    0.97920    0.13332
1641.13525    0.96797    0.13044
1641.51367    1.14514    0.13572
1641.89124    0.91256    0.14133
1642.26990    0.99346    0.14303
1642.64771    1.04999    0.14213
1643.02563    0.93702    0.14034
1643.40442    0.84267    0.13731
1643.78247    0.85531    0.13550
1644.16162    1.11899    0.13846
1644.53979    1.08710    0.13990
1644.91895    1.17712    0.13941
1645.29749    0.91731    0.13921
1645.67603    0.90899    0.13855
1646.05554    0.79744    0.13155
1646.43408    0.90482    0.13797
1646.81384    0.87451    0.14296
1647.19263    0.97219    0.14371
1647.57251    0.86975    0.14064
1647.95142    0.82991    0.13987
1648.33142    0.91690    0.14293
1648.71069    0.99107    0.14677
1649.08997    1.09970    0.15001
1649.47021    0.92998    0.14614
1649.84973    0.87546    0.14028
