1410.17236    1.17472    0.07523
1410.49683    0.98138    0.07379
1410.82214    1.28908    0.07473
1411.14661    1.08767    0.07365
1411.47205    1.06313    0.07342
1411.79675    1.18313    0.07540
1412.12146    1.14214    0.07444
1412.44727    0.97304    0.07316
1412.77209    1.06577    0.07309
1413.09790    1.19286    0.07559
1413.42285    1.04006    0.07377
1413.74890    0.97813    0.07273
1414.07410    1.08972    0.07360
1414.39954    1.09301    0.07265
1414.72559    1.13518    0.07308
1415.05103    1.17364    0.07169
1415.37732    1.05579    0.07096
1415.70288    0.99787    0.07068
1416.02942    1.03945    0.07114
1416.35510    1.01349    0.07066
1416.68103    1.01517    0.07093
1417.00769    0.98411    0.06991
1417.33362    1.12731    0.07303
1417.66040    1.16159    0.07165
1417.98669    1.00204    0.07204
1418.31360    0.92404    0.06985
1418.63977    0.99805    0.06942
1418.96619    0.97389    0.06973
1419.29346    1.12556    0.07127
1419.62000    1.22025    0.07235
1419.94727    1.10481    0.07079
1420.27393    0.93629    0.06977
1420.60156    0.85668    0.06868
1420.92834    1.07422    0.07240
1421.25513    1.10065    0.07275
1421.58289    1.08188    0.07170
1421.90991    1.10783    0.07211
1422.23779    1.02798    0.07131
1422.56506    0.98582    0.07050
1422.89307    0.96967    0.07021
1423.22046    1.06121    0.07128
1423.54773    1.03939    0.07174
1423.87610    0.97517    0.07101
1424.20374    1.06129    0.07183
1424.53210    0.92262    0.07170
1424.85986    1.17555    0.07358
1425.18835    1.15309    0.07364
1425.51624    1.09165    0.07051
1425.84424    1.07029    0.06996
1426.17285    0.86788    0.06813
1426.50110    0.95826    0.06889
1426.82996    0.95197    0.06934
1427.15820    1.05458    0.07127
1427.48730    1.04092    0.07024
1427.81567    0.95582    0.07007
1428.14502    1.07411    0.07197
1428.47351    1.05065    0.07374
1428.80225    1.02206    0.07175
1429.13171    1.07851    0.07090
1429.46033    1.03346    0.06917
1429.78992    0.95673    0.07103
1430.11890    1.04616    0.07110
1430.44873    0.96805    0.07099
1430.77771    0.90080    0.07134
1431.10681    1.03471    0.07190
1431.43689    1.06797    0.06992
1431.76624    0.97210    0.07054
1432.09644    1.02400    0.07072
1432.42590    1.06130    0.07071
1432.75623    1.07862    0.06959
1433.08582    0.99292    0.06973
1433.41541    1.03156    0.06961
1433.74597    1.08734    0.07050
1434.07581    0.91040    0.06757
1434.40662    0.97839    0.06786
1434.73645    0.93410    0.06687
1435.06738    0.92264    0.06705
1435.39746    0.91151    0.06823
1435.72766    0.92384    0.06907
1436.05884    1.05213    0.07073
1436.38916    1.09693    0.07150
1436.72034    0.91551    0.06847
1437.05090    0.95516    0.06819
1437.38220    1.03368    0.06872
1437.71289    0.94182    0.06702
1438.04358    0.85817    0.06691
1438.37524    1.05251    0.06835
1438.70618    1.04064    0.06864
1439.03784    0.92650    0.06840
1439.36902    0.98812    0.06782
1439.70081    1.03921    0.06870
1440.03223    0.80707    0.06647
1440.36328    0.92550    0.06736
1440.69556    1.00491    0.06810
1441.02686    0.96036    0.06705
1441.35925    0.97835    0.06815
1441.69080    1.07000    0.06837
1442.02332    1.05533    0.06992
1442.35498    0.97841    0.06865
1442.68689    0.94943    0.06917
1443.01941    0.99963    0.06932
1443.35144    1.03086    0.06838
1443.68433    0.98984    0.06952
1444.01636    0.93242    0.06871
1444.34937    0.92688    0.06755
1444.68164    0.93275    0.06521
1445.01404    0.87511    0.06464
1445.34729    0.89066    0.06661
1445.67981    0.97300    0.06744
1446.01318    0.96398    0.06741
1446.34583    0.95151    0.06780
1446.67932    0.93967    0.06687
1447.01208    0.92044    0.06676
1447.34509    0.91240    0.06655
1447.67871    0.86569    0.06461
1448.01172    0.81251    0.06592
1448.34570    1.06537    0.06883
1448.67883    1.07955    0.06869
1449.01294    0.92157    0.06673
1449.34631    0.90306    0.06597
1449.67969    0.99754    0.06577
1450.01404    0.93020    0.06477
1450.34753    0.88222    0.06460
1450.68201    1.06527    0.06660
1451.01575    0.91857    0.06519
1451.35034    0.82176    0.06334
1451.68420    0.98481    0.06417
1452.01904    0.99028    0.06782
1452.35303    0.74100    0.06540
1452.68713    0.78995    0.06248
1453.02209    0.86312    0.06538
1453.35645    0.87024    0.06390
1453.69141    0.94497    0.06452
1454.02588    1.07085    0.06583
1454.36121    0.84097    0.06327
1454.69580    0.90633    0.06251
1455.03052    0.89316    0.06388
1455.36609    0.88427    0.06221
1455.70081    0.99583    0.06467
1456.03638    1.05502    0.06512
1456.37146    0.94608    0.06404
1456.70728    0.82901    0.06267
1457.04236    0.84661    0.06284
1457.37756    0.88902    0.06394
1457.71362    0.83733    0.06252
1458.04895    0.81041    0.06156
1458.38525    1.05677    0.06366
1458.72083    0.69305    0.06268
1459.05701    0.88027    0.06426
1459.39270    1.13230    0.06610
1459.72852    1.00841    0.06545
1460.06519    0.92946    0.06503
1460.40100    0.82889    0.06393
1460.73767    0.95297    0.06376
1461.07385    0.93376    0.06251
1461.41077    0.86449    0.06258
1461.74683    0.86821    0.06152
1462.08313    0.84397    0.06105
1462.42029    0.80842    0.06216
1462.75671    0.89441    0.06210
1463.09412    0.79457    0.06041
1463.43066    0.76643    0.06065
1463.76807    0.89137    0.06279
1464.10486    0.86749    0.06187
1464.44177    0.79502    0.06176
1464.77942    0.86746    0.06202
1465.11633    0.89613    0.06265
1465.45410    0.81737    0.06114
1465.79138    0.79962    0.06185
1466.12939    0.96626    0.06395
1466.46655    0.96850    0.06409
1466.80396    0.95198    0.06286
1467.14221    0.87614    0.06129
1467.47974    0.85453    0.06147
1467.81824    0.87228    0.06196
1468.15576    0.82801    0.06172
1468.49426    0.96369    0.06321
1468.83215    0.97940    0.06324
1469.17017    0.88718    0.06284
1469.50891    0.76855    0.06086
1469.84692    0.78772    0.06276
1470.18579    0.98482    0.06446
1470.52405    0.91090    0.06345
1470.86316    0.84698    0.06084
1471.20166    0.74237    0.05899
1471.53992    0.78191    0.05938
1471.87927    0.91388    0.06066
1472.21790    0.86709    0.06222
1472.55737    0.88871    0.06225
1472.89624    0.79622    0.06010
1473.23584    0.85671    0.06047
1473.57483    0.89508    0.06077
1473.91370    0.74694    0.05907
1474.25354    0.65869    0.05926
1474.59277    0.98578    0.06188
1474.93274    0.88894    0.06094
1475.27222    0.78617    0.05857
1475.61230    0.86331    0.06091
1475.95166    0.92202    0.06076
1476.29126    0.80146    0.06068
1476.63171    0.84733    0.06074
1476.97144    0.97397    0.06140
1477.31201    0.97987    0.06347
1477.65186    0.96602    0.06238
1477.99268    0.96163    0.06125
1478.33264    0.86344    0.06024
1478.67358    0.87061    0.06284
1479.01379    0.98945    0.06378
1479.35388    0.96697    0.06366
1479.69519    0.91490    0.06485
1480.03540    0.93379    0.06650
1480.37671    0.91370    0.06211
1480.71729    0.83230    0.06151
1481.05872    0.79374    0.06122
1481.39954    0.95137    0.06201
1481.74023    0.94002    0.06293
1482.08191    0.84039    0.06125
1482.42285    1.06419    0.06381
1482.76477    0.89960    0.06133
1483.10583    0.87448    0.06227
1483.44788    0.90487    0.06480
1483.78906    0.89420    0.06201
1484.13049    0.87781    0.06282
1484.47266    0.91513    0.06264
1484.81421    0.93143    0.06339
1485.15662    0.92871    0.06387
1485.49829    0.93765    0.06180
1485.84094    0.94456    0.06183
1486.18262    0.94395    0.06584
1486.52441    0.93831    0.06578
1486.86731    0.88481    0.06035
1487.20947    0.93605    0.06099
1487.55237    0.85423    0.05870
1487.89453    0.78899    0.06005
1488.23767    0.85153    0.05937
1488.57996    0.87977    0.06063
1488.92249    0.85964    0.05925
1489.26575    1.02852    0.06065
1489.60840    0.90679    0.06018
1489.95190    0.80296    0.05833
1490.29468    0.86506    0.05843
1490.63831    0.76238    0.05738
1490.98120    0.78084    0.05813
1491.32422    0.75819    0.05896
1491.66809    0.86595    0.05841
1492.01135    0.88853    0.05857
1492.35535    0.80002    0.05816
1492.69861    0.86447    0.05880
1493.04285    0.82591    0.05787
1493.38635    0.77672    0.05698
1493.72998    0.80291    0.05767
1494.07422    0.83365    0.05791
1494.41797    0.78004    0.05731
1494.76270    0.68314    0.05732
1495.10657    0.73416    0.05791
1495.45129    0.83781    0.05835
1495.79541    0.83305    0.05781
1496.13940    0.74073    0.05542
1496.48450    0.70380    0.05573
1496.82874    0.79757    0.05696
1497.17383    0.81779    0.05756
1497.51831    0.75215    0.05921
1497.86365    0.63785    0.05621
1498.20825    0.70283    0.05656
1498.55286    0.84903    0.05675
1498.89844    0.74974    0.05690
1499.24329    0.77594    0.05727
1499.58899    0.65088    0.05617
1499.93396    0.73295    0.05630
1500.27991    0.83407    0.05754
1500.62500    0.81120    0.05810
1500.97009    0.85598    0.05829
1501.31628    0.82587    0.05771
1501.66174    0.85859    0.05812
1502.00793    0.76726    0.05968
1502.35352    0.76711    0.05735
1502.69983    0.86973    0.05812
1503.04565    0.79252    0.05686
1503.39136    0.87874    0.05977
1503.73804    0.96640    0.06097
1504.08411    0.91320    0.05824
1504.43091    0.96895    0.06186
1504.77698    1.02461    0.06157
1505.12390    0.78839    0.06143
1505.47009    1.08229    0.06259
1505.81738    0.81921    0.06095
1506.16382    0.90812    0.06032
1506.51025    1.05144    0.06289
1506.85754    0.92446    0.06081
1507.20422    0.96457    0.05961
1507.55188    0.98580    0.05894
1507.89868    1.03577    0.05992
1508.24646    0.98104    0.06014
1508.59338    0.90495    0.05860
1508.94043    0.93888    0.05977
1509.28833    1.05880    0.06172
1509.63562    1.09419    0.06137
1509.98364    1.05006    0.05978
1510.33105    1.14777    0.05977
1510.67932    1.05788    0.05839
1511.02686    0.87138    0.05630
1511.37451    1.10105    0.05842
1511.72302    1.02988    0.05766
1512.07080    1.00013    0.05738
1512.41943    0.99483    0.05617
1512.76733    1.00428    0.05685
1513.11621    1.07452    0.05703
1513.46423    1.13423    0.05749
1513.81250    0.89592    0.05458
1514.16150    0.91041    0.05473
1514.50989    0.99445    0.05497
1514.85913    0.99454    0.05558
1515.20764    0.96862    0.05466
1515.55701    1.03213    0.05571
1515.90564    1.07605    0.05598
1516.25439    0.96250    0.05449
1516.60400    0.82816    0.05261
1516.95300    0.84308    0.05316
1517.30273    0.95193    0.05509
1517.65173    0.92260    0.05408
1518.00183    0.82814    0.05368
1518.35095    0.96410    0.05345
1518.70032    1.02011    0.05439
1519.05054    0.95755    0.05209
1519.40002    0.92365    0.05260
1519.75037    0.98697    0.05238
1520.09998    1.05058    0.05272
1520.45056    1.00738    0.05311
1520.80029    1.12286    0.05350
1521.15002    1.15954    0.06083
1521.50085    1.05980    0.05886
1521.85083    1.14566    0.05511
1522.20178    1.12899    0.05385
1522.55212    1.08137    0.05295
1522.90308    1.09431    0.05407
1523.25342    1.08598    0.05240
1523.60388    1.05095    0.05234
1523.95520    1.10723    0.05186
1524.30591    1.14430    0.05224
1524.65735    1.17209    0.05288
1525.00806    1.10382    0.05197
1525.35974    1.09269    0.05159
1525.71069    1.18228    0.05232
1526.06152    1.17325    0.05251
1526.41345    1.08785    0.05081
1526.76465    1.07519    0.04969
1527.11670    1.08500    0.04960
1527.46802    1.07908    0.04911
1527.82031    1.09238    0.04954
1528.17175    1.15149    0.04989
1528.52332    1.13205    0.04990
1528.87585    1.16133    0.04934
1529.22742    1.11152    0.04912
1529.58020    1.05573    0.04819
1529.93201    1.11317    0.04863
1530.28479    1.22205    0.04962
1530.63696    1.16893    0.04885
1530.98901    1.11809    0.04867
1531.34204    1.10640    0.04849
1531.69434    1.08472    0.04677
1532.04749    1.06861    0.04638
1532.39990    1.09517    0.04625
1532.75342    0.95859    0.04441
1533.10596    0.75248    0.04178
1533.45935    0.71388    0.04105
1533.81226    0.79224    0.04077
1534.16504    0.91439    0.04300
1534.51880    1.07209    0.04479
1534.87183    0.97551    0.04356
1535.22583    0.79470    0.04067
1535.57898    0.69911    0.03907
1535.93311    0.56180    0.03710
1536.28638    0.35983    0.03426
1536.63989    0.29784    0.03272
1536.99414    0.27626    0.03190
1537.34778    0.30119    0.03194
1537.70227    0.34395    0.03242
1538.05603    0.33120    0.03204
1538.41077    0.24828    0.03005
1538.76453    0.16919    0.02888
1539.11865    0.12749    0.02849
1539.47351    0.14581    0.02844
1539.82764    0.10611    0.02724
1540.18274    0.13550    0.02739
1540.53711    0.24939    0.02919
1540.89233    0.24273    0.02938
1541.24670    0.26636    0.02975
1541.60132    0.23868    0.02845
1541.95679    0.22122    0.02876
1542.31152    0.26860    0.02817
1542.66724    0.41043    0.03105
1543.02209    0.62121    0.03415
1543.37793    0.71965    0.03618
1543.73291    0.65555    0.03631
1544.08813    0.69040    0.03765
1544.44409    0.72967    0.03722
1544.79944    0.75665    0.03742
1545.15576    0.93169    0.03895
1545.51111    0.81204    0.03842
1545.86755    1.01223    0.04085
1546.22314    1.32061    0.04553
1546.57886    1.40448    0.04660
1546.93555    1.37279    0.04671
1547.29138    1.56527    0.04822
1547.64819    1.47673    0.04767
1548.00427    1.38372    0.04705
1548.36121    1.41944    0.04659
1548.71741    1.51329    0.04881
1549.07373    1.58685    0.04961
1549.43091    1.61632    0.05035
1549.78735    1.48045    0.04907
1550.14478    1.36431    0.04837
1550.50134    1.32776    0.04647
1550.85889    1.25921    0.04675
1551.21558    1.15648    0.04540
1551.57251    1.17026    0.04553
1551.93030    1.14028    0.04513
1552.28723    1.03985    0.04423
1552.64526    1.00931    0.04321
1553.00244    1.04651    0.04405
1553.36060    1.07407    0.04479
1553.71790    1.05936    0.04451
1554.07532    1.01995    0.04475
1554.43372    1.02904    0.04547
1554.79126    1.04371    0.04677
1555.14990    1.04898    0.04661
1555.50757    1.00048    0.04543
1555.86633    0.88191    0.04421
1556.22412    0.96766    0.04456
1556.58215    0.92696    0.04476
1556.94116    0.97747    0.04777
1557.29932    1.05387    0.05420
1557.65845    0.99756    0.04999
1558.01672    0.89180    0.04502
1558.37610    0.89115    0.04580
1558.73462    0.91561    0.04626
1559.09314    0.94110    0.04669
1559.45276    0.94777    0.04639
1559.81152    0.94877    0.04625
1560.17114    0.96554    0.04662
1560.53003    0.89019    0.04628
1560.88989    0.91135    0.04676
1561.24902    0.93880    0.04713
1561.60901    0.94066    0.04760
1561.96826    0.96935    0.04788
1562.32764    1.01053    0.04808
1562.68774    0.87101    0.04700
1563.04724    0.91902    0.04762
1563.40771    0.91158    0.04872
1563.76746    0.93834    0.04924
1564.12805    1.05386    0.04997
1564.48779    0.99844    0.04958
1564.84778    0.95651    0.04943
1565.20850    0.94628    0.04891
1565.56873    0.88575    0.04812
1565.92969    0.88923    0.04872
1566.28992    1.00562    0.05073
1566.65100    1.04766    0.05123
1567.01147    0.96898    0.04979
1567.37195    0.92396    0.04974
1567.73340    0.91676    0.04966
1568.09412    0.96198    0.05049
1568.45569    0.99704    0.05098
1568.81641    0.93148    0.05068
1569.17834    1.02002    0.05161
1569.53931    0.92517    0.05017
1569.90039    0.97585    0.05078
1570.26233    0.98414    0.05009
1570.62366    0.84628    0.04887
1570.98572    0.94578    0.05030
1571.34717    0.99262    0.05146
1571.70947    0.98441    0.05188
1572.07104    1.02704    0.05223
1572.43274    1.05446    0.05285
1572.79541    1.01059    0.05470
1573.15710    1.02075    0.05498
1573.51990    1.16823    0.05516
1573.88196    1.03240    0.05374
1574.24487    0.95302    0.05191
1574.60706    1.02274    0.05149
1574.96924    1.04150    0.05215
1575.33252    0.92812    0.05118
1575.69482    1.05148    0.05378
1576.05823    1.00931    0.05356
1576.42065    0.98665    0.05189
1576.78430    1.00043    0.05356
1577.14709    1.00949    0.05286
1577.50989    1.06772    0.05384
1577.87354    0.94327    0.05244
1578.23645    0.95560    0.05335
1578.60059    1.07671    0.05613
1578.96362    1.07299    0.05423
1579.32788    0.97539    0.05487
1579.69104    1.06385    0.05560
1580.05444    0.96438    0.05538
1580.41882    1.04301    0.05618
1580.78235    0.98389    0.05770
1581.14685    0.91958    0.05947
1581.51062    0.97926    0.05696
1581.87549    0.92133    0.05709
1582.23926    1.03915    0.05732
1582.60339    0.93690    0.05570
1582.96826    0.90980    0.05528
1583.33240    0.98712    0.05569
1583.69751    1.01023    0.05515
1584.06177    0.96942    0.05511
1584.42712    0.94147    0.05452
1584.79163    0.95670    0.05447
1585.15625    0.94342    0.05379
1585.52161    0.98015    0.05495
1585.88647    1.01822    0.05436
1586.25220    0.89199    0.05247
1586.61719    1.07899    0.05445
1586.98291    1.05365    0.05496
1587.34802    0.94263    0.05301
1587.71313    0.98891    0.05606
1588.07935    1.11007    0.05558
1588.44458    0.97982    0.05319
1588.81091    0.86523    0.05145
1589.17639    1.03900    0.05273
1589.54297    1.00727    0.05233
1589.90869    0.91816    0.05216
1590.27515    0.96221    0.05479
1590.64111    0.85422    0.06067
1591.00696    0.94250    0.05716
1591.37390    0.96139    0.05185
1591.73999    1.00640    0.05198
1592.10693    1.04505    0.05225
1592.47327    1.00964    0.05136
1592.84045    0.98056    0.05189
1593.20691    0.98190    0.05194
1593.57349    1.01668    0.05182
1593.94092    1.01095    0.05210
1594.30762    0.98313    0.05219
1594.67517    0.97388    0.05253
1595.04211    0.95249    0.05125
1595.40991    0.89259    0.05053
1595.77686    0.91290    0.05087
1596.14404    0.98761    0.05273
1596.51208    1.02432    0.05217
1596.87939    0.96565    0.05157
1597.24756    0.88268    0.05196
1597.61499    0.96665    0.05255
1597.98340    0.89989    0.05166
1598.35120    0.95495    0.05250
1598.71875    0.97451    0.05230
1599.08740    0.87016    0.05067
1599.45532    1.00768    0.05275
1599.82422    1.06692    0.05382
1600.19226    1.03421    0.05206
1600.56128    0.97323    0.05107
1600.92932    0.95956    0.05070
1601.29773    0.97233    0.05070
1601.66699    0.94854    0.05120
1602.03540    1.12251    0.05346
1602.40479    1.08842    0.05358
1602.77356    1.00223    0.05319
1603.14319    0.99512    0.05234
1603.51184    1.03819    0.05200
1603.88086    1.05783    0.05339
1604.25061    1.03565    0.05242
1604.61975    0.87478    0.05358
1604.98962    0.86385    0.05326
1605.35901    0.99016    0.05130
1605.72900    1.04541    0.05198
1606.09851    0.99146    0.05220
1606.46790    1.05242    0.05220
1606.83850    0.98061    0.05187
1607.20813    1.02852    0.05189
1607.57861    1.05045    0.05293
1607.94861    0.94831    0.05307
1608.31934    1.03236    0.05304
1608.68933    0.99046    0.05215
1609.05945    0.95528    0.05081
1609.43042    1.01247    0.05337
1609.80066    1.06734    0.05356
1610.17188    1.04440    0.05415
1610.54224    1.02706    0.05278
1610.91370    1.03393    0.05176
1611.28430    1.05778    0.05168
1611.65491    1.02239    0.05303
1612.02661    0.99886    0.05282
1612.39746    1.05066    0.05276
1612.76917    1.07137    0.05220
1613.14026    0.99188    0.05161
1613.51233    0.96170    0.05197
1613.88354    0.95349    0.05447
1614.25464    0.99873    0.05432
1614.62695    1.03230    0.05517
1614.99841    0.91913    0.05479
1615.37073    1.10673    0.05541
1615.74243    1.04506    0.05527
1616.11499    1.00819    0.05249
1616.48669    1.03899    0.05382
1616.85864    1.00750    0.05247
1617.23157    0.97319    0.05167
1617.60352    0.92685    0.05152
1617.97656    0.95975    0.05217
1618.34875    1.05884    0.05365
1618.72192    1.08463    0.05311
1619.09436    1.01599    0.05214
1619.46765    1.02124    0.05149
1619.84021    0.95885    0.05097
1620.21301    1.03624    0.05228
1620.58643    1.07216    0.05111
1620.95935    1.01366    0.05114
1621.33313    0.97350    0.05124
1621.70618    1.01418    0.05060
1622.08008    0.98795    0.04957
1622.45325    0.98465    0.05033
1622.82642    1.04229    0.05072
1623.20068    1.06369    0.05132
1623.57410    1.00254    0.05062
1623.94849    0.98453    0.05066
1624.32214    1.02291    0.05083
1624.69666    1.02676    0.05107
1625.07031    1.02837    0.05165
1625.44434    1.04106    0.05126
1625.81909    1.05205    0.05117
1626.19312    1.04699    0.05069
1626.56799    0.97699    0.05019
1626.94226    1.04662    0.05071
1627.31750    1.02324    0.04979
1627.69177    0.97069    0.04944
1628.06628    1.03360    0.05001
1628.44165    1.10017    0.05161
1628.81628    1.22867    0.05233
1629.19189    1.05333    0.05071
1629.56665    1.02845    0.05083
1629.94250    1.14105    0.05218
1630.31750    1.10255    0.05148
1630.69250    0.97390    0.04994
1631.06848    0.96616    0.04970
1631.44373    1.04351    0.05112
1631.81995    1.00477    0.05300
1632.19531    1.00612    0.05380
1632.57178    1.10262    0.05542
1632.94727    0.96049    0.05386
1633.32300    0.94996    0.04907
1633.69971    1.07368    0.05037
1634.07556    1.05961    0.05042
1634.45227    1.02964    0.05057
1634.82825    1.12184    0.05176
1635.20532    1.08922    0.05172
1635.58142    1.00371    0.05031
1635.95764    1.02797    0.05099
1636.33496    1.08133    0.05188
1636.71130    1.03468    0.05265
1637.08887    0.99911    0.05101
1637.46545    1.19019    0.05250
1637.84302    0.97114    0.04856
1638.21985    1.11495    0.05067
1638.59668    1.11131    0.04996
1638.97449    0.95053    0.04902
1639.35156    0.97263    0.04804
1639.72961    1.05989    0.04964
1640.10681    1.01214    0.04849
1640.48499    0.99868    0.04826
1640.86243    0.96058    0.04665
1641.23987    0.96596    0.04699
1641.61829    1.03684    0.04765
1641.99597    0.99823    0.04830
1642.37463    1.04329    0.04753
1642.75244    0.94421    0.04690
1643.13135    0.95880    0.04759
1643.50940    1.01484    0.04816
1643.88733    0.98433    0.04908
1644.26636    1.07018    0.04996
1644.64465    1.05612    0.04970
1645.02393    0.99772    0.04874
1645.40234    1.00045    0.04820
1645.78174    1.01323    0.04761
1646.16040    0.98143    0.04671
1646.53918    0.97206    0.04644
1646.91882    0.89420    0.04767
1647.29773    1.03720    0.04993
1647.67761    1.01717    0.05085
1648.05664    0.93515    0.04810
1648.43665    0.99160    0.04866
1648.81592    0.93451    0.04741
1649.19604    1.07686    0.04882
1649.57544    0.99620    0.04886
1649.95496    0.95524    0.04912
