1410.17859    1.10755    0.11999
1410.50293    1.13202    0.12057
1410.82812    1.03274    0.11743
1411.15271    1.37496    0.12073
1411.47815    1.22307    0.11563
1411.80286    1.14278    0.11511
1412.12769    0.90682    0.11223
1412.45337    0.75310    0.10910
1412.77820    0.87660    0.10978
1413.10400    0.94258    0.11104
1413.42908    1.20351    0.11585
1413.75500    1.01853    0.11780
1414.08032    0.75019    0.11596
1414.40552    0.99549    0.11596
1414.73169    0.99162    0.11561
1415.05725    0.82508    0.11557
1415.38342    0.83157    0.11869
1415.70911    0.71691    0.11697
1416.03552    0.90779    0.11409
1416.36133    0.70622    0.11049
1416.68713    1.06254    0.11610
1417.01379    1.08656    0.11717
1417.33984    1.01888    0.11575
1417.66675    0.74401    0.11389
1417.99280    0.80186    0.11265
1418.31970    1.00175    0.11611
1418.64600    0.90384    0.11607
1418.97327    1.09752    0.11497
1419.29968    0.72274    0.10987
1419.62610    0.88424    0.11131
1419.95337    0.80668    0.11025
1420.28003    0.57363    0.10631
1420.60767    0.71968    0.10766
1420.93445    0.93891    0.11064
1421.26221    0.78506    0.10942
1421.58911    0.61914    0.10802
1421.91614    0.48071    0.10995
1422.24390    0.31886    0.11084
1422.57117    0.78664    0.11251
1422.89917    0.66768    0.10639
1423.22656    0.88449    0.10594
1423.55469    0.80481    0.10399
1423.88232    0.72796    0.10693
1424.20984    0.65717    0.10656
1424.53821    0.44071    0.10380
1424.86597    0.46458    0.10237
1425.19458    0.57801    0.10250
1425.52234    0.67309    0.10485
1425.85107    0.59338    0.10581
1426.17908    0.69988    0.11232
1426.50720    0.77766    0.11805
1426.83606    0.63842    0.11669
1427.16443    0.77284    0.11177
1427.49353    0.75355    0.10554
1427.82190    0.58133    0.10224
1428.15112    0.65290    0.10359
1428.47974    0.61608    0.10218
1428.80823    0.48887    0.10144
1429.13770    0.49395    0.10111
1429.46655    0.50521    0.10192
1429.79614    0.38605    0.10311
1430.12500    0.34211    0.10454
1430.45496    0.36364    0.10192
1430.78394    0.28595    0.09813
1431.11316    0.58029    0.10158
1431.44312    0.39800    0.10025
1431.77246    0.33308    0.09846
1432.10266    0.45151    0.10080
1432.43213    0.35723    0.10214
1432.76245    0.56146    0.10355
1433.09204    0.34953    0.10179
1433.42163    0.32789    0.10214
1433.75220    0.41713    0.10179
1434.08191    0.59758    0.10805
1434.41272    0.75430    0.11071
1434.74280    0.67982    0.10567
1435.07349    0.57474    0.10611
1435.40369    0.65834    0.10646
1435.73389    0.61190    0.10338
1436.06494    0.36155    0.09978
1436.39539    0.57306    0.10283
1436.72668    0.59264    0.10555
1437.05713    0.52102    0.10355
1437.38843    0.52201    0.10367
1437.71924    0.79685    0.10489
1438.04980    0.56170    0.10674
1438.38147    0.53564    0.10538
1438.71240    0.70449    0.10307
1439.04419    0.45031    0.10022
1439.37524    0.51523    0.10077
1439.70715    0.62825    0.10434
1440.03833    0.69659    0.10737
1440.36963    0.61850    0.10538
1440.70178    0.50190    0.10105
1441.03320    0.64788    0.10178
1441.36548    0.64034    0.10479
1441.69702    0.69718    0.10771
1442.02954    0.75123    0.10865
1442.36133    0.76955    0.10682
1442.69312    0.70157    0.10686
1443.02576    0.42206    0.10442
1443.35767    0.47105    0.10412
1443.69055    0.50333    0.10379
1444.02258    0.59788    0.10493
1444.35571    0.58405    0.10384
1444.68799    0.76208    0.10728
1445.02100    0.55377    0.10559
1445.35352    0.79440    0.10977
1445.68591    0.75106    0.11033
1446.01929    0.56279    0.10863
1446.35205    0.63699    0.10983
1446.68555    0.45172    0.10618
1447.01831    0.71146    0.10665
1447.35205    0.65931    0.10760
1447.68494    0.78886    0.11137
1448.01807    0.87375    0.11552
1448.35193    0.75737    0.11550
1448.68518    0.55474    0.11413
1449.01917    0.85316    0.11685
1449.35254    0.67736    0.11588
1449.68689    0.25921    0.10966
1450.02026    0.41257    0.10860
1450.35388    0.74238    0.11043
1450.68835    0.84934    0.10981
1451.02197    0.72806    0.10641
1451.35657    0.76424    0.10375
1451.69055    0.89165    0.10503
1452.02527    0.70923    0.10440
1452.35925    0.71803    0.10662
1452.69336    0.71955    0.10600
1453.02844    0.81754    0.10539
1453.36267    0.87654    0.10729
1453.69775    0.74737    0.10619
1454.03223    0.73103    0.10731
1454.36755    0.79579    0.10900
1454.70203    0.78292    0.10789
1455.03674    0.84128    0.10589
1455.37219    0.70001    0.10334
1455.70703    0.68600    0.10117
1456.04285    0.71652    0.10134
1456.37769    0.70800    0.10419
1456.71350    0.79688    0.11064
1457.04871    0.68560    0.11468
1457.38391    0.83635    0.11287
1457.71997    0.92795    0.10736
1458.05530    0.71258    0.10265
1458.39148    0.75183    0.10346
1458.72705    0.84696    0.10722
1459.06335    0.35935    0.10648
1459.39917    0.03673    0.10606
1459.73486    0.31697    0.10727
1460.07153    0.21009    0.10267
1460.40735    0.27323    0.10287
1460.74414    0.44133    0.10525
1461.08008    0.49261    0.10556
1461.41699    0.52659    0.10609
1461.75317    0.41537    0.10341
1462.08948    0.21917    0.10011
1462.42676    0.55189    0.10152
1462.76306    0.30993    0.09920
1463.10034    0.45378    0.10344
1463.43701    0.70843    0.10795
1463.77441    0.70230    0.11152
1464.11121    0.76945    0.11446
1464.44800    0.88103    0.11614
1464.78577    0.69038    0.11313
1465.12268    0.75451    0.11129
1465.46057    0.94627    0.10868
1465.79761    0.72238    0.10458
1466.13574    0.75144    0.10445
1466.47290    0.71622    0.10588
1466.81018    0.94132    0.10817
1467.14856    1.03513    0.10947
1467.48608    0.87669    0.10783
1467.82446    0.78582    0.11005
1468.16211    0.76383    0.11054
1468.50073    1.00563    0.11081
1468.83850    1.02875    0.10825
1469.17639    0.89161    0.10665
1469.51526    0.92482    0.10567
1469.85327    1.02849    0.10653
1470.19226    0.89534    0.10423
1470.53052    1.05750    0.10541
1470.86963    0.81791    0.10331
1471.20789    1.10927    0.10643
1471.54712    1.17023    0.10527
1471.88574    0.90803    0.10458
1472.22437    1.02514    0.10560
1472.56372    1.13937    0.10394
1472.90247    0.94023    0.10118
1473.24219    0.89304    0.10093
1473.58118    1.23561    0.11486
1473.92102    1.22452    0.11369
1474.25989    1.01494    0.10104
1474.59912    1.00004    0.10075
1474.93909    1.18972    0.10324
1475.27856    1.10163    0.10280
1475.61865    0.94566    0.10183
1475.95813    0.95103    0.10205
1476.29846    1.04143    0.10345
1476.63806    1.20833    0.10511
1476.97778    0.99319    0.10407
1477.31836    0.92931    0.10327
1477.65833    1.14482    0.10453
1477.99902    1.04805    0.10206
1478.33899    0.78484    0.09890
1478.67993    0.79014    0.09859
1479.02014    1.07712    0.10285
1479.36035    1.07982    0.10267
1479.70154    0.90011    0.10040
1480.04187    0.72985    0.09696
1480.38318    1.00394    0.10156
1480.72375    0.86814    0.10406
1481.06519    0.90319    0.10792
1481.40588    1.09200    0.11038
1481.74670    0.92805    0.10919
1482.08838    0.97296    0.11349
1482.42932    1.17892    0.11115
1482.77112    0.71815    0.09588
1483.11230    0.98982    0.09726
1483.45435    1.03909    0.09730
1483.79553    0.86842    0.09598
1484.13684    1.01218    0.09734
1484.47913    0.99307    0.09552
1484.82056    0.99401    0.09729
1485.16309    0.94491    0.09957
1485.50464    0.82365    0.10182
1485.84729    0.89586    0.10140
1486.18909    1.20777    0.10269
1486.53101    1.18482    0.10204
1486.87378    1.17948    0.10205
1487.21570    1.14602    0.10243
1487.55884    1.02310    0.10271
1487.90088    1.12795    0.10434
1488.24414    1.07462    0.10509
1488.58643    1.05965    0.10599
1488.92883    0.98047    0.10827
1489.27222    0.89707    0.10930
1489.61487    0.99630    0.11038
1489.95825    0.89938    0.10903
1490.30103    0.93900    0.11025
1490.64478    1.11895    0.11148
1490.98767    1.04474    0.10924
1491.33069    1.13902    0.10827
1491.67468    1.34500    0.10897
1492.01770    1.08956    0.10398
1492.36169    1.25442    0.10396
1492.70508    1.15843    0.10293
1493.04932    0.93674    0.09953
1493.39282    1.09623    0.10284
1493.73633    0.85917    0.10113
1494.08069    1.10757    0.10518
1494.42456    1.07889    0.10354
1494.76917    1.15126    0.10075
1495.11304    0.95887    0.09686
1495.45776    1.00879    0.09469
1495.80176    0.94725    0.09369
1496.14587    1.06156    0.09618
1496.49097    1.17854    0.09857
1496.83508    0.96091    0.09852
1497.18030    0.84618    0.09784
1497.52466    1.02166    0.09623
1497.87012    0.80949    0.09410
1498.21472    0.97432    0.09821
1498.56006    0.87933    0.09661
1498.90491    1.07237    0.09419
1499.24963    1.08551    0.09276
1499.59546    1.16721    0.09333
1499.94043    1.01920    0.09514
1500.28625    1.05956    0.09705
1500.63147    1.07556    0.09547
1500.97742    1.02269    0.09332
1501.32275    1.06061    0.09371
1501.66821    1.15184    0.09572
1502.01440    1.28027    0.09858
1502.35999    1.09847    0.09741
1502.70630    1.19657    0.09655
1503.05212    1.24939    0.09521
1503.39868    0.93669    0.09159
1503.74451    1.01210    0.09226
1504.09045    1.01290    0.09195
1504.43738    1.10541    0.09162
1504.78345    1.14641    0.09234
1505.13037    0.93246    0.08850
1505.47668    1.04678    0.08910
1505.82385    1.08064    0.08889
1506.17029    1.19655    0.09208
1506.51672    0.98481    0.09075
1506.86414    1.12044    0.09243
1507.21082    1.03604    0.09262
1507.55847    1.00062    0.09188
1507.90527    1.05240    0.09166
1508.25293    1.11118    0.08898
1508.59985    1.13167    0.08879
1508.94690    1.13818    0.09081
1509.29492    1.13287    0.09271
1509.64209    1.00224    0.08845
1509.99023    1.09569    0.08913
1510.33765    1.16638    0.09001
1510.68591    1.13945    0.09239
1511.03333    1.08373    0.09133
1511.38110    1.03441    0.08774
1511.72949    0.97892    0.08442
1512.07739    1.16246    0.08679
1512.42590    0.83032    0.08476
1512.77393    1.07126    0.08870
1513.12268    1.08778    0.09055
1513.47083    1.16002    0.09076
1513.81897    1.11266    0.08741
1514.16821    1.02182    0.08531
1514.51648    0.96083    0.08462
1514.86560    1.12245    0.08550
1515.21423    0.90864    0.08293
1515.56360    1.13619    0.08441
1515.91235    1.06495    0.08454
1516.26099    1.08492    0.08445
1516.61060    1.12618    0.08561
1516.95947    1.07791    0.08618
1517.30933    1.05562    0.08651
1517.65833    1.09650    0.08551
1518.00842    1.15232    0.08544
1518.35754    1.10395    0.08534
1518.70691    1.02327    0.08385
1519.05701    0.88508    0.08054
1519.40649    0.85750    0.07891
1519.75684    0.97339    0.08028
1520.10645    1.01407    0.08217
1520.45715    1.03402    0.08427
1520.80688    1.09783    0.08541
1521.15662    1.09066    0.08405
1521.50745    0.86339    0.09366
1521.85742    0.78276    0.09387
1522.20837    0.94929    0.08259
1522.55859    0.96997    0.08365
1522.90967    1.05345    0.08166
1523.26001    1.11860    0.07946
1523.61047    1.10492    0.07882
1523.96191    1.08858    0.07809
1524.31238    1.02415    0.07636
1524.66382    1.00401    0.07706
1525.01465    0.91565    0.07729
1525.36633    1.14205    0.07901
1525.71729    1.09620    0.07753
1526.06897    1.01100    0.07562
1526.42004    1.05144    0.07513
1526.77136    0.89466    0.07192
1527.12329    0.90186    0.07081
1527.47461    1.18240    0.07291
1527.82690    1.08495    0.07144
1528.17834    0.81519    0.06953
1528.53076    1.00304    0.07133
1528.88245    1.14013    0.07282
1529.23413    1.03169    0.07002
1529.58679    1.02618    0.07141
1529.93860    1.02766    0.07265
1530.29138    1.00950    0.07296
1530.64355    1.04644    0.07216
1530.99646    0.91509    0.06939
1531.34851    0.96304    0.06838
1531.70093    0.96635    0.06815
1532.05408    0.96629    0.06750
1532.40662    1.01902    0.06874
1532.75989    0.81930    0.06623
1533.11255    0.93081    0.06679
1533.46606    1.16063    0.06923
1533.81885    0.92506    0.06742
1534.17175    0.98102    0.06762
1534.52551    0.90691    0.06648
1534.87842    0.81773    0.06526
1535.23242    0.98354    0.06667
1535.58557    1.02318    0.06669
1535.93970    0.86613    0.06580
1536.29309    0.97206    0.06752
1536.64648    0.95339    0.06715
1537.00085    1.00838    0.06609
1537.35437    1.04087    0.06632
1537.70898    0.93363    0.06524
1538.06262    0.91757    0.06555
1538.41736    0.90299    0.06767
1538.77124    1.06549    0.07030
1539.12524    0.97224    0.06967
1539.48022    0.88812    0.06794
1539.83435    0.96569    0.06769
1540.18945    1.04493    0.06768
1540.54370    0.87334    0.06479
1540.89905    1.01793    0.06632
1541.25342    0.92888    0.06675
1541.60803    1.02875    0.06907
1541.96350    1.03172    0.06942
1542.31824    0.94766    0.06809
1542.67395    1.04597    0.06770
1543.02881    1.05480    0.06620
1543.38452    1.06206    0.06551
1543.73975    1.14138    0.06674
1544.09473    1.08600    0.06732
1544.45081    1.04390    0.06707
1544.80603    1.09018    0.06749
1545.16248    1.10916    0.06793
1545.51782    1.13613    0.06903
1545.87427    1.10362    0.06795
1546.22986    1.09649    0.06728
1546.58557    1.02075    0.06805
1546.94214    1.09375    0.06858
1547.29810    1.04567    0.06771
1547.65491    1.05364    0.06668
1548.01086    1.18661    0.06727
1548.36792    1.09789    0.06690
1548.72412    1.07185    0.06721
1549.08032    1.10503    0.06893
1549.43750    1.13151    0.07227
1549.79407    1.20348    0.07644
1550.15137    1.04511    0.07597
1550.50806    1.02802    0.07281
1550.86548    1.07077    0.06932
1551.22229    1.13485    0.06893
1551.57922    1.15827    0.07122
1551.93701    0.98944    0.07173
1552.29407    0.92058    0.07201
1552.65198    0.91750    0.07217
1553.00916    0.92624    0.07261
1553.36731    0.91662    0.07415
1553.72461    0.97334    0.07540
1554.08289    1.07233    0.07466
1554.44043    1.06279    0.07331
1554.79797    1.05044    0.07342
1555.15649    1.05443    0.07705
1555.51428    0.95339    0.08171
1555.87305    0.96467    0.08541
1556.23096    0.97288    0.08410
1556.58972    1.06731    0.08251
1556.94788    1.08118    0.08143
1557.30603    0.89169    0.07839
1557.66516    0.92257    0.07631
1558.02356    0.93752    0.07315
1558.38281    0.87194    0.07115
1558.74133    0.83029    0.07147
1559.10071    0.92229    0.07333
1559.45947    0.98303    0.07654
1559.81812    0.95664    0.07787
1560.17773    0.98593    0.07875
1560.53674    0.84949    0.07786
1560.89661    0.75688    0.07610
1561.25574    0.96160    0.07838
1561.61572    1.03373    0.08083
1561.97498    0.94665    0.08244
1562.33435    0.84343    0.08158
1562.69458    0.86853    0.08011
1563.05396    0.86771    0.08124
1563.41443    0.97578    0.08393
1563.77417    1.02851    0.08282
1564.13464    0.92020    0.07888
1564.49451    0.86354    0.07741
1564.85449    0.81852    0.07803
1565.21533    0.92349    0.08092
1565.57532    0.96652    0.08302
1565.93640    0.81452    0.08258
1566.29663    0.89130    0.08157
1566.65784    1.04257    0.08150
1567.01819    0.92951    0.08058
1567.37878    0.99578    0.08249
1567.74023    0.91688    0.08499
1568.10083    0.78031    0.08453
1568.46240    0.89941    0.08222
1568.82324    0.83667    0.07970
1569.18506    0.82413    0.08161
1569.54602    0.96122    0.08525
1569.90723    1.02904    0.08728
1570.26904    1.05804    0.08650
1570.63037    1.02042    0.08452
1570.99255    0.86175    0.08344
1571.35400    0.91506    0.08543
1571.71631    0.82188    0.08528
1572.07788    0.91164    0.08357
1572.43945    0.95658    0.08378
1572.80212    0.90380    0.08582
1573.16394    0.84343    0.08748
1573.52673    0.93106    0.08915
1573.88879    1.11782    0.09039
1574.25171    1.04724    0.08825
1574.61389    0.89870    0.08393
1574.97607    0.65489    0.07847
1575.33923    0.77221    0.07795
1575.70154    0.92623    0.08013
1576.06506    0.92251    0.08156
1576.42749    0.88641    0.08256
1576.79102    0.89110    0.09392
1577.15381    1.06353    0.09854
1577.51672    1.15768    0.08837
1577.88049    1.02689    0.08663
1578.24341    0.98990    0.08488
1578.60730    1.02835    0.08546
1578.97046    1.05619    0.08686
1579.33459    1.14103    0.08764
1579.69788    1.04374    0.08710
1580.06213    0.87953    0.08722
1580.42566    0.97876    0.08921
1580.78931    1.02653    0.08903
1581.15381    1.05463    0.08714
1581.51758    1.06187    0.08677
1581.88220    0.98139    0.08868
1582.24622    1.09292    0.09093
1582.61096    1.09418    0.09224
1582.97510    1.03096    0.09370
1583.33923    1.02216    0.09354
1583.70435    0.86225    0.09043
1584.06873    0.99797    0.08931
1584.43396    0.95811    0.08982
1584.79846    0.99804    0.09136
1585.16394    1.08978    0.08928
1585.52856    0.94594    0.08729
1585.89331    0.90115    0.08892
1586.25903    0.93041    0.09074
1586.62402    0.86354    0.09367
1586.98987    0.93756    0.09758
1587.35498    1.05309    0.09634
1587.72095    1.10863    0.09073
1588.08618    1.05755    0.08884
1588.45154    0.95666    0.08895
1588.81775    1.06472    0.09085
1589.18335    0.99096    0.09286
1589.54980    1.18885    0.09531
1589.91541    0.90420    0.09313
1590.28210    0.91975    0.09143
1590.64795    0.94732    0.08955
1591.01392    1.05436    0.08977
1591.38086    1.16082    0.09340
1591.74695    1.14429    0.09318
1592.11389    0.92004    0.09071
1592.48022    1.02725    0.09204
1592.84729    0.92803    0.09084
1593.21387    1.11175    0.09303
1593.58032    1.00913    0.09085
1593.94788    0.87453    0.09081
1594.31445    0.90110    0.08907
1594.68213    0.91124    0.08734
1595.04907    0.89912    0.08921
1595.41675    0.92847    0.09293
1595.78394    1.06058    0.09627
1596.15088    0.97827    0.09468
1596.51904    0.95285    0.09266
1596.88635    1.01361    0.09043
1597.25452    0.94879    0.09009
1597.62195    1.15642    0.09081
1597.99048    0.99854    0.08802
1598.35803    1.20539    0.09014
1598.72571    0.86916    0.08806
1599.09436    0.96908    0.09202
1599.46216    0.74183    0.09212
1599.83105    0.94457    0.09289
1600.19910    0.93951    0.08865
1600.56812    0.93150    0.08793
1600.93628    0.85584    0.09024
1601.30469    0.92218    0.09256
1601.67383    0.97837    0.09082
1602.04236    1.03259    0.09220
1602.41174    0.85189    0.09078
1602.78040    1.14582    0.09428
1603.15002    0.81391    0.09287
1603.51880    0.92899    0.09251
1603.88770    0.94808    0.09039
1604.25757    1.00098    0.08835
1604.62659    1.03299    0.08757
1604.99658    0.89828    0.08793
1605.36584    1.15565    0.09368
1605.73608    1.12329    0.09496
1606.10547    1.03405    0.09306
1606.47485    1.05174    0.09237
1606.84546    0.87160    0.08989
1607.21509    0.86207    0.08955
1607.58569    1.03703    0.09097
1607.95544    0.84830    0.09054
1608.32629    1.06893    0.09375
1608.69617    1.20811    0.09627
1609.06726    1.04444    0.09379
1609.43738    1.20277    0.09443
1609.80750    1.15498    0.09576
1610.17883    0.98986    0.09655
1610.54932    0.92133    0.09625
1610.92065    0.88278    0.09213
1611.29114    1.19113    0.09279
1611.66284    1.12611    0.09280
1612.03345    1.02999    0.09028
1612.40442    1.01590    0.08876
1612.77625    1.06788    0.08797
1613.14722    0.89931    0.08702
1613.51917    0.86523    0.08830
1613.89038    0.89595    0.09155
1614.26257    0.87504    0.09240
1614.63391    1.17129    0.09490
1615.00537    1.08156    0.09293
1615.37781    1.15380    0.09232
1615.74939    1.04067    0.09003
1616.12207    1.07030    0.08977
1616.49377    0.90285    0.09027
1616.86658    1.04575    0.09340
1617.23853    1.17046    0.09429
1617.61047    0.97046    0.08985
1617.98364    0.90413    0.08732
1618.35571    0.94846    0.08730
1618.72900    1.05833    0.08777
1619.10144    1.08880    0.08995
1619.47473    0.93480    0.08877
1619.84729    0.98948    0.09130
1620.21997    1.05583    0.09302
1620.59351    1.24232    0.09386
1620.96631    1.03068    0.09261
1621.34009    0.84012    0.08781
1621.71301    1.14761    0.09071
1622.08704    0.81317    0.09176
1622.46021    1.05984    0.09770
1622.83350    0.97194    0.09567
1623.20764    0.94175    0.09197
1623.58105    1.03136    0.08996
1623.95557    1.19219    0.09207
1624.32910    1.06684    0.09255
1624.70374    1.04754    0.09362
1625.07739    1.13145    0.09369
1625.45129    0.96684    0.09022
1625.82617    1.06322    0.09029
1626.20020    1.11882    0.09030
1626.57507    0.94733    0.09143
1626.94934    1.03789    0.09633
1627.32458    1.03369    0.09652
1627.69885    1.00068    0.09267
1628.07324    0.98881    0.08986
1628.44873    0.99469    0.08853
1628.82336    0.95031    0.08869
1629.19897    0.85319    0.08821
1629.57373    0.91604    0.09157
1629.94946    1.14245    0.09445
1630.32446    0.96420    0.09242
1630.69958    1.00830    0.09240
1631.07556    1.09021    0.09234
1631.45081    1.01523    0.09144
1631.82703    0.90156    0.09226
1632.20251    1.02575    0.09477
1632.57886    0.97336    0.09442
1632.95447    0.64620    0.08917
1633.33008    0.97003    0.09376
1633.70667    0.96494    0.10351
1634.08240    1.04006    0.13658
1634.45935    0.98411    0.16315
1634.83533    1.17636    0.14844
1635.21240    1.05647    0.11306
1635.58862    1.02886    0.10100
1635.96472    0.96422    0.09648
1636.34204    0.93426    0.09631
1636.71851    1.03289    0.09708
1637.09583    1.25168    0.09709
1637.47253    1.03224    0.09528
1637.84998    0.97369    0.09192
1638.22681    1.15573    0.09197
1638.60461    1.04280    0.09402
1638.98157    1.02217    0.09834
1639.35864    0.90160    0.09829
1639.73669    0.93843    0.09408
1640.11401    1.06352    0.09172
1640.49207    1.02840    0.09286
1640.86963    0.78832    0.09594
1641.24780    0.97589    0.09958
1641.62549    0.96656    0.09541
1642.00317    0.75855    0.08970
1642.38171    1.05982    0.09120
1642.75964    0.93092    0.09175
1643.13831    1.05581    0.09227
1643.51648    0.90721    0.08982
1643.89539    1.05168    0.09169
1644.27356    1.07392    0.09442
1644.65173    0.88675    0.09622
1645.03101    0.88621    0.09389
1645.40955    1.01572    0.09112
1645.78894    1.01023    0.09299
1646.16748    0.94069    0.09117
1646.54712    0.90693    0.09291
1646.92590    0.80858    0.09711
1647.30481    0.77947    0.09857
1647.68481    1.17953    0.09387
1648.06372    1.10488    0.09262
1648.44373    0.99479    0.09268
1648.82300    1.13577    0.09561
1649.20312    1.01960    0.09347
1649.58252    1.03959    0.09088
1649.96216    0.73058    0.08977
