1410.05493    0.97067    0.40713    0.00000
1410.38013    0.99077    0.39546    0.00000
1410.70459    0.98456    0.41012    0.00000
1411.02979    0.94545    0.42599    0.00000
1411.35437    0.87138    0.43251    0.00000
1411.67993    0.98473    0.40934    0.00000
1412.00476    0.86739    0.44026    0.00000
1412.33032    0.76752    0.46004    0.00000
1412.65515    0.79471    0.46891    0.00000
1412.98010    0.83253    0.46110    0.00000
1413.30603    0.86100    0.45690    0.00000
1413.63110    0.93904    0.42998    0.00000
1413.95715    0.90088    0.42962    0.00000
1414.28235    0.85516    0.43068    0.00000
1414.60840    0.87889    0.44226    0.00000
1414.93396    0.91311    0.43695    0.00000
1415.25940    0.89005    0.45566    0.00000
1415.58569    0.99657    0.43551    0.00000
1415.91150    0.93070    0.43482    0.00000
1416.23804    0.86487    0.44033    0.00000
1416.56372    0.81484    0.47216    0.00000
1416.89038    0.76901    0.49119    0.00000
1417.21631    0.93194    0.45205    0.00000
1417.54236    0.92437    0.46721    0.00000
1417.86926    0.90662    0.45955    0.00000
1418.19543    0.90543    0.46750    0.00000
1418.52246    0.90292    0.44278    0.00000
1418.84888    0.89531    0.46036    0.00000
1419.17603    0.88713    0.47070    0.00000
1419.50256    0.91320    0.45638    0.00000
1419.82898    0.89858    0.45873    0.00000
1420.15649    0.88805    0.47394    0.00000
1420.48315    0.90119    0.47245    0.00000
1420.81067    0.89744    0.46960    0.00000
1421.13757    0.85268    0.46934    0.00000
1421.46521    0.87581    0.44511    0.00000
1421.79224    0.87550    0.49560    0.00000
1422.11938    0.88350    0.45253    0.00000
1422.44727    0.91329    0.46290    0.00000
1422.77454    0.92490    0.46011    0.00000
1423.10266    0.88690    0.47684    0.00000
1423.42993    0.84807    0.49367    0.00000
1423.75818    0.85196    0.48921    0.00000
1424.08582    0.89037    0.47857    0.00000
1424.41333    0.90161    0.47953    0.00000
1424.74182    0.87958    0.48169    0.00000
1425.06958    0.91626    0.47353    0.00000
1425.39819    0.89897    0.48981    0.00000
1425.72620    0.91556    0.47976    0.00000
1426.05481    0.92662    0.48139    0.00000
1426.38306    0.89876    0.48718    0.00000
1426.71118    0.87459    0.48689    0.00000
1427.04004    0.90748    0.48333    0.00000
1427.36829    0.85410    0.48375    0.00000
1427.69751    0.88570    0.50249    0.00000
1428.02600    0.85202    0.51390    0.00000
1428.35535    0.78521    0.53841    0.00000
1428.68384    0.82109    0.52569    0.00000
1429.01245    0.88384    0.49482    0.00000
1429.34204    0.88416    0.49166    0.00000
1429.67090    0.84730    0.49514    0.00000
1430.00061    0.87582    0.49799    0.00000
1430.32959    0.92351    0.46752    0.00000
1430.65942    0.88973    0.49959    0.00000
1430.98840    0.82534    0.52201    0.00000
1431.31763    0.85214    0.52441    0.00000
1431.64771    0.76378    0.52955    0.00000
1431.97717    0.77437    0.51931    0.00000
1432.30737    0.85950    0.50400    0.00000
1432.63672    0.85901    0.51737    0.00000
1432.96716    0.85788    0.51918    0.00000
1433.29688    0.85776    0.53344    0.00000
1433.62659    0.86758    0.52768    0.00000
1433.95715    0.84626    0.51889    0.00000
1434.28699    0.84259    0.54673    0.00000
1434.61780    0.88857    0.52203    0.00000
1434.94775    0.87670    0.52523    0.00000
1435.27869    0.84397    0.53661    0.00000
1435.60889    0.84910    0.53530    0.00000
1435.93994    0.83471    0.52979    0.00000
1436.27026    0.84092    0.45384    0.00000
1436.60071    0.87294    0.45450    0.00000
1436.93188    0.80695    0.46394    0.00000
1437.26245    0.93199    0.44403    0.00000
1437.59399    0.92826    0.50931    0.00000
1437.92456    0.86701    0.52292    0.00000
1438.25623    0.87787    0.51585    0.00000
1438.58704    0.91774    0.50447    0.00000
1438.91797    0.84093    0.53304    0.00000
1439.24976    0.85638    0.53599    0.00000
1439.58093    0.78231    0.52846    0.00000
1439.91284    0.79814    0.52226    0.00000
1440.24414    0.85378    0.51997    0.00000
1440.57629    0.79195    0.55465    0.00000
1440.90759    0.74770    0.57369    0.00000
1441.23914    0.82835    0.49712    0.00000
1441.57153    0.73885    0.59423    0.00000
1441.90308    0.65879    0.63493    0.00000
1442.23560    0.69612    0.61664    0.00000
1442.56738    0.74903    0.59132    0.00000
1442.90002    0.70203    0.61631    0.00000
1443.23206    0.65513    0.63413    0.00000
1443.56409    0.63760    0.65715    0.00000
1443.89685    0.63936    0.64221    0.00000
1444.22913    0.61934    0.66901    0.00000
1444.56213    0.56525    0.69137    0.00000
1444.89441    0.53237    0.71789    0.00000
1445.22766    0.50038    0.71802    0.00000
1445.56018    0.41130    0.79942    0.00000
1445.89270    0.39284    0.78868    0.00000
1446.22607    0.43983    0.71985    0.00000
1446.55884    0.41458    0.68932    0.00000
1446.89233    0.29111    0.74872    0.00000
1447.22522    0.37494    0.70034    0.00000
1447.55884    0.35261    0.75433    0.00000
1447.89197    0.31928    0.73704    0.00000
1448.22510    0.30562    0.80262    0.00000
1448.55896    0.27880    0.81693    0.00000
1448.89221    0.32999    0.77500    0.00000
1449.22632    0.33406    0.74057    0.00000
1449.55969    0.37743    0.72115    0.00000
1449.89404    0.36472    0.74554    0.00000
1450.22754    0.33195    0.77495    0.00000
1450.56116    0.34842    0.77391    0.00000
1450.89575    0.30679    0.76164    0.00000
1451.22949    0.25229    0.76199    0.00000
1451.56409    0.38782    0.70060    0.00000
1451.89807    0.40229    0.74792    0.00000
1452.23279    0.38815    0.76938    0.00000
1452.56689    0.54140    0.74983    0.00000
1452.90112    0.56261    0.73276    0.00000
1453.23621    0.53773    0.68692    0.00000
1453.57043    0.59171    0.65980    0.00000
1453.90564    0.61837    0.66485    0.00000
1454.24011    0.65500    0.67385    0.00000
1454.57544    0.73780    0.64402    0.00000
1454.91003    0.69780    0.64084    0.00000
1455.24475    0.72636    0.62857    0.00000
1455.58032    0.74097    0.64598    0.00000
1455.91516    0.79462    0.61028    0.00000
1456.25098    0.78831    0.62306    0.00000
1456.58582    0.67780    0.65412    0.00000
1456.92188    0.70281    0.66137    0.00000
1457.25696    0.68838    0.66465    0.00000
1457.59229    0.68464    0.67872    0.00000
1457.92834    0.75291    0.64347    0.00000
1458.26367    0.79319    0.63829    0.00000
1458.59998    0.76661    0.63367    0.00000
1458.93555    0.83785    0.54460    0.00000
1459.27197    0.72430    0.57279    0.00000
1459.60767    0.72486    0.56630    0.00000
1459.94348    0.77063    0.64636    0.00000
1460.28015    0.78570    0.64010    0.00000
1460.61597    0.79769    0.60532    0.00000
1460.95288    0.81889    0.57958    0.00000
1461.28894    0.78940    0.58574    0.00000
1461.62598    0.85349    0.59761    0.00000
1461.96216    0.85960    0.60637    0.00000
1462.29919    0.86652    0.60360    0.00000
1462.63562    0.95091    0.55510    0.00000
1462.97217    0.89260    0.58936    0.00000
1463.30957    0.87414    0.59160    0.00000
1463.64612    0.86603    0.63804    0.00000
1463.98364    0.85341    0.61381    0.00000
1464.32056    0.84990    0.64267    0.00000
1464.65808    0.87233    0.61071    0.00000
1464.99512    0.90714    0.57550    0.00000
1465.33203    0.88619    0.56666    0.00000
1465.66992    0.90585    0.55846    0.00000
1466.00720    0.95564    0.56718    0.00000
1466.34521    0.93452    0.55580    0.00000
1466.68262    0.85127    0.57927    0.00000
1467.02075    0.90122    0.61865    0.00000
1467.35828    0.93224    0.57854    0.00000
1467.69580    0.98225    0.57444    0.00000
1468.03418    0.90070    0.47658    0.00000
1468.37207    0.86680    0.43811    0.00000
1468.71057    0.99240    0.42642    0.00000
1469.04846    0.89575    0.45770    0.00000
1469.38721    0.92953    0.51468    0.00000
1469.72534    0.91162    0.53547    0.00000
1470.06335    0.89267    0.54267    0.00000
1470.40234    0.90578    0.54071    0.00000
1470.74060    0.89735    0.56763    0.00000
1471.07983    0.85857    0.59078    0.00000
1471.41821    0.93321    0.57408    0.00000
1471.75745    0.91454    0.60160    0.00000
1472.09607    0.87029    0.62012    0.00000
1472.43469    0.86622    0.66062    0.00000
1472.77417    0.88845    0.62919    0.00000
1473.11304    0.90151    0.60176    0.00000
1473.45276    0.82792    0.58900    0.00000
1473.79175    0.85911    0.51423    0.00000
1474.13159    0.90462    0.39877    0.00000
1474.47070    0.89205    0.44951    0.00000
1474.80981    0.85389    0.62150    0.00000
1475.14990    0.84535    0.62042    0.00000
1475.48938    0.87468    0.60213    0.00000
1475.82959    0.90077    0.55427    0.00000
1476.16907    0.87142    0.62484    0.00000
1476.50952    0.87524    0.57960    0.00000
1476.84912    0.93311    0.59226    0.00000
1477.18896    0.84181    0.63644    0.00000
1477.52966    0.80751    0.66495    0.00000
1477.86951    0.86358    0.62347    0.00000
1478.21021    0.86444    0.62545    0.00000
1478.55042    0.80863    0.61065    0.00000
1478.89124    0.80305    0.63226    0.00000
1479.23145    0.84683    0.64345    0.00000
1479.57178    0.79267    0.64630    0.00000
1479.91296    0.78449    0.66769    0.00000
1480.25342    0.72860    0.69755    0.00000
1480.59473    0.66918    0.65907    0.00000
1480.93542    0.70279    0.59757    0.00000
1481.27686    0.73044    0.57786    0.00000
1481.61768    0.75782    0.62583    0.00000
1481.95850    0.76248    0.70021    0.00000
1482.30017    0.78307    0.67322    0.00000
1482.64124    0.81394    0.67018    0.00000
1482.98315    0.75367    0.63875    0.00000
1483.32422    0.57222    0.53812    0.00000
1483.66638    0.79047    0.33200    0.00000
1484.00769    0.81503    0.26761    0.00000
1484.34900    0.79380    0.29902    0.00000
1484.69128    0.72849    0.50844    0.00000
1485.03296    0.58238    0.66971    0.00000
1485.37537    0.68803    0.55337    0.00000
1485.71704    0.71551    0.51634    0.00000
1486.05969    0.72582    0.57506    0.00000
1486.40149    0.68460    0.73356    0.00000
1486.74341    0.62992    0.80465    0.00000
1487.08630    0.62956    0.82344    0.00000
1487.42834    0.63107    0.81592    0.00000
1487.77136    0.58710    0.86420    0.00000
1488.11365    0.60070    0.82744    0.00000
1488.45679    0.61429    0.81148    0.00000
1488.79919    0.60281    0.75683    0.00000
1489.14246    0.59103    0.77533    0.00000
1489.48511    0.57112    0.81146    0.00000
1489.82776    0.53965    0.86943    0.00000
1490.17126    0.51367    0.89907    0.00000
1490.51416    0.48714    0.82654    0.00000
1490.85779    0.44386    0.76556    0.00000
1491.20081    0.42043    0.79180    0.00000
1491.54468    0.49045    0.89101    0.00000
1491.88782    0.47187    0.98131    0.00000
1492.23096    0.38499    1.07951    0.00000
1492.57507    0.36862    1.19060    0.00000
1492.91846    0.40126    1.16263    0.00000
1493.26282    0.39207    1.15141    0.00000
1493.60620    0.38245    1.14789    0.00000
1493.95068    0.38652    1.12174    0.00000
1494.29431    0.35546    1.17537    0.00000
1494.63806    0.37710    1.17587    0.00000
1494.98279    0.39238    1.03330    0.00000
1495.32666    0.33486    1.01600    0.00000
1495.67151    0.34778    1.10775    0.00000
1496.01562    0.34825    1.20770    0.00000
1496.36060    0.28877    1.22423    0.00000
1496.70483    0.28145    1.16037    0.00000
1497.04919    0.31129    1.00230    0.00000
1497.39429    0.30888    0.94786    0.00000
1497.73877    0.32140    1.07599    0.00000
1498.08411    0.28460    1.07342    0.00000
1498.42883    0.32995    0.90785    0.00000
1498.77441    0.39571    0.56833    0.00000
1499.11914    0.36425    0.37873    0.00000
1499.46399    0.26933    0.71239    0.00000
1499.80981    0.30981    1.00817    0.00000
1500.15491    0.28603    1.11273    0.00000
1500.50073    0.34372    1.04314    0.00000
1500.84595    0.34311    1.11353    0.00000
1501.19202    0.29805    1.08423    0.00000
1501.53735    0.31907    1.08149    0.00000
1501.88281    0.34562    0.96281    0.00000
1502.22913    0.39845    0.92547    0.00000
1502.57483    0.39453    0.90089    0.00000
1502.92114    0.37073    0.94142    0.00000
1503.26697    0.35306    1.01250    0.00000
1503.61353    0.34071    1.15037    0.00000
1503.95959    0.34760    1.10140    0.00000
1504.30554    0.34470    1.09946    0.00000
1504.65234    0.36534    1.14363    0.00000
1504.99854    0.40468    1.19287    0.00000
1505.34558    0.39218    1.24927    0.00000
1505.69189    0.33564    1.30610    0.00000
1506.03906    0.38194    1.27489    0.00000
1506.38550    0.35253    1.27284    0.00000
1506.73206    0.36215    1.05563    0.00000
1507.07947    0.34583    0.78783    0.00000
1507.42627    0.32629    0.77725    0.00000
1507.77380    0.37603    1.30946    0.00000
1508.12073    0.42268    1.25290    0.00000
1508.46851    0.38443    1.24606    0.00000
1508.81555    0.40176    1.27250    0.00000
1509.16260    0.39833    1.25608    0.00000
1509.51062    0.38201    1.30985    0.00000
1509.85791    0.41149    1.24720    0.00000
1510.20605    0.42031    1.24553    0.00000
1510.55347    0.40989    1.22250    0.00000
1510.90173    0.40568    1.21425    0.00000
1511.24939    0.43743    1.22527    0.00000
1511.59705    0.45522    1.25435    0.00000
1511.94568    0.42301    1.25150    0.00000
1512.29346    0.43473    1.19132    0.00000
1512.64221    0.50795    1.14160    0.00000
1512.99023    0.48483    1.18571    0.00000
1513.33899    0.46141    1.22226    0.00000
1513.68713    0.47281    1.19177    0.00000
1514.03540    0.47446    1.14506    0.00000
1514.38452    0.48630    1.15287    0.00000
1514.73291    0.51648    1.14363    0.00000
1515.08215    0.47767    1.21522    0.00000
1515.43079    0.48546    1.22710    0.00000
1515.78015    0.51096    1.17361    0.00000
1516.12891    0.49105    1.15969    0.00000
1516.47852    0.54252    1.07338    0.00000
1516.82739    0.52826    1.12220    0.00000
1517.17639    0.56381    1.09904    0.00000
1517.52625    0.58594    1.08686    0.00000
1517.87524    0.54957    1.11476    0.00000
1518.22522    0.52795    1.11339    0.00000
1518.57458    0.60557    1.07921    0.00000
1518.92480    0.54713    1.09001    0.00000
1519.27417    0.60706    1.03980    0.00000
1519.62378    0.66136    0.94260    0.00000
1519.97412    0.68004    0.87933    0.00000
1520.32385    0.70253    0.95722    0.00000
1520.67432    0.63352    1.01982    0.00000
1521.02429    0.67822    0.97152    0.00000
1521.37488    0.62874    1.00994    0.00000
1521.72485    0.65924    0.79616    0.00000
1522.07495    0.70017    0.96063    0.00000
1522.42603    0.64409    0.90172    0.00000
1522.77625    0.74168    0.79186    0.00000
1523.12732    0.70847    0.79893    0.00000
1523.47778    0.69405    0.82772    0.00000
1523.82910    0.71976    0.84469    0.00000
1524.17969    0.74061    0.61117    0.00000
1524.53027    0.74445    0.63538    0.00000
1524.88184    0.77120    0.70821    0.00000
1525.23254    0.79978    0.70522    0.00000
1525.58435    0.88175    0.65969    0.00000
1525.93530    0.86341    0.81874    0.00000
1526.28711    0.82666    0.85306    0.00000
1526.63831    0.88770    0.83870    0.00000
1526.98950    0.84877    0.87168    0.00000
1527.34155    0.81435    0.90387    0.00000
1527.69299    0.87282    0.86576    0.00000
1528.04529    0.90298    0.86711    0.00000
1528.39685    0.86783    0.89826    0.00000
1528.74927    0.80829    0.92760    0.00000
1529.10095    0.73789    0.95886    0.00000
1529.45264    0.81388    0.92777    0.00000
1529.80542    0.86919    0.83883    0.00000
1530.15735    0.87367    0.72936    0.00000
1530.51025    0.87594    0.63812    0.00000
1530.86230    0.89174    0.64177    0.00000
1531.21521    0.86491    0.75151    0.00000
1531.56750    0.82146    0.84493    0.00000
1531.91980    0.79070    0.83665    0.00000
1532.27307    0.91230    0.75206    0.00000
1532.62561    1.00565    0.72556    0.00000
1532.97913    0.91730    0.81126    0.00000
1533.33167    0.95834    0.83006    0.00000
1533.68530    0.94890    0.82438    0.00000
1534.03809    0.91565    0.83309    0.00000
1534.39099    0.96163    0.81034    0.00000
1534.74487    0.99933    0.79397    0.00000
1535.09790    0.93396    0.83939    0.00000
1535.45190    0.90405    0.85701    0.00000
1535.80505    0.83333    0.87037    0.00000
1536.15930    0.89285    0.82973    0.00000
1536.51257    0.93803    0.79596    0.00000
1536.86621    0.94862    0.80215    0.00000
1537.22058    0.99998    0.76945    0.00000
1537.57422    1.02731    0.76998    0.00000
1537.92871    1.07609    0.73137    0.00000
1538.28259    1.06091    0.70889    0.00000
1538.63721    1.03813    0.65356    0.00000
1538.99121    1.06071    0.62796    0.00000
1539.34534    1.07419    0.68616    0.00000
1539.70020    0.99696    0.77960    0.00000
1540.05444    1.11151    0.73564    0.00000
1540.40955    1.11856    0.71762    0.00000
1540.76392    1.11534    0.72603    0.00000
1541.11926    1.14015    0.67783    0.00000
1541.47375    1.13625    0.65959    0.00000
1541.82837    1.16076    0.67445    0.00000
1542.18396    1.17444    0.66655    0.00000
1542.53870    1.17620    0.67704    0.00000
1542.89429    1.17567    0.69468    0.00000
1543.24927    1.18422    0.62227    0.00000
1543.60522    1.19070    0.58613    0.00000
1543.96033    1.16257    0.56068    0.00000
1544.31641    1.16001    0.62530    0.00000
1544.67163    1.21674    0.70900    0.00000
1545.02698    1.18832    0.71669    0.00000
1545.38318    1.12777    0.70543    0.00000
1545.73877    1.13327    0.68541    0.00000
1546.09521    1.08271    0.72169    0.00000
1546.45093    1.13046    0.74078    0.00000
1546.80737    1.10712    0.72140    0.00000
1547.16333    1.07037    0.73616    0.00000
1547.51929    1.05381    0.74524    0.00000
1547.87610    1.02311    0.78401    0.00000
1548.23218    0.98679    0.81060    0.00000
1548.58923    0.97447    0.77684    0.00000
1548.94543    1.03122    0.67836    0.00000
1549.30261    1.02474    0.66711    0.00000
1549.65906    0.98469    0.71409    0.00000
1550.01562    0.99995    0.75327    0.00000
1550.37292    0.97447    0.82927    0.00000
1550.72961    0.94628    0.82657    0.00000
1551.08728    0.97795    0.81964    0.00000
1551.44409    1.01797    0.78718    0.00000
1551.80188    1.00714    0.80201    0.00000
1552.15881    0.96373    0.81767    0.00000
1552.51587    0.96940    0.84873    0.00000
1552.87390    0.93167    0.88575    0.00000
1553.23108    0.90957    0.88287    0.00000
1553.58923    0.93137    0.82226    0.00000
1553.94678    0.96653    0.76972    0.00000
1554.30505    0.97485    0.80172    0.00000
1554.66260    0.95113    0.85128    0.00000
1555.02026    0.87266    0.88368    0.00000
1555.37891    0.89109    0.79840    0.00000
1555.73669    0.89331    0.75713    0.00000
1556.09546    0.89331    0.82165    0.00000
1556.45337    0.92739    0.88829    0.00000
1556.81226    0.84571    0.93144    0.00000
1557.17041    0.90143    0.88898    0.00000
1557.52869    0.88463    0.90655    0.00000
1557.88782    0.89030    0.90522    0.00000
1558.24622    0.92650    0.90207    0.00000
1558.60559    0.91265    0.86498    0.00000
1558.96399    0.89721    0.85408    0.00000
1559.32361    0.86823    0.88381    0.00000
1559.68225    0.86653    0.89008    0.00000
1560.04114    0.86826    0.90511    0.00000
1560.40088    0.82610    0.98091    0.00000
1560.75989    0.75138    1.03274    0.00000
1561.11975    0.74956    1.00686    0.00000
1561.47888    0.82434    0.95885    0.00000
1561.83887    0.91292    0.89382    0.00000
1562.19824    0.90169    0.91479    0.00000
1562.55762    0.85293    0.89115    0.00000
1562.91797    0.85926    0.91797    0.00000
1563.27747    0.82502    0.97347    0.00000
1563.63794    0.82424    0.98790    0.00000
1563.99768    0.83962    0.95496    0.00000
1564.35840    0.79973    0.96636    0.00000
1564.71826    0.77714    1.02689    0.00000
1565.07825    0.84268    0.98184    0.00000
1565.43909    0.85703    0.96694    0.00000
1565.79919    0.83663    0.98724    0.00000
1566.16028    0.84986    0.96985    0.00000
1566.52063    0.89630    0.94307    0.00000
1566.88184    0.88798    0.95704    0.00000
1567.24231    0.81673    1.01072    0.00000
1567.60291    0.83934    1.00254    0.00000
1567.96436    0.76448    1.06794    0.00000
1568.32507    0.84690    0.98026    0.00000
1568.68665    0.88458    0.94641    0.00000
1569.04749    0.81976    0.98117    0.00000
1569.40930    0.81740    0.98767    0.00000
1569.77039    0.90204    0.93620    0.00000
1570.13147    0.76550    1.01033    0.00000
1570.49353    0.84116    0.97017    0.00000
1570.85486    0.90059    0.93633    0.00000
1571.21716    0.83421    0.98828    0.00000
1571.57861    0.77921    1.05615    0.00000
1571.94104    0.77839    1.05262    0.00000
1572.30261    0.83200    1.02592    0.00000
1572.66516    0.79996    0.98985    0.00000
1573.02698    0.82520    1.03784    0.00000
1573.38879    0.83182    1.00228    0.00000
1573.75171    0.74736    1.06921    0.00000
1574.11377    0.84743    1.00060    0.00000
1574.47668    0.79944    1.03196    0.00000
1574.83887    0.77072    1.06338    0.00000
1575.20203    0.80088    1.02918    0.00000
1575.56433    0.82880    1.02160    0.00000
1575.92688    0.80690    1.01373    0.00000
1576.29028    0.77923    1.02722    0.00000
1576.65283    0.83252    1.01411    0.00000
1577.01648    0.84664    0.96998    0.00000
1577.37927    0.81038    1.07012    0.00000
1577.74304    0.79578    1.04121    0.00000
1578.10596    0.83206    1.01194    0.00000
1578.46899    0.83275    1.01445    0.00000
1578.83301    0.82597    1.00309    0.00000
1579.19617    0.79541    1.02571    0.00000
1579.56030    0.78949    1.03569    0.00000
1579.92383    0.81949    0.97593    0.00000
1580.28796    0.83653    0.96121    0.00000
1580.65161    0.80432    1.00898    0.00000
1581.01526    0.82984    1.02383    0.00000
1581.37988    0.83441    0.99397    0.00000
1581.74365    0.84820    0.94319    0.00000
1582.10828    0.82997    1.01843    0.00000
1582.47229    0.76542    1.07202    0.00000
1582.83728    0.80606    1.04981    0.00000
1583.20142    0.81544    1.02327    0.00000
1583.56555    0.81902    1.02197    0.00000
1583.93066    0.84119    1.01194    0.00000
1584.29517    0.83750    1.00417    0.00000
1584.66040    0.80654    0.99613    0.00000
1585.02502    0.84670    0.99263    0.00000
1585.39050    0.76104    1.07691    0.00000
1585.75525    0.82224    1.03958    0.00000
1586.12000    0.83863    1.02182    0.00000
1586.48584    0.79321    1.06075    0.00000
1586.85071    0.82027    1.02325    0.00000
1587.21667    0.82899    1.03717    0.00000
1587.58191    0.83249    1.03386    0.00000
1587.94788    0.85158    0.99065    0.00000
1588.31323    0.83275    1.04288    0.00000
1588.67859    0.81450    1.00939    0.00000
1589.04492    0.83828    0.97726    0.00000
1589.41052    0.81670    1.00983    0.00000
1589.77698    0.85063    0.96761    0.00000
1590.14270    0.83472    0.82643    0.00000
1590.50940    0.81597    0.84214    0.00000
1590.87537    0.81707    0.88721    0.00000
1591.24133    0.81155    0.84981    0.00000
1591.60815    0.80885    0.83450    0.00000
1591.97437    0.81557    0.85298    0.00000
1592.34155    0.80716    1.05688    0.00000
1592.70776    0.81138    1.06155    0.00000
1593.07507    0.83067    1.04313    0.00000
1593.44165    0.84914    1.03263    0.00000
1593.80811    0.86099    0.99227    0.00000
1594.17566    0.78730    1.08731    0.00000
1594.54236    0.81255    1.01053    0.00000
1594.91003    0.87835    0.98233    0.00000
1595.27698    0.89369    0.99721    0.00000
1595.64490    0.86119    0.99681    0.00000
1596.01196    0.85326    1.01551    0.00000
1596.37915    0.84393    1.04433    0.00000
1596.74731    0.86713    0.99055    0.00000
1597.11462    0.86851    0.94327    0.00000
1597.48291    0.83777    0.99172    0.00000
1597.85034    0.82740    1.05063    0.00000
1598.21887    0.86368    1.01581    0.00000
1598.58655    0.85356    1.02123    0.00000
1598.95422    0.85095    1.03406    0.00000
1599.32300    0.84963    1.00175    0.00000
1599.69092    0.85986    1.04943    0.00000
1600.05969    0.88326    0.98908    0.00000
1600.42786    0.86823    1.03279    0.00000
1600.79688    0.89383    1.03289    0.00000
1601.16516    0.85264    1.03549    0.00000
1601.53442    0.86679    1.01491    0.00000
1601.90271    0.89356    0.96544    0.00000
1602.27136    0.84876    1.00038    0.00000
1602.64075    0.89690    0.98286    0.00000
1603.00952    0.92670    0.97169    0.00000
1603.37915    0.90660    0.97928    0.00000
1603.74805    0.88556    1.01320    0.00000
1604.11780    0.89799    0.98883    0.00000
1604.48682    0.91213    0.93407    0.00000
1604.85596    0.87466    1.02103    0.00000
1605.22607    0.93179    0.95254    0.00000
1605.59534    0.88532    1.01635    0.00000
1605.96558    0.87008    1.02030    0.00000
1606.33496    0.90971    0.99131    0.00000
1606.70544    0.90261    1.00345    0.00000
1607.07507    0.87527    1.03246    0.00000
1607.44470    0.84800    0.99456    0.00000
1607.81543    0.84936    0.87445    0.00000
1608.18530    0.91223    0.68452    0.00000
1608.55615    0.92201    0.62888    0.00000
1608.92615    0.83810    0.70436    0.00000
1609.29724    0.90404    0.68785    0.00000
1609.66748    0.93495    0.63148    0.00000
1610.03772    0.94742    0.63800    0.00000
1610.40906    0.92942    0.80579    0.00000
1610.77942    0.90456    0.90945    0.00000
1611.15100    0.91713    0.94156    0.00000
1611.52148    0.94145    0.85257    0.00000
1611.89307    0.88517    0.73628    0.00000
1612.26392    0.89122    0.76010    0.00000
1612.63489    0.92717    0.98298    0.00000
1613.00684    0.92238    0.96202    0.00000
1613.37781    0.89699    0.97452    0.00000
1613.74988    0.94546    0.95769    0.00000
1614.12109    0.92590    0.97102    0.00000
1614.49329    0.87355    1.03675    0.00000
1614.86462    0.89096    1.02375    0.00000
1615.23633    0.90475    0.99377    0.00000
1615.60864    0.85127    0.98405    0.00000
1615.98035    0.90739    0.91142    0.00000
1616.35303    0.91438    0.67450    0.00000
1616.72485    0.89273    0.51850    0.00000
1617.09766    0.88975    0.49826    0.00000
1617.46973    0.89883    0.64054    0.00000
1617.84180    0.90663    0.67447    0.00000
1618.21484    0.93142    0.63000    0.00000
1618.58716    0.85471    0.66838    0.00000
1618.96033    0.91940    0.72379    0.00000
1619.33276    0.92418    0.78510    0.00000
1619.70618    0.86381    0.87660    0.00000
1620.07886    0.89393    0.87576    0.00000
1620.45142    0.92179    0.83009    0.00000
1620.82507    0.90932    0.82815    0.00000
1621.19800    0.87927    0.92337    0.00000
1621.57190    0.86691    0.95724    0.00000
1621.94482    0.85544    0.92828    0.00000
1622.31885    0.85983    0.85294    0.00000
1622.69214    0.96191    0.74113    0.00000
1623.06543    0.92519    0.78627    0.00000
1623.43970    0.94891    0.84002    0.00000
1623.81323    0.93194    0.89192    0.00000
1624.18762    0.87817    0.92475    0.00000
1624.56128    0.89949    0.91700    0.00000
1624.93591    0.93839    0.81555    0.00000
1625.30981    0.89100    0.78775    0.00000
1625.68372    0.95223    0.78533    0.00000
1626.05847    0.98950    0.79667    0.00000
1626.43262    0.92991    0.93150    0.00000
1626.80762    0.87138    0.99918    0.00000
1627.18188    0.90922    0.97184    0.00000
1627.55713    0.92717    0.86634    0.00000
1627.93152    0.93934    0.76665    0.00000
1628.30603    0.91838    0.75592    0.00000
1628.68152    0.89279    0.83826    0.00000
1629.05615    0.89963    0.97674    0.00000
1629.43188    0.89680    1.02334    0.00000
1629.80664    0.94523    0.97448    0.00000
1630.18250    0.86563    0.84180    0.00000
1630.55762    0.89650    0.68656    0.00000
1630.93359    0.93986    0.67253    0.00000
1631.30872    0.84566    0.83216    0.00000
1631.68396    0.97227    0.91101    0.00000
1632.06030    0.94010    0.97897    0.00000
1632.43567    0.94027    1.02330    0.00000
1632.81213    0.96501    0.97619    0.00000
1633.18774    0.97276    0.99816    0.00000
1633.56445    0.95199    0.98556    0.00000
1633.94019    0.89640    0.95202    0.00000
1634.31604    0.98032    0.81615    0.00000
1634.69287    1.02063    0.73518    0.00000
1635.06897    0.95083    0.83571    0.00000
1635.44604    0.93774    0.98987    0.00000
1635.82239    1.03321    0.91458    0.00000
1636.19946    0.92514    0.82455    0.00000
1636.57593    0.96162    0.64631    0.00000
1636.95239    0.99561    0.60437    0.00000
1637.32996    0.95981    0.74364    0.00000
1637.70654    0.94609    0.91558    0.00000
1638.08423    1.00627    0.95463    0.00000
1638.46106    0.98447    0.93621    0.00000
1638.83887    0.93364    0.99443    0.00000
1639.21582    0.98230    0.99395    0.00000
1639.59302    1.00666    0.95538    0.00000
1639.97107    1.00599    0.94516    0.00000
1640.34839    1.01799    0.95628    0.00000
1640.72668    0.91914    0.98824    0.00000
1641.10413    1.00683    0.89483    0.00000
1641.48242    0.99589    0.89083    0.00000
1641.86011    0.95664    0.88898    0.00000
1642.23792    0.97968    0.92456    0.00000
1642.61646    1.01344    0.95494    0.00000
1642.99438    0.98613    0.93687    0.00000
1643.37329    1.03771    0.78319    0.00000
1643.75134    0.97621    0.74770    0.00000
1644.13037    0.94446    0.82802    0.00000
1644.50867    0.97110    0.95186    0.00000
1644.88696    0.97215    0.91573    0.00000
1645.26624    1.00416    0.98584    0.00000
1645.64465    0.99136    0.97950    0.00000
1646.02429    0.99039    0.95757    0.00000
1646.40283    0.97935    1.01499    0.00000
1646.78247    0.94526    1.02983    0.00000
1647.16138    0.93579    1.01603    0.00000
1647.54028    0.99804    0.98049    0.00000
1647.92017    0.97093    1.02352    0.00000
1648.29932    0.97309    0.95736    0.00000
1648.67944    0.96070    1.02630    0.00000
1649.05872    0.92549    1.01186    0.00000
1649.43896    0.92847    1.00111    0.00000
1649.81848    0.97720    0.94066    0.00000
