1410.23462    1.57431    0.07418 65552.00000
1410.55908    1.53750    0.07625 65552.00000
1410.88354    2.05494    0.07555 65552.00000
1411.20886    1.71173    0.07624 65552.00000
1411.53357    1.45671    0.07374 65552.00000
1411.85913    1.07450    0.07373 65552.00000
1412.18384    1.16248    0.07341 65552.00000
1412.50952    1.13013    0.07440 65552.00000
1412.83447    0.87175    0.07712 65552.00000
1413.15955    1.27438    0.07771 65552.00000
1413.48535    1.83235    0.08047 65552.00000
1413.81055    1.35259    0.09317 65552.00000
1414.13660    1.22975    0.10327 65552.00000
1414.46191    1.01520    0.10098 65552.00000
1414.78809    1.37973    0.08517 65552.00000
1415.11340    1.31723    0.07876 65552.00000
1415.43909    1.19490    0.07462 65552.00000
1415.76550    2.03534    0.07112 65552.00000
1416.09119    1.89543    0.07505 65552.00000
1416.41772    1.31338    0.08190 65552.00000
1416.74365    1.01597    0.08671 65552.00000
1417.07031    1.25548    0.08762 65552.00000
1417.39624    1.99302    0.08272 65552.00000
1417.72229    1.67315    0.08686 65552.00000
1418.04932    1.00299    0.09042 65552.00000
1418.37549    1.59229    0.08737 65552.00000
1418.70264    1.72374    0.08420 65552.00000
1419.02893    1.42874    0.08384 65552.00000
1419.35608    1.00550    0.08580 65552.00000
1419.68274    1.28975    0.08336 65552.00000
1420.00916    1.60492    0.07824 65552.00000
1420.33667    1.74563    0.07592 65552.00000
1420.66345    1.58559    0.07893 65552.00000
1420.99097    1.33007    0.08505 65552.00000
1421.31799    1.30996    0.08599 65552.00000
1421.64575    1.14277    0.08440 65552.00000
1421.97278    1.35856    0.08551 65552.00000
1422.29993    1.27704    0.08606 65552.00000
1422.62781    1.59577    0.08106 65552.00000
1422.95520    1.58666    0.07873 65552.00000
1423.28333    1.21957    0.07411 65552.00000
1423.61060    1.22566    0.07337 65552.00000
1423.93884    1.36111    0.08538 65552.00000
1424.26648    1.48194    0.07933 65552.00000
1424.59497    1.74257    0.07477 65552.00000
1424.92261    1.75563    0.07799 65552.00000
1425.25037    1.27941    0.08865 65552.00000
1425.57922    1.11783    0.09594 65552.00000
1425.90710    1.30615    0.09092 65552.00000
1426.23596    1.54937    0.08181 65552.00000
1426.56409    1.39083    0.07406 65552.00000
1426.89307    1.47566    0.07062 65552.00000
1427.22131    1.43029    0.07450 65552.00000
1427.54956    1.49727    0.08064 65552.00000
1427.87866    1.60822    0.08157 65552.00000
1428.20728    1.34706    0.08219 65552.00000
1428.53662    1.28453    0.08477 65552.00000
1428.86523    1.40159    0.09137 65552.00000
1429.19458    1.34806    0.09602 65552.00000
1429.52356    1.46600    0.09821 65552.00000
1429.85229    0.89910    0.10353 65552.00000
1430.18213    1.13496    0.10101 65552.00000
1430.51111    1.35996    0.08919 65552.00000
1430.84094    1.00458    0.07660 65552.00000
1431.17004    1.23318    0.07115 65552.00000
1431.50012    1.73445    0.07317 65552.00000
1431.82947    1.17771    0.08472 65552.00000
1432.15881    1.30501    0.09110 65552.00000
1432.48914    1.48322    0.08865 65552.00000
1432.81873    1.19711    0.08568 65552.00000
1433.14893    1.43506    0.08341 65552.00000
1433.47876    1.50237    0.08773 65552.00000
1433.80933    1.48510    0.09476 65552.00000
1434.13904    1.71945    0.09289 65552.00000
1434.46899    1.62192    0.09257 65552.00000
1434.79993    1.58904    0.09195 65552.00000
1435.13000    1.90998    0.08929 65552.00000
1435.46094    1.17389    0.09874 65552.00000
1435.79114    1.15887    0.09572 65552.00000
1436.12219    1.31859    0.09412 65552.00000
1436.45264    1.47217    0.09267 65552.00000
1436.78308    1.54364    0.09016 65552.00000
1437.11426    1.28517    0.09120 65552.00000
1437.44495    1.12823    0.09580 65552.00000
1437.77637    1.06652    0.10190 65552.00000
1438.10718    1.52059    0.10544 65552.00000
1438.43884    1.59469    0.10564 65552.00000
1438.76978    1.38506    0.10977 65552.00000
1439.10071    1.30998    0.11341 65552.00000
1439.43250    1.31328    0.11847 65552.00000
1439.76379    1.34228    0.12589 65552.00000
1440.09570    1.26018    0.12755 65552.00000
1440.42700    1.15077    0.12626 65552.00000
1440.75903    0.84672    0.12262 65552.00000
1441.09070    0.87691    0.11976 65552.00000
1441.42200    1.38754    0.11684 65552.00000
1441.75452    1.36032    0.11546 65552.00000
1442.08618    1.58494    0.11367 65552.00000
1442.41870    1.98207    0.10882 65552.00000
1442.75049    1.58393    0.11124 65552.00000
1443.08325    1.22806    0.10812 65552.00000
1443.41516    1.48295    0.10207 65552.00000
1443.74731    1.46907    0.09566 65552.00000
1444.08020    1.22369    0.08957 65552.00000
1444.41235    1.06173    0.08731 65552.00000
1444.74548    0.97002    0.08986 65552.00000
1445.07776    1.25136    0.09021 65552.00000
1445.41101    1.20170    0.09216 65552.00000
1445.74353    0.59339    0.09158 65552.00000
1446.07629    1.05437    0.09060 65552.00000
1446.40955    1.15406    0.09815 65552.00000
1446.74243    1.09406    0.11245 65552.00000
1447.07593    1.15579    0.12521 65552.00000
1447.40881    1.78480    0.11437 65552.00000
1447.74268    1.34102    0.11085 65552.00000
1448.07568    1.24130    0.10125 65552.00000
1448.40894    1.20828    0.09684 65552.00000
1448.74292    1.17100    0.09327 65552.00000
1449.07605    1.03461    0.09092 65552.00000
1449.41028    1.21922    0.09064 65552.00000
1449.74377    1.50367    0.09126 65552.00000
1450.07812    1.37920    0.09417 65552.00000
1450.41162    1.48158    0.09665 65552.00000
1450.74609    0.98454    0.10037 65552.00000
1451.07983    1.28211    0.09968 65552.00000
1451.41370    1.39850    0.10421 65552.00000
1451.74829    1.65980    0.11073 65552.00000
1452.08228    0.91577    0.12182 65552.00000
1452.41711    0.90827    0.12082 65552.00000
1452.75134    1.23938    0.11073 65552.00000
1453.08630    1.52333    0.10521 65552.00000
1453.42065    1.57940    0.10518 65552.00000
1453.75500    1.12041    0.10571 65552.00000
1454.09009    0.96536    0.10253 65552.00000
1454.42456    1.55669    0.09557 65552.00000
1454.76013    1.63844    0.08681 65552.00000
1455.09473    2.02328    0.07872 65552.00000
1455.43018    1.02069    0.08429 65552.00000
1455.76501    1.06117    0.09936 65552.00000
1456.09998    0.81382    0.11496 65552.00000
1456.43579    1.36237    0.11752 65552.00000
1456.77075    0.80577    0.11528 65552.00000
1457.10681    1.14807    0.10844 65552.00000
1457.44189    0.85938    0.10551 65552.00000
1457.77808    0.82099    0.09810 65552.00000
1458.11340    1.62037    0.08462 65552.00000
1458.44885    1.53277    0.07906 65552.00000
1458.78516    1.09870    0.07868 65552.00000
1459.12073    1.56015    0.08136 65552.00000
1459.45728    1.56886    0.08628 65552.00000
1459.79285    0.86679    0.09390 65552.00000
1460.12952    0.68216    0.09152 65552.00000
1460.46545    1.87791    0.08021 65552.00000
1460.80139    1.62486    0.08037 65552.00000
1461.13843    1.61253    0.08410 65552.00000
1461.47449    1.84460    0.08454 65552.00000
1461.81140    1.27656    0.08344 65552.00000
1462.14771    1.07681    0.08306 65552.00000
1462.48486    1.62625    0.08507 65552.00000
1462.82129    1.74106    0.09603 65552.00000
1463.15796    1.44789    0.10125 65552.00000
1463.49524    1.47085    0.10093 65552.00000
1463.83203    1.21941    0.10093 65552.00000
1464.16943    1.59113    0.09381 65552.00000
1464.50635    1.78083    0.08023 65552.00000
1464.84399    2.10491    0.08452 65552.00000
1465.18103    1.20541    0.09327 65552.00000
1465.51807    1.38709    0.09650 65552.00000
1465.85608    1.50526    0.09198 65552.00000
1466.19324    1.48868    0.10007 65552.00000
1466.53125    1.12828    0.11849 65552.00000
1466.86877    1.14631    0.13175 65552.00000
1467.20703    1.36459    0.12993 65552.00000
1467.54443    1.26718    0.12351 65552.00000
1467.88208    1.57823    0.11121 65552.00000
1468.22058    1.67898    0.10447 65552.00000
1468.55835    1.42185    0.10510 65552.00000
1468.89697    1.07928    0.10654 65552.00000
1469.23486    1.07473    0.10534 65552.00000
1469.57373    1.46033    0.10323 65552.00000
1469.91187    1.47161    0.10328 65552.00000
1470.25000    1.44826    0.10456 65552.00000
1470.58899    1.18988    0.10421 65552.00000
1470.92725    0.82559    0.10041 65552.00000
1471.26648    1.13909    0.09553 65552.00000
1471.60498    1.39341    0.09838 65552.00000
1471.94434    1.20494    0.10369 65552.00000
1472.28296    1.17053    0.10727 65552.00000
1472.62170    1.07222    0.10801 65552.00000
1472.96118    1.56782    0.10148 65552.00000
1473.30017    1.53733    0.11013 65552.00000
1473.63989    1.11660    0.11934 65552.00000
1473.97876    1.04099    0.12148 65552.00000
1474.31860    1.15864    0.11185 65552.00000
1474.65784    1.58914    0.10270 65552.00000
1474.99707    1.28525    0.10390 65552.00000
1475.33728    1.41426    0.10798 65552.00000
1475.67676    1.31785    0.10929 65552.00000
1476.01697    1.19546    0.09817 65552.00000
1476.35645    1.48421    0.08180 65552.00000
1476.69690    1.61110    0.07471 65552.00000
1477.03662    1.40329    0.08643 65552.00000
1477.37732    0.97185    0.10736 65552.00000
1477.71716    0.90226    0.11671 65552.00000
1478.05701    1.14108    0.10520 65552.00000
1478.39795    1.68922    0.07858 65552.00000
1478.73792    1.34872    0.07489 65552.00000
1479.07898    1.36628    0.08423 65552.00000
1479.41919    0.72737    0.10787 65552.00000
1479.76038    0.85148    0.11257 65552.00000
1480.10083    1.58907    0.10863 65552.00000
1480.44128    1.56396    0.10674 65552.00000
1480.78271    1.32973    0.10510 65552.00000
1481.12341    1.31516    0.08287 65552.00000
1481.46484    1.27941    0.07835 65552.00000
1481.80579    1.49962    0.08173 65552.00000
1482.14746    1.63463    0.08035 65552.00000
1482.48828    1.48586    0.09185 65552.00000
1482.82935    1.12075    0.08412 65552.00000
1483.17139    1.20783    0.08755 65552.00000
1483.51257    1.65970    0.09249 65552.00000
1483.85474    1.67522    0.09337 65552.00000
1484.19604    1.64802    0.10337 65552.00000
1484.53821    0.93391    0.10542 65552.00000
1484.87976    2.54328    0.09591 65552.00000
1485.22144    2.36229    0.08910 65552.00000
1485.56384    1.69034    0.09353 65552.00000
1485.90564    1.93596    0.10155 65552.00000
1486.24829    1.30045    0.11263 65552.00000
1486.59009    1.07818    0.10390 65552.00000
1486.93298    1.58202    0.10134 65552.00000
1487.27502    1.54230    0.10677 65552.00000
1487.61719    1.90795    0.08123 65552.00000
1487.96033    1.52159    0.08086 65552.00000
1488.30249    1.75204    0.09175 65552.00000
1488.64575    1.77786    0.09896 65552.00000
1488.98816    1.90683    0.10866 65552.00000
1489.33154    1.63978    0.11361 65552.00000
1489.67407    1.62265    0.11312 65552.00000
1490.01697    1.48387    0.11500 65552.00000
1490.36035    1.53833    0.11451 65552.00000
1490.70325    1.50318    0.11618 65552.00000
1491.04700    1.38844    0.11857 65552.00000
1491.39001    1.50945    0.11776 65552.00000
1491.73401    1.22323    0.12003 65552.00000
1492.07715    1.09660    0.11508 65552.00000
1492.42041    1.52072    0.10566 65552.00000
1492.76465    1.51105    0.10601 65552.00000
1493.10791    1.70325    0.10848 65552.00000
1493.45227    1.38272    0.11447 65552.00000
1493.79590    0.86885    0.11324 65552.00000
1494.14026    1.10614    0.10662 65552.00000
1494.48401    1.13390    0.10663 65552.00000
1494.82776    1.44877    0.11010 65552.00000
1495.17261    1.87990    0.11676 65552.00000
1495.51648    1.49697    0.12863 65552.00000
1495.86133    1.20239    0.13095 65552.00000
1496.20544    1.72688    0.11600 65552.00000
1496.55054    1.91216    0.10466 65552.00000
1496.89490    1.66493    0.10618 65552.00000
1497.23914    1.31558    0.11488 65552.00000
1497.58447    0.81557    0.12071 65552.00000
1497.92883    1.24288    0.11263 65552.00000
1498.27429    1.45410    0.10025 65552.00000
1498.61914    1.64389    0.09903 65552.00000
1498.96460    1.85415    0.10647 65552.00000
1499.30945    1.39183    0.11907 65552.00000
1499.65430    1.65133    0.11661 65552.00000
1500.00024    1.59556    0.10499 65552.00000
1500.34534    1.50670    0.09701 65552.00000
1500.69128    1.66706    0.09596 65552.00000
1501.03650    1.39371    0.10299 65552.00000
1501.38257    1.34442    0.10565 65552.00000
1501.72803    1.75807    0.10540 65552.00000
1502.07349    1.49271    0.10443 65552.00000
1502.41980    1.86748    0.10496 65552.00000
1502.76550    1.32231    0.11340 65552.00000
1503.11194    1.43338    0.11387 65552.00000
1503.45764    1.47667    0.11718 65552.00000
1503.80444    1.43414    0.12057 65552.00000
1504.15039    1.12236    0.12398 65552.00000
1504.49731    1.30785    0.12204 65552.00000
1504.84338    1.40728    0.11611 65552.00000
1505.18958    1.42123    0.11632 65552.00000
1505.53674    1.39942    0.10952 65552.00000
1505.88293    1.44383    0.10415 65552.00000
1506.23022    1.28072    0.10809 65552.00000
1506.57678    1.08599    0.11764 65552.00000
1506.92419    1.34446    0.12398   16.00000
1507.27075    1.60132    0.11672   16.00000
1507.61755    1.61997    0.10947   16.00000
1507.96521    1.35229    0.10807   16.00000
1508.31213    1.68686    0.10893   16.00000
1508.66003    1.63279    0.11219   16.00000
1509.00708    1.36047    0.11830   16.00000
1509.35498    1.73657    0.11695   16.00000
1509.70227    1.62047    0.11630   16.00000
1510.04944    1.39490    0.11560   16.00000
1510.39771    1.76865    0.11122   16.00000
1510.74524    1.25441    0.11301   16.00000
1511.09363    1.08891    0.11268   16.00000
1511.44116    2.00500    0.10798   16.00000
1511.78967    2.06543    0.10540   16.00000
1512.13745    1.20460    0.10774   16.00000
1512.48535    0.94376    0.11117   16.00000
1512.83423    0.92806    0.11090   16.00000
1513.18225    1.08154    0.10943   16.00000
1513.53113    0.94506    0.10502   16.00000
1513.87939    1.24154    0.09366   16.00000
1514.22839    2.01943    0.09133   16.00000
1514.57678    1.80581    0.09397   16.00000
1514.92517    2.00017    0.10462   16.00000
1515.27454    2.16861    0.11258   16.00000
1515.62305    1.54014    0.12314   16.00000
1515.97253    1.72862    0.12333   16.00000
1516.32141    2.07056    0.11648   16.00000
1516.67090    1.85626    0.11120   16.00000
1517.02002    1.63356    0.10865   16.00000
1517.36890    1.49234    0.11252   16.00000
1517.71887    1.70627    0.11101   16.00000
1518.06787    2.25357    0.10419   16.00000
1518.41809    2.03935    0.09892   16.00000
1518.76733    1.92961    0.10308   16.00000
1519.11768    1.35745    0.11634   16.00000
1519.46692    2.00873    0.12208   16.00000
1519.81665    1.97652    0.12601   16.00000
1520.16699    2.42954    0.10978   16.00000
1520.51672    2.56422    0.10559   16.00000
1520.86731    2.05183    0.11333   16.00000
1521.21716    1.78646    0.12513   16.00000
1521.56799    1.88985    0.13122   16.00000
1521.91809    1.96075    0.13694   16.00000
1522.26819    1.70228    0.13645   16.00000
1522.61926    1.98595    0.12831   16.00000
1522.96960    2.21179    0.11493   16.00000
1523.32068    2.00310    0.11359   16.00000
1523.67126    2.07394    0.11813   16.00000
1524.02258    1.62593    0.12769   16.00000
1524.37305    1.75914    0.12688   16.00000
1524.72388    1.80210    0.11869   16.00000
1525.07532    1.85769    0.11183   16.00000
1525.42615    2.16627    0.11097   16.00000
1525.77795    2.32914    0.12048   16.00000
1526.12903    1.86543    0.12542   16.00000
1526.48096    1.75826    0.12687   16.00000
1526.83215    2.21002    0.11709   16.00000
1527.18323    2.08082    0.11972   16.00000
1527.53552    2.20326    0.13047   16.00000
1527.88684    2.48372    0.12804   16.00000
1528.23914    2.66192    0.12447   16.00000
1528.59082    2.46208    0.11908   16.00000
1528.94324    1.81954    0.11809   16.00000
1529.29492    1.60897    0.12657   16.00000
1529.64771    2.20724    0.13342   16.00000
1529.99951    2.57431    0.12436   16.00000
1530.35144    2.30326    0.11279   16.00000
1530.70447    2.23139    0.10912   16.00000
1531.05664    2.03358    0.12727   16.00000
1531.40955    2.50249    0.13796   16.00000
1531.76184    2.01796    0.14208   16.00000
1532.11511    1.72512    0.13578   16.00000
1532.46753    1.25692    0.13920   16.00000
1532.82019    1.32684    0.14451   16.00000
1533.17371    1.78158    0.14181   16.00000
1533.52625    2.29453    0.13595   16.00000
1533.87988    2.48353    0.13415   16.00000
1534.23279    2.27786    0.13495   16.00000
1534.58655    2.40629    0.13463   16.00000
1534.93958    2.67472    0.13404   16.00000
1535.29272    2.66952    0.11158   16.00000
1535.64673    2.73529    0.11120   16.00000
1536.00000    2.55864    0.12712   16.00000
1536.35425    2.81682    0.12673   16.00000
1536.70776    2.29582    0.13352   16.00000
1537.06201    2.30072    0.12708   16.00000
1537.41565    2.07967    0.13377   16.00000
1537.76941    1.12372    0.15061   16.00000
1538.12390    0.34939    0.15961   16.00000
1538.47778    0.70589    0.15011   16.00000
1538.83252    1.67291    0.13496   16.00000
1539.18652    1.80981    0.12667   16.00000
1539.54150    2.49662    0.12116   16.00000
1539.89563    2.68678    0.12509   16.00000
1540.24988    2.73792    0.13321   16.00000
1540.60510    2.68937    0.13758   16.00000
1540.95947    3.06198    0.12321   16.00000
1541.31494    3.46845    0.11131   16.00000
1541.66943    2.59997    0.11737   16.00000
1542.02490    2.38376    0.11577   16.00000
1542.37964    2.86698    0.10754   16.00000
1542.73450    2.46406    0.10979   16.00000
1543.09033    2.56309    0.11572   16.00000
1543.44519    2.71483    0.09912   16.00000
1543.80115    1.88690    0.11088   16.00000
1544.15637    1.93523    0.13716   16.00000
1544.51233    1.54250    0.14301   16.00000
1544.86768    2.33206    0.13859   16.00000
1545.22302    3.12929    0.13446   16.00000
1545.57935    2.48084    0.13172   16.00000
1545.93494    3.07551    0.11460   16.00000
1546.29150    2.81724    0.10610   16.00000
1546.64709    2.48362    0.10909   16.00000
1547.00378    3.10219    0.11682   16.00000
1547.35974    3.46355    0.12015   16.00000
1547.71570    3.74251    0.12203   16.00000
1548.07263    4.11517    0.11742   16.00000
1548.42871    4.16654    0.11164   16.00000
1548.78564    4.55089    0.10496   16.00000
1549.14209    4.89205    0.10640   16.00000
1549.49927    5.07334    0.11146   16.00000
1549.85583    4.90847    0.11253   16.00000
1550.21216    5.39214    0.10420   16.00000
1550.56970    4.82889    0.10243   16.00000
1550.92639    4.44097    0.10038   16.00000
1551.28418    4.31405    0.10627   16.00000
1551.64099    3.54584    0.11075   16.00000
1551.99890    3.60261    0.11071   16.00000
1552.35596    3.63903    0.11215   16.00000
1552.71289    3.48882    0.11869   16.00000
1553.07092    3.41162    0.12339   16.00000
1553.42834    3.17416    0.12679   16.00000
1553.78650    3.08574    0.12540   16.00000
1554.14404    3.02314    0.12252   16.00000
1554.50232    2.94221    0.12777   16.00000
1554.85986    3.00804    0.13107   16.00000
1555.21753    2.54631    0.13053   16.00000
1555.57629    2.64194    0.13517   16.00000
1555.93408    2.19037    0.15193   16.00000
1556.29297    1.93755    0.15868   16.00000
1556.65088    2.68913    0.14697   16.00000
1557.00989    2.62651    0.13301   16.00000
1557.36816    2.64182    0.10944   16.00000
1557.72729    2.52762    0.10816   16.00000
1558.08557    2.12569    0.11516   16.00000
1558.44397    2.41696    0.12991   16.00000
1558.80347    2.50452    0.12647   16.00000
1559.16199    2.09055    0.12903   16.00000
1559.52148    2.38429    0.13568   16.00000
1559.88025    2.49420    0.14707   16.00000
1560.23987    2.01647    0.15126   16.00000
1560.59888    2.20376    0.14803   16.00000
1560.95789    2.52339    0.14727   16.00000
1561.31787    2.07147    0.15591   16.00000
1561.67700    1.92123    0.15468   16.00000
1562.03723    1.99105    0.14965   16.00000
1562.39648    1.81679    0.14760   16.00000
1562.75684    2.19551    0.14398   16.00000
1563.11633    2.40779    0.14513   16.00000
1563.47595    2.31823    0.13884   16.00000
1563.83643    1.92699    0.13388   16.00000
1564.19617    1.58454    0.13199   16.00000
1564.55688    2.02435    0.13374   16.00000
1564.91687    1.99815    0.14140   16.00000
1565.27783    1.88610    0.13451   16.00000
1565.63770    2.50638    0.14208   16.00000
1565.99792    1.72824    0.14613   16.00000
1566.35901    1.67182    0.15402   16.00000
1566.71948    1.85851    0.14782   16.00000
1567.08081    2.00618    0.14851   16.00000
1567.44116    1.88851    0.14321   16.00000
1567.80261    2.09649    0.13286   16.00000
1568.16333    2.30506    0.11972   16.00000
1568.52405    1.79344    0.11635   16.00000
1568.88574    1.96242    0.09588   16.00000
1569.24670    2.00416    0.10438   16.00000
1569.60864    2.02063    0.11005   16.00000
1569.96973    1.74163    0.11447   16.00000
1570.33167    1.56914    0.13502   16.00000
1570.69287    1.96702    0.13403   16.00000
1571.05420    2.15015    0.13005   16.00000
1571.41650    1.81271    0.13330   16.00000
1571.77808    1.69008    0.13839   16.00000
1572.14050    1.72212    0.13468   16.00000
1572.50208    1.74147    0.14313   16.00000
1572.86475    1.42089    0.15189   16.00000
1573.22668    1.89722    0.15205   16.00000
1573.58862    1.56552    0.15656   16.00000
1573.95129    1.63505    0.15769   16.00000
1574.31348    1.79793    0.15322   16.00000
1574.67651    1.77257    0.14255   16.00000
1575.03882    1.64483    0.13372   16.00000
1575.40198    1.76426    0.13128   16.00000
1575.76440    1.92541    0.13555   16.00000
1576.12683    1.54545    0.14394   16.00000
1576.49048    1.34085    0.14861   16.00000
1576.85303    1.23161    0.14693   16.00000
1577.21655    1.46545    0.14083   16.00000
1577.57947    1.76678    0.13870   16.00000
1577.94324    1.59956    0.14855   16.00000
1578.30627    1.42629    0.15642   16.00000
1578.66943    1.54074    0.14780   16.00000
1579.03345    1.39847    0.14769   16.00000
1579.39673    1.93562    0.15067   16.00000
1579.76086    1.72640    0.14983   16.00000
1580.12427    1.77963    0.13925   16.00000
1580.48865    1.59851    0.13455   16.00000
1580.85229    1.57741    0.13702   16.00000
1581.21582    1.17773    0.12439   16.00000
1581.58057    1.63933    0.12823   16.00000
1581.94446    1.85584    0.15567   16.00000
1582.30920    1.78578    0.15060   16.00000
1582.67322    1.71079    0.15764   16.00000
1583.03809    1.47437    0.17091   16.00000
1583.40234    1.36857    0.17897   16.00000
1583.76648    1.39884    0.17921   16.00000
1584.13171    1.48669    0.17640   16.00000
1584.49634    1.38304    0.16893   16.00000
1584.86169    1.25039    0.16830   16.00000
1585.22620    1.70025    0.16806   16.00000
1585.59167    1.38225    0.17209   16.00000
1585.95642    1.56152    0.17240   16.00000
1586.32227    1.21074    0.17251   16.00000
1586.68713    1.35906    0.17144   16.00000
1587.05225    1.58080    0.16132   16.00000
1587.41809    1.06153    0.16646   16.00000
1587.78333    1.60223    0.15725   16.00000
1588.14941    1.17983    0.16433   16.00000
1588.51477    1.28157    0.16350   16.00000
1588.88110    1.57959    0.16042   16.00000
1589.24670    2.03785    0.15032   16.00000
1589.61218    1.79163    0.13053   16.00000
1589.97876    1.53659    0.13479   16.00000
1590.34460    1.70448    0.15686   16.00000
1590.71130    1.68674    0.16472   16.00000
1591.07727    1.33050    0.16990   16.00000
1591.44409    1.44001    0.15841   16.00000
1591.81030    1.50738    0.14488   16.00000
1592.17651    1.25625    0.15077   16.00000
1592.54358    1.64687    0.15755   16.00000
1592.91003    1.38898    0.17493   16.00000
1593.27734    1.44936    0.15565   16.00000
1593.64380    1.32974    0.13507   16.00000
1594.01135    1.32554    0.10108   16.00000
1594.37793    1.34534    0.11319   16.00000
1594.74475    2.04405    0.13074   16.00000
1595.11243    1.34328    0.17790   16.00000
1595.47949    1.36534    0.16588   16.00000
1595.84741    1.37869    0.14583   16.00000
1596.21460    1.41878    0.13686   16.00000
1596.58252    1.24889    0.15905   16.00000
1596.94995    1.48512    0.16981   16.00000
1597.31726    1.13299    0.17163   16.00000
1597.68555    1.42930    0.16334   16.00000
1598.05322    1.77799    0.15679   16.00000
1598.42163    1.78047    0.16694   16.00000
1598.78931    1.73881    0.17417   16.00000
1599.15808    1.39580    0.17248   16.00000
1599.52588    1.24543    0.16645   16.00000
1599.89392    1.52477    0.16111   16.00000
1600.26282    1.80378    0.15894   16.00000
1600.63098    1.49997    0.15880   16.00000
1601.00012    1.01020    0.16463   16.00000
1601.36841    1.43636    0.16668   16.00000
1601.73767    1.43429    0.16719   16.00000
1602.10620    1.30431    0.17454   16.00000
1602.47461    1.24864    0.17760   16.00000
1602.84424    1.23937    0.16731   16.00000
1603.21289    1.67479    0.14509   16.00000
1603.58264    1.27296    0.14515   16.00000
1603.95166    1.56230    0.15628   16.00000
1604.32141    1.30598    0.18209   16.00000
1604.69055    1.48551    0.17760   16.00000
1605.05969    1.63551    0.17226   16.00000
1605.42969    1.50425    0.16966   16.00000
1605.79919    1.81956    0.17138   16.00000
1606.16943    1.75544    0.17278   16.00000
1606.53894    1.56012    0.16109   16.00000
1606.90930    1.52648    0.14823   16.00000
1607.27905    1.50456    0.14821   16.00000
1607.64868    1.62142    0.15569   16.00000
1608.01953    1.36062    0.16239   16.00000
1608.38940    1.39772    0.16893   16.00000
1608.76038    1.56690    0.17192   16.00000
1609.13049    1.41996    0.17332   16.00000
1609.50146    1.37180    0.17518   16.00000
1609.87183    1.65463    0.17086   16.00000
1610.24207    1.57441    0.16458   16.00000
1610.61340    1.48514    0.16187   16.00000
1610.98389    1.83391    0.16102   16.00000
1611.35547    1.12913    0.16954   16.00000
1611.72607    1.35807    0.15766   16.00000
1612.09778    2.32998    0.14073   16.00000
1612.46875    1.95407    0.14905   16.00000
1612.83960    1.41834    0.17150   16.00000
1613.21155    1.45187    0.18010   16.00000
1613.58264    1.69905    0.17235   16.00000
1613.95471    1.67741    0.13899   16.00000
1614.32593    1.50068    0.14059   16.00000
1614.69824    1.26434    0.16795   16.00000
1615.06970    1.52808    0.15845   16.00000
1615.44214    1.21908    0.16031   16.00000
1615.81384    1.53086    0.15333   16.00000
1616.18542    1.29556    0.14977   16.00000
1616.55811    2.01053    0.14534   16.00000
1616.93005    1.73159    0.15745   16.00000
1617.30286    1.60847    0.16721   16.00000
1617.67493    1.61059    0.16909   16.00000
1618.04797    1.89784    0.16125   16.00000
1618.42017    1.14910    0.15379   16.00000
1618.79260    1.24824    0.14185   16.00000
1619.16577    1.81096    0.13288   16.00000
1619.53833    1.54024    0.13780   16.00000
1619.91174    1.40311    0.15381   16.00000
1620.28442    1.54091    0.17238   16.00000
1620.65808    1.58780    0.17829   16.00000
1621.03088    1.12146    0.17714   16.00000
1621.40393    1.32594    0.15712   16.00000
1621.77771    1.87730    0.13506   16.00000
1622.15076    1.54640    0.13522   16.00000
1622.52478    1.65653    0.13376   16.00000
1622.89819    1.43694    0.14806   16.00000
1623.27234    1.70256    0.15917   16.00000
1623.64575    1.24184    0.17874   16.00000
1624.01929    1.28986    0.18871   16.00000
1624.39380    1.52708    0.19038   16.00000
1624.76746    1.20188    0.19771   16.00000
1625.14221    1.47234    0.19474   16.00000
1625.51599    1.08462    0.19266   16.00000
1625.89087    1.53533    0.18283   16.00000
1626.26489    1.36481    0.18120   16.00000
1626.63904    1.73646    0.19691   16.00000
1627.01404    1.44177    0.21586   16.00000
1627.38843    1.26120    0.20840   16.00000
1627.76379    1.32893    0.17725   16.00000
1628.13806    1.84234    0.15032   16.00000
1628.51355    1.21669    0.15570   16.00000
1628.88831    1.22794    0.17592   16.00000
1629.26294    1.74752    0.19133   16.00000
1629.63879    1.73658    0.19940   16.00000
1630.01355    1.58423    0.20065   16.00000
1630.38940    1.81105    0.18634   16.00000
1630.76453    1.49048    0.18598   16.00000
1631.14050    1.21203    0.19669   16.00000
1631.51587    1.34935    0.20027   16.00000
1631.89124    1.37890    0.19627   16.00000
1632.26746    1.68911    0.18825   16.00000
1632.64307    1.46546    0.18286   16.00000
1633.01953    1.67662    0.17889   16.00000
1633.39514    1.31038    0.18435   16.00000
1633.77173    1.68445    0.17781   16.00000
1634.14758    2.07387    0.17656   16.00000
1634.52356    1.76241    0.18069   16.00000
1634.90051    1.55718    0.18464   16.00000
1635.27649    1.33710    0.19065   16.00000
1635.65369    1.64048    0.20120   16.00000
1636.02991    2.01351    0.20372   16.00000
1636.40723    1.79414    0.19550   16.00000
1636.78369    1.70812    0.18062   16.00000
1637.16016    2.37701    0.15972   16.00000
1637.53784    2.11882    0.15582   16.00000
1637.91443    2.23865    0.15687   16.00000
1638.29224    1.84743    0.16848   16.00000
1638.66895    1.97414    0.17379   16.00000
1639.04700    1.94039    0.17318   16.00000
1639.42395    1.89009    0.17786   16.00000
1639.80103    2.03061    0.18078   16.00000
1640.17932    1.89143    0.15688   16.00000
1640.55664    1.84168    0.15570   16.00000
1640.93481    1.60370    0.15620   16.00000
1641.31226    1.86274    0.18788   16.00000
1641.69092    1.85235    0.17429   16.00000
1642.06848    1.84759    0.16652   16.00000
1642.44629    1.69625    0.17235   16.00000
1642.82507    1.52326    0.18456   16.00000
1643.20300    1.18133    0.19036   16.00000
1643.58191    1.07830    0.19401   16.00000
1643.95996    1.47866    0.19486   16.00000
1644.33911    1.56036    0.20186   16.00000
1644.71741    1.37615    0.20399   16.00000
1645.09668    1.05881    0.20509   16.00000
1645.47510    1.37921    0.20782   16.00000
1645.85364    1.67319    0.21776   16.00000
1646.23303    1.28909    0.24059   16.00000
1646.61182    1.50462    0.18253   16.00000
1646.99158    1.16181    0.15752   16.00000
1647.37048    1.50170    0.18178   16.00000
1647.75037    2.05063    0.20248   16.00000
1648.12927    1.78506    0.22187   16.00000
1648.50854    1.40535    0.22330   16.00000
1648.88867    1.31610    0.20412   16.00000
1649.26807    1.61550    0.18970   16.00000
1649.64819    1.27355    0.19333   16.00000
