1410.21631    1.22641    0.01230   16.00000
1410.54138    0.97997    0.01307   16.00000
1410.86584    1.03376    0.01302   16.00000
1411.19043    1.20354    0.01276   16.00000
1411.51587    1.07491    0.01315   16.00000
1411.84058    0.98678    0.01305   16.00000
1412.16614    0.89388    0.01318   16.00000
1412.49109    1.05603    0.01278   16.00000
1412.81677    1.23238    0.01276   16.00000
1413.14172    0.87917    0.01423   16.00000
1413.46692    0.88552    0.01462   16.00000
1413.79272    0.85924    0.01527   16.00000
1414.11804    1.26650    0.01443   16.00000
1414.44409    1.04773    0.01595   16.00000
1414.76953    1.01693    0.01630   16.00000
1415.09583    1.04630    0.01581   16.00000
1415.42139    0.99554    0.01649   16.00000
1415.74695    0.80459    0.01802   16.00000
1416.07336    0.67760    0.01851   16.00000
1416.39917    0.87659    0.01789   16.00000
1416.72571    0.95443    0.01730   16.00000
1417.05176    0.68038    0.01917   16.00000
1417.37842    0.88891    0.01866   16.00000
1417.70459    0.66994    0.01979   16.00000
1418.03076    0.76764    0.01898   16.00000
1418.35767    0.54939    0.01932   16.00000
1418.68396    0.80820    0.01768   16.00000
1419.01111    0.90687    0.01674   16.00000
1419.33765    0.68937    0.01733   16.00000
1419.66479    0.91312    0.01671   16.00000
1419.99146    1.04574    0.01614   16.00000
1420.31812    0.78785    0.01811   16.00000
1420.64563    1.09061    0.01724   16.00000
1420.97241    0.95262    0.01859   16.00000
1421.30017    0.91537    0.01837   16.00000
1421.62708    0.63683    0.01929   16.00000
1421.95483    0.63960    0.01832   16.00000
1422.28198    0.56632    0.01749   16.00000
1422.60925    0.63094    0.01590   16.00000
1422.93726    1.03298    0.01376   16.00000
1423.26465    1.06594    0.01299   16.00000
1423.59277    1.20842    0.01302   16.00000
1423.92029    0.81869    0.01454   16.00000
1424.24866    0.89414    0.01435   16.00000
1424.57629    0.94598    0.01508   16.00000
1424.90405    1.17160    0.01508   16.00000
1425.23267    0.79336    0.01788   16.00000
1425.56042    0.75150    0.01903   16.00000
1425.88916    0.92647    0.01864   16.00000
1426.21729    0.91179    0.01842   16.00000
1426.54614    0.98837    0.01853   16.00000
1426.87427    0.86329    0.01922   16.00000
1427.20251    0.96949    0.01871   16.00000
1427.53174    0.94311    0.01829   16.00000
1427.86011    1.03676    0.01835   16.00000
1428.18933    0.90027    0.01878   16.00000
1428.51782    0.89429    0.01857   16.00000
1428.84729    0.86718    0.01813   16.00000
1429.17603    0.81198    0.01792   16.00000
1429.50549    0.86956    0.01747   16.00000
1429.83447    1.04193    0.01723   16.00000
1430.16333    1.09191    0.01671   16.00000
1430.49316    0.65727    0.01921   16.00000
1430.82227    0.88622    0.01866   16.00000
1431.15222    0.89877    0.01901   16.00000
1431.48145    1.01612    0.01914   16.00000
1431.81152    0.89595    0.02030   16.00000
1432.14087    0.74601    0.02092   16.00000
1432.47034    0.59133    0.02284   16.00000
1432.80066    0.52479    0.02369   16.00000
1433.13025    0.75808    0.02318   16.00000
1433.46069    0.98282    0.02105   16.00000
1433.79053    0.78153    0.02271   16.00000
1434.12122    0.93189    0.02119   16.00000
1434.45105    0.94693    0.01999   16.00000
1434.78101    0.99673    0.01671   16.00000
1435.11194    0.87249    0.01663   16.00000
1435.44214    0.67763    0.01829   16.00000
1435.77307    0.58614    0.01886   16.00000
1436.10339    0.79513    0.01793   16.00000
1436.43457    0.94729    0.01683   16.00000
1436.76501    0.80474    0.01563   16.00000
1437.09546    1.07779    0.01900   16.00000
1437.42688    1.32240    0.01954   16.00000
1437.75769    1.05285    0.02070   16.00000
1438.08911    1.10447    0.02029   16.00000
1438.41992    0.88454    0.02162   16.00000
1438.75171    0.80711    0.02150   16.00000
1439.08264    0.80141    0.02267   16.00000
1439.41370    0.84721    0.02188   16.00000
1439.74561    0.94309    0.02188   16.00000
1440.07690    0.92816    0.02189   16.00000
1440.40894    0.89677    0.02192   16.00000
1440.74036    1.06090    0.02040   16.00000
1441.07251    0.94963    0.02088   16.00000
1441.40405    1.12787    0.01795   16.00000
1441.73572    0.67257    0.01891   16.00000
1442.06812    0.75496    0.01996   16.00000
1442.39978    0.74360    0.02228   16.00000
1442.73242    0.88365    0.02263   16.00000
1443.06433    0.87770    0.02380   16.00000
1443.39709    0.81274    0.02487   16.00000
1443.72913    1.02967    0.02318   16.00000
1444.06128    0.79779    0.02258   16.00000
1444.39429    0.97494    0.02024   16.00000
1444.72656    1.18456    0.01951   16.00000
1445.05969    0.85163    0.02201   16.00000
1445.39221    1.10440    0.02210   16.00000
1445.72546    1.15071    0.02276   16.00000
1446.05798    1.02004    0.02426   16.00000
1446.39075    0.82411    0.02462   16.00000
1446.72424    0.74170    0.02348   16.00000
1447.05713    0.69791    0.02268   16.00000
1447.39075    0.53936    0.02323   16.00000
1447.72363    0.81430    0.02198   16.00000
1448.05750    0.96074    0.02190   16.00000
1448.39062    0.84006    0.02439   16.00000
1448.72388    0.83884    0.02375   16.00000
1449.05798    0.86257    0.02349   16.00000
1449.39124    0.75744    0.02431   16.00000
1449.72559    1.01115    0.02290   16.00000
1450.05908    0.97522    0.02433   16.00000
1450.39343    0.74299    0.02535   16.00000
1450.72705    0.97639    0.02301   16.00000
1451.06079    1.02120    0.02168   16.00000
1451.39551    0.93847    0.02186   16.00000
1451.72925    0.80574    0.02105   16.00000
1452.06409    0.83136    0.02113   16.00000
1452.39807    1.05047    0.02106   16.00000
1452.73303    1.07446    0.02161   16.00000
1453.06726    1.07267    0.02132   16.00000
1453.40161    0.73065    0.02211   16.00000
1453.73669    0.90120    0.02124   16.00000
1454.07117    1.07520    0.02094   16.00000
1454.40649    0.53869    0.02351   16.00000
1454.74097    0.72457    0.02391   16.00000
1455.07654    1.08203    0.02357   16.00000
1455.41125    0.80504    0.02419   16.00000
1455.74683    0.72088    0.02405   16.00000
1456.08167    0.84730    0.02329   16.00000
1456.41675    0.88759    0.02365   16.00000
1456.75256    0.85758    0.02448   16.00000
1457.08765    0.83701    0.02526   16.00000
1457.42371    0.77078    0.02485   16.00000
1457.75891    0.67567    0.02559   16.00000
1458.09509    0.68413    0.02537   16.00000
1458.43054    0.76516    0.02366   16.00000
1458.76611    0.70947    0.02287   16.00000
1459.10242    0.42238    0.02382   16.00000
1459.43811    0.75179    0.02172   16.00000
1459.77466    0.69953    0.02132   16.00000
1460.11047    0.50598    0.02348   16.00000
1460.44714    0.53582    0.02345   16.00000
1460.78308    0.54577    0.02118   16.00000
1461.11914    0.61169    0.01812   16.00000
1461.45605    0.76063    0.01866   16.00000
1461.79236    0.66135    0.02231   16.00000
1462.12939    0.65961    0.02485   16.00000
1462.46582    0.65048    0.02442   16.00000
1462.80298    0.49875    0.02500   16.00000
1463.13953    0.65526    0.02317   16.00000
1463.47607    0.88862    0.01931   16.00000
1463.81360    0.54933    0.01826   16.00000
1464.15027    0.79939    0.01779   16.00000
1464.48792    0.68336    0.01839   16.00000
1464.82483    0.45596    0.01838   16.00000
1465.16272    0.80548    0.01699   16.00000
1465.49963    0.60447    0.01851   16.00000
1465.83691    0.43994    0.02066   16.00000
1466.17480    0.54414    0.02731   16.00000
1466.51208    0.37646    0.03060   16.00000
1466.85034    0.55687    0.02927   16.00000
1467.18787    0.79556    0.02626   16.00000
1467.52612    0.57861    0.02711   16.00000
1467.86365    0.30696    0.02955   16.00000
1468.20142    0.39189    0.03074   16.00000
1468.53992    0.45612    0.03082   16.00000
1468.87781    0.36279    0.02988   16.00000
1469.21655    0.46709    0.02717   16.00000
1469.55444    0.54893    0.02623   16.00000
1469.89331    0.64347    0.02539   16.00000
1470.23145    0.42138    0.02554   16.00000
1470.56970    0.72442    0.02545   16.00000
1470.90881    0.58142    0.02838   16.00000
1471.24731    0.69014    0.02879   16.00000
1471.58655    0.69900    0.02843   16.00000
1471.92505    0.47945    0.02921   16.00000
1472.26453    0.57243    0.02647   16.00000
1472.60315    0.80051    0.02339   16.00000
1472.94189    0.60148    0.02493   16.00000
1473.28162    0.44676    0.02815   16.00000
1473.62061    0.38748    0.02993   16.00000
1473.96033    0.72076    0.02606   16.00000
1474.29944    0.62711    0.02666   16.00000
1474.63940    0.57005    0.02647   16.00000
1474.97864    0.51607    0.02558   16.00000
1475.31799    0.63722    0.02376   16.00000
1475.65808    0.60641    0.02262   16.00000
1475.99756    0.38834    0.02396   16.00000
1476.33801    0.33818    0.02701   16.00000
1476.67761    0.32659    0.03019   16.00000
1477.01819    0.27207    0.03150   16.00000
1477.35791    0.24128    0.03317   16.00000
1477.69775    0.21437    0.03338   16.00000
1478.03857    0.57464    0.03116   16.00000
1478.37854    0.61480    0.03176   16.00000
1478.71948    0.51700    0.03141   16.00000
1479.05969    0.39876    0.03189   16.00000
1479.40076    0.31911    0.03153   16.00000
1479.74109    0.65375    0.02917   16.00000
1480.08142    0.95826    0.02812   16.00000
1480.42273    0.64652    0.03017   16.00000
1480.76331    0.61528    0.03053   16.00000
1481.10486    0.40282    0.03289   16.00000
1481.44556    0.51255    0.03118   16.00000
1481.78711    0.73262    0.03042   16.00000
1482.12805    0.58389    0.03102   16.00000
1482.46985    0.64996    0.02949   16.00000
1482.81091    0.85827    0.02808   16.00000
1483.15198    0.79199    0.03052   16.00000
1483.49390    0.45995    0.03352   16.00000
1483.83533    0.47153    0.03396   16.00000
1484.17737    0.84353    0.02983   16.00000
1484.51880    0.76973    0.03243   16.00000
1484.86108    0.82120    0.01850   16.00000
1485.20276    0.14790    0.02199   16.00000
1485.54456    0.80547    0.01889   16.00000
1485.88696    0.98683    0.03096   16.00000
1486.22876    0.87225    0.03167   16.00000
1486.57153    0.75692    0.03354   16.00000
1486.91357    0.76472    0.03345   16.00000
1487.25635    0.77131    0.03338   16.00000
1487.59851    0.73182    0.03303   16.00000
1487.94080    0.74339    0.03261   16.00000
1488.28394    0.82267    0.03238   16.00000
1488.62622    1.13676    0.02904   16.00000
1488.96960    0.85439    0.03040   16.00000
1489.31213    0.63811    0.03069   16.00000
1489.65540    0.56361    0.03105   16.00000
1489.99829    0.57676    0.03242   16.00000
1490.34094    0.82477    0.03007   16.00000
1490.68457    0.95327    0.02804   16.00000
1491.02759    0.73901    0.03014   16.00000
1491.37134    0.60213    0.03224   16.00000
1491.71448    0.70688    0.03337   16.00000
1492.05835    0.60616    0.03450   16.00000
1492.40173    0.61804    0.03275   16.00000
1492.74512    0.86289    0.03010   16.00000
1493.08911    0.51293    0.03315   16.00000
1493.43274    0.86742    0.03116   16.00000
1493.77710    0.90022    0.03019   16.00000
1494.12085    0.73625    0.02898   16.00000
1494.46521    0.85639    0.02666   16.00000
1494.80908    0.95316    0.02491   16.00000
1495.15295    0.81042    0.02537   16.00000
1495.49780    0.84867    0.02670   16.00000
1495.84180    1.13144    0.02830   16.00000
1496.18677    0.97032    0.03300   16.00000
1496.53101    0.82668    0.03256   16.00000
1496.87598    0.58122    0.03316   16.00000
1497.22034    0.98504    0.02822   16.00000
1497.56482    0.98638    0.02710   16.00000
1497.91003    1.11073    0.02523   16.00000
1498.25464    0.94596    0.02482   16.00000
1498.60034    0.68667    0.02673   16.00000
1498.94495    0.88760    0.02699   16.00000
1499.29053    1.09201    0.02675   16.00000
1499.63550    0.86289    0.02716   16.00000
1499.98059    0.87127    0.02713   16.00000
1500.32642    0.97185    0.02716   16.00000
1500.67151    0.97439    0.02867   16.00000
1501.01758    1.00108    0.02838   16.00000
1501.36292    0.82710    0.02872   16.00000
1501.70923    0.90579    0.02711   16.00000
1502.05469    0.80159    0.02761   16.00000
1502.40015    0.90598    0.02760   16.00000
1502.74670    0.99251    0.02883   16.00000
1503.09229    1.01282    0.02983   16.00000
1503.43884    1.03372    0.02995   16.00000
1503.78491    0.82102    0.03113   16.00000
1504.13159    0.75340    0.03226   16.00000
1504.47754    0.82200    0.03237   16.00000
1504.82373    0.86559    0.03196   16.00000
1505.17065    0.85977    0.03151   16.00000
1505.51697    0.81494    0.03114   16.00000
1505.86426    1.10251    0.03044   16.00000
1506.21057    1.00591    0.03056   16.00000
1506.55798    0.82142    0.03228   16.00000
1506.90454    0.87093    0.03326   16.00000
1507.25122    1.02695    0.03252   16.00000
1507.59863    1.01813    0.03141   16.00000
1507.94543    0.81759    0.03104   16.00000
1508.29321    0.95259    0.02956   16.00000
1508.64014    1.02198    0.03023   16.00000
1508.98804    1.16813    0.03048   16.00000
1509.33533    0.97446    0.03132   16.00000
1509.68323    0.82726    0.03084   16.00000
1510.03064    1.06323    0.03031   16.00000
1510.37805    0.97041    0.03305   16.00000
1510.72632    0.76171    0.03603   16.00000
1511.07373    0.81447    0.03647   16.00000
1511.42224    0.94308    0.03624   16.00000
1511.77002    0.89160    0.03663   16.00000
1512.11865    0.84900    0.03517   16.00000
1512.46643    1.09137    0.03335   16.00000
1512.81433    1.13531    0.03314   16.00000
1513.16321    0.97652    0.03502   16.00000
1513.51123    1.08136    0.03347   16.00000
1513.86023    1.01405    0.03355   16.00000
1514.20862    0.76334    0.03461   16.00000
1514.55774    0.87486    0.03184   16.00000
1514.90625    0.92775    0.02985   16.00000
1515.25464    1.00230    0.02926   16.00000
1515.60425    1.24688    0.03139   16.00000
1515.95288    1.19820    0.03485   16.00000
1516.30237    0.97080    0.03702   16.00000
1516.65125    0.79479    0.03619   16.00000
1517.00085    0.83695    0.03364   16.00000
1517.34985    0.82543    0.03333   16.00000
1517.69885    1.34165    0.03010   16.00000
1518.04895    1.29013    0.03200   16.00000
1518.39807    1.09620    0.03575   16.00000
1518.74829    0.90966    0.03476   16.00000
1519.09766    0.85599    0.03198   16.00000
1519.44788    1.06633    0.03008   16.00000
1519.79761    1.25449    0.02879   16.00000
1520.14709    1.18264    0.02930   16.00000
1520.49768    1.16049    0.03141   16.00000
1520.84741    1.20016    0.03419   16.00000
1521.19824    1.08365    0.03535   16.00000
1521.54810    1.40304    0.03196   16.00000
1521.89905    1.30316    0.03230   16.00000
1522.24902    1.25263    0.03134   16.00000
1522.59924    1.23935    0.02820   16.00000
1522.95044    1.44441    0.02663   16.00000
1523.30078    1.39199    0.02808   16.00000
1523.65210    1.25987    0.02936   16.00000
1524.00244    1.33222    0.03034   16.00000
1524.35400    1.16582    0.03282   16.00000
1524.70471    1.15817    0.03389   16.00000
1525.05554    1.47496    0.02985   16.00000
1525.40710    1.49336    0.02910   16.00000
1525.75806    1.30426    0.03183   16.00000
1526.10986    1.28553    0.03251   16.00000
1526.46094    1.25223    0.03310   16.00000
1526.81299    1.41587    0.03200   16.00000
1527.16406    1.42441    0.03088   16.00000
1527.51550    1.22909    0.02929   16.00000
1527.86768    1.33708    0.02802   16.00000
1528.21924    1.44256    0.02848   16.00000
1528.57166    1.18011    0.03276   16.00000
1528.92334    1.34718    0.03289   16.00000
1529.27588    1.46857    0.03237   16.00000
1529.62769    1.43997    0.03236   16.00000
1529.97949    1.47614    0.03120   16.00000
1530.33240    1.56853    0.02935   16.00000
1530.68433    1.32362    0.03064   16.00000
1531.03748    1.09265    0.03367   16.00000
1531.38965    1.04702    0.02867   16.00000
1531.74268    1.25718    0.02756   16.00000
1532.09521    1.48354    0.02615   16.00000
1532.44751    1.56741    0.02497   16.00000
1532.80090    1.60423    0.02235   16.00000
1533.15356    1.54890    0.02146   16.00000
1533.50696    1.43970    0.02128   16.00000
1533.85986    1.38629    0.02183   16.00000
1534.21362    1.36722    0.02328   16.00000
1534.56653    1.56207    0.02356   16.00000
1534.91956    1.46009    0.02438   16.00000
1535.27344    1.49335    0.02449   16.00000
1535.62671    1.67682    0.02316   16.00000
1535.98083    1.64732    0.02283   16.00000
1536.33411    1.80795    0.02180   16.00000
1536.68835    1.93095    0.03006   16.00000
1537.04187    1.74494    0.03184   16.00000
1537.39636    1.98416    0.03085   16.00000
1537.75000    2.13729    0.03041   16.00000
1538.10376    1.73906    0.03310   16.00000
1538.45850    1.87919    0.03141   16.00000
1538.81250    1.70363    0.03211   16.00000
1539.16724    1.72335    0.03185   16.00000
1539.52136    1.82600    0.03188   16.00000
1539.87634    1.83029    0.03290   16.00000
1540.23071    1.68460    0.03482   16.00000
1540.58496    1.78367    0.03393   16.00000
1540.94006    1.91936    0.03223   16.00000
1541.29480    1.86256    0.03204   16.00000
1541.65002    1.96043    0.03231   16.00000
1542.00476    2.04112    0.03223   16.00000
1542.36023    1.93754    0.03440   16.00000
1542.71521    1.82843    0.03518   16.00000
1543.07007    2.07590    0.03250   16.00000
1543.42590    2.15254    0.03111   16.00000
1543.78088    2.07565    0.03079   16.00000
1544.13696    1.95167    0.03103   16.00000
1544.49207    2.04527    0.03020   16.00000
1544.84839    2.23354    0.02962   16.00000
1545.20374    2.21726    0.03115   16.00000
1545.55920    1.91014    0.03322   16.00000
1545.91565    1.92462    0.03268   16.00000
1546.27124    2.25143    0.02979   16.00000
1546.62769    1.80137    0.03354   16.00000
1546.98352    2.31373    0.03107   16.00000
1547.34033    1.91574    0.03576   16.00000
1547.69617    2.14511    0.03364   16.00000
1548.05225    2.07781    0.03308   16.00000
1548.40930    1.94974    0.03366   16.00000
1548.76550    2.13154    0.03324   16.00000
1549.12268    2.03915    0.02323   16.00000
1549.47900    1.83433    0.02407   16.00000
1549.83630    1.82110    0.02395   16.00000
1550.19287    1.84413    0.03546   16.00000
1550.54944    1.76762    0.03531   16.00000
1550.90698    1.69811    0.03645   16.00000
1551.26392    1.78540    0.03634   16.00000
1551.62146    1.83358    0.03625   16.00000
1551.97839    1.73433    0.03737   16.00000
1552.33643    1.75918    0.03645   16.00000
1552.69348    1.52654    0.03842   16.00000
1553.05066    1.39115    0.03787   16.00000
1553.40881    1.26413    0.03858   16.00000
1553.76624    1.55404    0.03735   16.00000
1554.12439    1.59421    0.03933   16.00000
1554.48206    1.22212    0.04440   16.00000
1554.84033    1.19005    0.04660   16.00000
1555.19824    1.26544    0.04423   16.00000
1555.55579    1.08044    0.04410   16.00000
1555.91467    1.49109    0.03798   16.00000
1556.27246    1.23035    0.04054   16.00000
1556.63135    1.62388    0.03884   16.00000
1556.98950    1.23666    0.04223   16.00000
1557.34863    1.23489    0.04108   16.00000
1557.70679    1.20353    0.04143   16.00000
1558.06531    1.29920    0.04057   16.00000
1558.42444    1.22869    0.04049   16.00000
1558.78296    1.08819    0.04108   16.00000
1559.14233    1.07337    0.04264   16.00000
1559.50110    1.15931    0.04217   16.00000
1559.86060    1.21148    0.04099   16.00000
1560.21948    1.09525    0.04177   16.00000
1560.57861    1.14269    0.04228   16.00000
1560.93835    0.97945    0.04836   16.00000
1561.29749    1.08981    0.04845   16.00000
1561.65747    0.95590    0.05172   16.00000
1562.01672    1.25741    0.04759   16.00000
1562.37695    1.00972    0.05062   16.00000
1562.73633    0.95636    0.04976   16.00000
1563.09595    0.98376    0.04735   16.00000
1563.45642    0.93435    0.04789   16.00000
1563.81592    1.17026    0.03424   16.00000
1564.17651    1.34070    0.03174   16.00000
1564.53650    1.09378    0.03081   16.00000
1564.89734    1.11311    0.04662   16.00000
1565.25720    1.03282    0.04688   16.00000
1565.61816    1.02877    0.04854   16.00000
1565.97827    0.97438    0.05016   16.00000
1566.33862    1.14048    0.05033   16.00000
1566.69971    0.97720    0.05228   16.00000
1567.06018    0.94300    0.05028   16.00000
1567.42151    0.92163    0.04416   16.00000
1567.78210    0.94405    0.04118   16.00000
1568.14368    1.12609    0.04100   16.00000
1568.50452    1.10220    0.04669   16.00000
1568.86523    0.82321    0.05218   16.00000
1569.22693    0.74002    0.05176   16.00000
1569.58801    0.93645    0.04710   16.00000
1569.94995    1.19276    0.04283   16.00000
1570.31116    1.13454    0.04639   16.00000
1570.67322    1.20359    0.04571   16.00000
1571.03455    0.79447    0.05197   16.00000
1571.39600    1.06660    0.04554   16.00000
1571.75842    0.79302    0.04957   16.00000
1572.12000    0.90532    0.04754   16.00000
1572.48254    1.05661    0.04580   16.00000
1572.84424    0.78824    0.04301   16.00000
1573.20691    0.69715    0.03555   16.00000
1573.56885    1.02043    0.02560   16.00000
1573.93079    1.12458    0.02574   16.00000
1574.29382    0.95162    0.03461   16.00000
1574.65601    0.97055    0.04389   16.00000
1575.01904    0.64867    0.05074   16.00000
1575.38135    0.69328    0.05039   16.00000
1575.74451    0.87675    0.05099   16.00000
1576.10718    1.08793    0.04852   16.00000
1576.46973    1.09934    0.04832   16.00000
1576.83337    1.11044    0.04849   16.00000
1577.19604    1.05934    0.05004   16.00000
1577.55969    0.97287    0.05137   16.00000
1577.92261    0.76166    0.05641   16.00000
1578.28638    0.87057    0.05558   16.00000
1578.64954    1.12717    0.05177   16.00000
1579.01282    0.94854    0.05126   16.00000
1579.37683    0.78669    0.05147   16.00000
1579.74023    0.96845    0.04895   16.00000
1580.10437    1.01314    0.04946   16.00000
1580.46802    1.08583    0.04808   16.00000
1580.83228    0.97758    0.05005   16.00000
1581.19617    0.92253    0.05241   16.00000
1581.55981    0.95400    0.05440   16.00000
1581.92468    0.78335    0.05708   16.00000
1582.28845    1.00044    0.05455   16.00000
1582.65332    0.97138    0.05298   16.00000
1583.01746    0.91013    0.05272   16.00000
1583.38245    1.01216    0.05149   16.00000
1583.74658    1.00247    0.05261   16.00000
1584.11096    0.97723    0.05232   16.00000
1584.47632    0.94483    0.05121   16.00000
1584.84082    0.82692    0.04775   16.00000
1585.20630    1.02239    0.04285   16.00000
1585.57092    0.94897    0.04383   16.00000
1585.93665    1.10280    0.04459   16.00000
1586.30151    1.04831    0.04817   16.00000
1586.66638    0.97691    0.05057   16.00000
1587.03235    0.96943    0.05540   16.00000
1587.39734    0.95970    0.05617   16.00000
1587.76343    0.75710    0.05642   16.00000
1588.12866    0.79484    0.05479   16.00000
1588.49487    1.17248    0.04806   16.00000
1588.86035    1.25537    0.04592   16.00000
1589.22583    0.97712    0.04842   16.00000
1589.59229    0.92254    0.05042   16.00000
1589.95801    0.86237    0.05081   16.00000
1590.32471    0.96446    0.05112   16.00000
1590.69043    1.04009    0.05427   16.00000
1591.05725    0.90262    0.05632   16.00000
1591.42334    0.97069    0.05564   16.00000
1591.78943    1.07476    0.05705   16.00000
1592.15662    1.01296    0.05765   16.00000
1592.52283    0.88344    0.05656   16.00000
1592.89001    0.96342    0.05528   16.00000
1593.25647    0.88938    0.05381   16.00000
1593.62378    0.91196    0.05365   16.00000
1593.99036    1.05172    0.05120   16.00000
1594.35803    1.02351    0.04996   16.00000
1594.72485    1.03600    0.04821   16.00000
1595.09167    0.81859    0.05202   16.00000
1595.45947    0.99921    0.05339   16.00000
1595.82654    1.05925    0.05575   16.00000
1596.19458    0.91850    0.05383   16.00000
1596.56165    0.97490    0.05271   16.00000
1596.92993    1.14171    0.05192   16.00000
1597.29724    0.89422    0.05591   16.00000
1597.66467    0.73072    0.06082   16.00000
1598.03308    1.09147    0.05616   16.00000
1598.40076    1.03673    0.05453   16.00000
1598.76929    0.90629    0.05581   16.00000
1599.13721    0.98065    0.05718   16.00000
1599.50598    1.03998    0.05929   16.00000
1599.87378    1.30907    0.05515   16.00000
1600.24182    1.27483    0.05655   16.00000
1600.61096    1.05906    0.05945   16.00000
1600.97913    1.02362    0.06011   16.00000
1601.34839    1.04002    0.05738   16.00000
1601.71680    0.91378    0.05439   16.00000
1602.08606    1.07600    0.05096   16.00000
1602.45459    1.02867    0.05458   16.00000
1602.82336    0.87215    0.05819   16.00000
1603.19275    0.96024    0.06033   16.00000
1603.56165    1.15084    0.05797   16.00000
1603.93152    1.13474    0.05722   16.00000
1604.30042    1.07044    0.05704   16.00000
1604.67041    1.10524    0.05593   16.00000
1605.03943    1.05569    0.05520   16.00000
1605.40869    1.04375    0.05575   16.00000
1605.77905    1.25609    0.05355   16.00000
1606.14832    1.24166    0.05665   16.00000
1606.51880    1.10276    0.05611   16.00000
1606.88831    0.98659    0.05603   16.00000
1607.25891    1.17934    0.05294   16.00000
1607.62854    1.04625    0.05528   16.00000
1607.99854    1.06705    0.05777   16.00000
1608.36926    0.89055    0.06023   16.00000
1608.73914    1.02373    0.06326   16.00000
1609.11023    0.96549    0.06633   16.00000
1609.48035    0.72518    0.06420   16.00000
1609.85156    0.93228    0.05812   16.00000
1610.22192    1.17476    0.06068   16.00000
1610.59241    0.96446    0.06669   16.00000
1610.96375    0.94966    0.06522   16.00000
1611.33423    1.03684    0.06145   16.00000
1611.70581    1.02508    0.06102   16.00000
1612.07666    1.13319    0.05157   16.00000
1612.44836    0.92487    0.05005   16.00000
1612.81921    1.23774    0.04858   16.00000
1613.19031    1.14260    0.05486   16.00000
1613.56238    0.67320    0.06532   16.00000
1613.93359    0.97851    0.05985   16.00000
1614.30566    1.14135    0.05866   16.00000
1614.67700    1.10533    0.05866   16.00000
1615.04944    1.01908    0.05854   16.00000
1615.42102    1.15415    0.05602   16.00000
1615.79260    1.10564    0.05726   16.00000
1616.16528    0.83399    0.06359   16.00000
1616.53699    1.09880    0.06064   16.00000
1616.90979    1.21300    0.05661   16.00000
1617.28186    1.05440    0.05511   16.00000
1617.65466    1.07927    0.05615   16.00000
1618.02686    1.17139    0.05407   16.00000
1618.39893    1.10882    0.05445   16.00000
1618.77234    1.14904    0.05508   16.00000
1619.14478    1.18779    0.05500   16.00000
1619.51807    0.92984    0.06357   16.00000
1619.89062    0.93366    0.06444   16.00000
1620.26416    1.17291    0.06273   16.00000
1620.63696    1.12809    0.06508   16.00000
1621.00977    1.11559    0.06564   16.00000
1621.38342    1.29313    0.06192   16.00000
1621.75659    1.27586    0.06008   16.00000
1622.13037    1.10954    0.06171   16.00000
1622.50354    1.04438    0.06259   16.00000
1622.87781    1.06792    0.06285   16.00000
1623.25110    1.28147    0.06072   16.00000
1623.62549    1.02110    0.06799   16.00000
1623.99890    1.00032    0.06782   16.00000
1624.37268    1.44322    0.05853   16.00000
1624.74719    1.18660    0.06183   16.00000
1625.12085    1.02365    0.06466   16.00000
1625.49561    0.98136    0.06293   16.00000
1625.86963    1.00471    0.05711   16.00000
1626.24451    0.99548    0.05475   16.00000
1626.61853    1.24239    0.05153   16.00000
1626.99280    1.13815    0.05566   16.00000
1627.36804    1.08920    0.05581   16.00000
1627.74243    1.28575    0.05474   16.00000
1628.11780    1.00890    0.06173   16.00000
1628.49243    1.15928    0.06238   16.00000
1628.86780    1.20083    0.06123   16.00000
1629.24255    1.07322    0.06345   16.00000
1629.61731    1.21984    0.05735   16.00000
1629.99304    1.05073    0.06016   16.00000
1630.36816    0.97578    0.06116   16.00000
1630.74414    1.11187    0.05841   16.00000
1631.11914    1.14015    0.05767   16.00000
1631.49536    0.84754    0.06079   16.00000
1631.87061    1.10187    0.05407   16.00000
1632.24597    1.22697    0.05093   16.00000
1632.62256    1.16352    0.05191   16.00000
1632.99817    1.19418    0.05590   16.00000
1633.37463    0.97067    0.04593   16.00000
1633.75037    0.74408    0.04888   16.00000
1634.12708    1.05206    0.06324   16.00000
1634.50305    1.18214    0.05976   16.00000
1634.87903    0.96076    0.06263   16.00000
1635.25598    1.09443    0.06264   16.00000
1635.63220    1.12231    0.06460   16.00000
1636.00940    1.02768    0.07111   16.00000
1636.38586    1.03139    0.06521   16.00000
1636.76306    0.92900    0.06455   16.00000
1637.13977    1.08750    0.06413   16.00000
1637.51624    1.08592    0.06784   16.00000
1637.89392    1.26397    0.06407   16.00000
1638.27063    1.30699    0.06264   16.00000
1638.64856    1.08259    0.06098   16.00000
1639.02539    0.94029    0.06101   16.00000
1639.40344    0.99684    0.06047   16.00000
1639.78052    1.10327    0.05939   16.00000
1640.15784    1.11672    0.05716   16.00000
1640.53589    1.06240    0.05507   16.00000
1640.91333    1.06282    0.05468   16.00000
1641.29175    0.93918    0.05872   16.00000
1641.66931    0.81869    0.06225   16.00000
1642.04785    0.99142    0.06444   16.00000
1642.42566    1.15975    0.06648   16.00000
1642.80347    1.09902    0.06554   16.00000
1643.18225    1.35019    0.05486   16.00000
1643.56042    1.04608    0.05166   16.00000
1643.93933    1.04775    0.05435   16.00000
1644.31763    1.13092    0.06433   16.00000
1644.69678    0.91631    0.07334   16.00000
1645.07495    0.97412    0.07537   16.00000
1645.45361    1.16468    0.07021   16.00000
1645.83289    1.16196    0.06583   16.00000
1646.21155    0.94875    0.06532   16.00000
1646.59119    0.86985    0.06430   16.00000
1646.96997    1.16002    0.06423   16.00000
1647.34985    0.98290    0.06938   16.00000
1647.72876    0.81810    0.07590   16.00000
1648.10779    1.13963    0.07416   16.00000
1648.48792    1.10448    0.06675   16.00000
1648.86707    1.16108    0.06190   16.00000
1649.24731    1.05310    0.06645   16.00000
1649.62671    0.98105    0.07224   16.00000
