1410.03687    1.28807    0.05637   16.00000
1410.36206    1.01035    0.05749   16.00000
1410.68652    1.06301    0.05611   16.00000
1411.01111    1.30380    0.05487   16.00000
1411.33643    0.79883    0.00000   16.00000
1411.66101    1.24532    0.06457   16.00000
1411.98657    1.12617    0.06902   16.00000
1412.31140    1.13889    0.06755   16.00000
1412.63708    1.29707    0.06253   16.00000
1412.96204    1.29915    0.06165   16.00000
1413.28711    1.04080    0.06341   16.00000
1413.61304    1.09360    0.06372   16.00000
1413.93823    1.48087    0.05950   16.00000
1414.26440    1.32504    0.06100   16.00000
1414.58972    1.10546    0.06466   16.00000
1414.91577    1.00555    0.06734   16.00000
1415.24133    1.04852    0.07033   16.00000
1415.56689    1.26311    0.06628   16.00000
1415.89331    1.02120    0.06858   16.00000
1416.21912    1.22068    0.06572   16.00000
1416.54565    1.06064    0.06749   16.00000
1416.87146    1.44798    0.06386   16.00000
1417.19824    1.12112    0.06861   16.00000
1417.52417    0.93263    0.07312   16.00000
1417.85034    1.12967    0.07212   16.00000
1418.17737    1.02682    0.07384   16.00000
1418.50366    0.98056    0.07287   16.00000
1418.83069    1.28969    0.06965   16.00000
1419.15710    1.22764    0.07058   16.00000
1419.48425    0.91462    0.07596   16.00000
1419.81091    0.96057    0.07395   16.00000
1420.13745    1.33139    0.06507   16.00000
1420.46497    0.93176    0.06910   16.00000
1420.79175    0.83614    0.07070   16.00000
1421.11938    1.13170    0.06473   16.00000
1421.44641    1.26674    0.06227   16.00000
1421.77405    1.38177    0.06081   16.00000
1422.10120    0.84314    0.06642   16.00000
1422.42822    0.79211    0.00000   16.00000
1422.75635    1.15456    0.06037   16.00000
1423.08362    1.23298    0.05843   16.00000
1423.41187    1.04253    0.05969   16.00000
1423.73914    1.13488    0.06261   16.00000
1424.06763    1.31324    0.06687   16.00000
1424.39514    0.89741    0.07448   16.00000
1424.72290    0.92562    0.06489   16.00000
1425.05139    0.79378    0.00000   16.00000
1425.37915    0.57255    0.00000   16.00000
1425.70789    0.63611    0.00000   16.00000
1426.03577    1.08808    0.06836   16.00000
1426.36475    0.94079    0.06858   16.00000
1426.69287    0.81129    0.06682   16.00000
1427.02112    0.82291    0.06790   16.00000
1427.35010    0.93356    0.06953   16.00000
1427.67847    0.98631    0.07086   16.00000
1428.00769    0.82071    0.07352   16.00000
1428.33630    0.71420    0.00000   16.00000
1428.66565    0.81740    0.07727   16.00000
1428.99414    0.98241    0.07402   16.00000
1429.32312    1.12342    0.06904   16.00000
1429.65259    0.98348    0.07069   16.00000
1429.98145    0.78814    0.00000   16.00000
1430.31128    0.83572    0.07697   16.00000
1430.64026    0.89124    0.07904   16.00000
1430.97021    1.09498    0.07354   16.00000
1431.29944    0.74490    0.00000   16.00000
1431.62854    1.11431    0.07525   16.00000
1431.95886    0.97460    0.07687   16.00000
1432.28821    0.95475    0.07622   16.00000
1432.61841    0.92934    0.07656   16.00000
1432.94812    0.76659    0.00000   16.00000
1433.27844    0.83770    0.07392   16.00000
1433.60815    1.11752    0.07015   16.00000
1433.93884    1.03802    0.07523   16.00000
1434.26868    0.86774    0.08337   16.00000
1434.59863    1.02299    0.08366   16.00000
1434.92944    0.78292    0.00000   16.00000
1435.25952    0.99805    0.07363   16.00000
1435.59045    0.92478    0.07461   16.00000
1435.92065    0.92912    0.07799   16.00000
1436.25183    0.85982    0.08041   16.00000
1436.58228    1.23271    0.07347   16.00000
1436.91284    1.07443    0.07650   16.00000
1437.24414    0.86084    0.06063   16.00000
1437.57471    0.86405    0.05652   16.00000
1437.90625    1.03043    0.06541   16.00000
1438.23706    0.98980    0.06648   16.00000
1438.56873    0.91904    0.06611   16.00000
1438.89954    1.10299    0.06587   16.00000
1439.23059    0.98378    0.06846   16.00000
1439.56250    0.70547    0.00000   16.00000
1439.89368    0.84525    0.07953   16.00000
1440.22583    0.64276    0.00000   16.00000
1440.55713    0.81088    0.08167   16.00000
1440.88928    0.95499    0.07839   16.00000
1441.22070    1.27132    0.07135   16.00000
1441.55237    1.12154    0.07177   16.00000
1441.88477    0.83221    0.07071   16.00000
1442.21643    1.33686    0.06401   16.00000
1442.54895    1.10079    0.05550   16.00000
1442.88086    1.00630    0.06140   16.00000
1443.21362    0.94192    0.08206   16.00000
1443.54553    0.89374    0.08463   16.00000
1443.87756    0.94624    0.08731   16.00000
1444.21057    0.68315    0.00000   16.00000
1444.54285    0.56591    0.00000   16.00000
1444.87598    0.77533    0.00000   16.00000
1445.20837    0.71704    0.00000   16.00000
1445.54163    0.63977    0.00000   16.00000
1445.87415    0.76749    0.00000   16.00000
1446.20691    0.80400    0.08504   16.00000
1446.54028    0.75632    0.00000   16.00000
1446.87305    0.54790    0.00000   16.00000
1447.20667    0.62594    0.00000   16.00000
1447.53967    1.02289    0.08376   16.00000
1447.87341    1.01397    0.08413   16.00000
1448.20642    0.72687    0.00000   16.00000
1448.53967    0.84375    0.08538   16.00000
1448.87366    0.80160    0.08411   16.00000
1449.20703    0.82482    0.07823   16.00000
1449.54126    0.95912    0.07188   16.00000
1449.87463    0.79978    0.07258   16.00000
1450.20898    0.70375    0.00000   16.00000
1450.54260    0.72972    0.00000   16.00000
1450.87634    0.76964    0.00000   16.00000
1451.21094    1.12214    0.07872   16.00000
1451.54468    0.95546    0.08377   16.00000
1451.87939    0.68398    0.00000   16.00000
1452.21350    0.84311    0.09285   16.00000
1452.54834    0.92261    0.08875   16.00000
1452.88257    0.70377    0.00000   16.00000
1453.21667    0.90986    0.08265   16.00000
1453.55176    1.13593    0.07617   16.00000
1453.88623    0.91615    0.07524   16.00000
1454.22144    1.03154    0.07076   16.00000
1454.55603    0.90617    0.07306   16.00000
1454.89148    0.64201    0.00000   16.00000
1455.22620    1.01667    0.08588   16.00000
1455.56091    0.88948    0.08872   16.00000
1455.89648    0.72215    0.00000   16.00000
1456.23157    0.84299    0.08483   16.00000
1456.56726    0.66070    0.00000   16.00000
1456.90247    0.83250    0.09009   16.00000
1457.23840    0.96782    0.08716   16.00000
1457.57349    0.99764    0.08519   16.00000
1457.90881    0.89573    0.08839   16.00000
1458.24500    1.02220    0.08511   16.00000
1458.58044    0.89313    0.08652   16.00000
1458.91687    0.66921    0.00000   16.00000
1459.25244    1.07917    0.08659   16.00000
1459.58899    0.85265    0.08932   16.00000
1459.92480    1.08197    0.08075   16.00000
1460.26147    1.06412    0.07546   16.00000
1460.59741    0.90571    0.07639   16.00000
1460.93335    0.84210    0.07981   16.00000
1461.27026    0.93719    0.08198   16.00000
1461.60645    1.06153    0.07958   16.00000
1461.94336    0.97114    0.07626   16.00000
1462.27979    0.80092    0.07649   16.00000
1462.61694    0.89316    0.07684   16.00000
1462.95349    1.10255    0.07633   16.00000
1463.29004    1.05221    0.07451   16.00000
1463.62744    0.92310    0.06498   16.00000
1463.96411    1.05819    0.06053   16.00000
1464.30176    1.00341    0.06935   16.00000
1464.63855    0.79529    0.08674   16.00000
1464.97632    0.98614    0.08636   16.00000
1465.31335    1.11688    0.08003   16.00000
1465.65051    0.92308    0.08173   16.00000
1465.98840    0.84805    0.07884   16.00000
1466.32568    0.99971    0.07491   16.00000
1466.66370    0.94220    0.07827   16.00000
1467.00122    0.97316    0.08438   16.00000
1467.33960    1.08217    0.08618   16.00000
1467.67700    1.13445    0.08547   16.00000
1468.01465    1.12401    0.08433   16.00000
1468.35315    1.01723    0.08668   16.00000
1468.69104    0.89193    0.09044   16.00000
1469.02979    0.99446    0.08579   16.00000
1469.36768    1.17824    0.08019   16.00000
1469.70642    1.04523    0.08063   16.00000
1470.04456    0.97838    0.08491   16.00000
1470.38281    1.06267    0.08420   16.00000
1470.72168    0.95138    0.08760   16.00000
1471.06006    0.92692    0.08571   16.00000
1471.39941    1.04220    0.08472   16.00000
1471.73792    0.86194    0.09333   16.00000
1472.07727    1.15488    0.08497   16.00000
1472.41589    0.98870    0.08773   16.00000
1472.75452    0.92205    0.08744   16.00000
1473.09412    0.92067    0.08306   16.00000
1473.43311    1.21720    0.07840   16.00000
1473.77295    1.00363    0.08208   16.00000
1474.11182    0.87323    0.08321   16.00000
1474.45178    1.06940    0.07965   16.00000
1474.79102    0.99738    0.08152   16.00000
1475.13037    1.01335    0.08468   16.00000
1475.47046    1.11682    0.08717   16.00000
1475.80981    1.07247    0.09032   16.00000
1476.15027    1.12549    0.08789   16.00000
1476.48987    0.70660    0.00000   16.00000
1476.83032    0.81133    0.09513   16.00000
1477.17004    1.11155    0.08023   16.00000
1477.50977    1.33293    0.07647   16.00000
1477.85059    1.06946    0.08230   16.00000
1478.19055    1.08721    0.08202   16.00000
1478.53137    0.95944    0.08585   16.00000
1478.87158    0.91125    0.08338   16.00000
1479.21252    1.00465    0.08682   16.00000
1479.55286    0.81971    0.09580   16.00000
1479.89331    0.96284    0.09240   16.00000
1480.23450    1.15059    0.08703   16.00000
1480.57507    1.14099    0.08956   16.00000
1480.91650    0.99410    0.08803   16.00000
1481.25720    1.04763    0.08080   16.00000
1481.59875    0.72961    0.00000   16.00000
1481.93958    0.59018    0.00000   16.00000
1482.28040    0.97752    0.09679   16.00000
1482.62231    0.94838    0.09239   16.00000
1482.96338    0.97646    0.08107   16.00000
1483.30530    0.89595    0.07598   16.00000
1483.64661    1.35174    0.06921   16.00000
1483.98865    1.01996    0.07696   16.00000
1484.33008    0.90787    0.08498   16.00000
1484.67151    0.90595    0.09067   16.00000
1485.01379    0.87149    0.09349   16.00000
1485.35559    1.26394    0.08870   16.00000
1485.69812    0.68039    0.00000   16.00000
1486.03979    0.85609    0.09317   16.00000
1486.38245    0.96605    0.08476   16.00000
1486.72437    1.10950    0.07628   16.00000
1487.06738    0.92807    0.07636   16.00000
1487.40942    0.96834    0.08306   16.00000
1487.75159    0.74645    0.00000   16.00000
1488.09460    0.82166    0.09736   16.00000
1488.43689    1.15476    0.09337   16.00000
1488.78015    0.85556    0.09162   16.00000
1489.12268    0.79932    0.08552   16.00000
1489.46606    1.26149    0.07767   16.00000
1489.80872    1.27220    0.08178   16.00000
1490.15137    1.19577    0.08689   16.00000
1490.49500    0.97000    0.09624   16.00000
1490.83801    1.00357    0.09367   16.00000
1491.18164    1.14162    0.08813   16.00000
1491.52478    0.92438    0.09155   16.00000
1491.86865    0.84649    0.09559   16.00000
1492.21191    0.80043    0.09592   16.00000
1492.55518    0.96134    0.08687   16.00000
1492.89941    0.83996    0.09014   16.00000
1493.24280    0.93111    0.09317   16.00000
1493.58716    0.93934    0.09768   16.00000
1493.93079    0.88492    0.10114   16.00000
1494.27527    1.05362    0.09565   16.00000
1494.61902    0.80587    0.09530   16.00000
1494.96289    0.96244    0.09052   16.00000
1495.30750    0.98828    0.09245   16.00000
1495.65149    0.94627    0.09610   16.00000
1495.99646    0.91418    0.10108   16.00000
1496.34070    0.78856    0.10659   16.00000
1496.68567    0.71215    0.00000   16.00000
1497.03003    0.77155    0.10122   16.00000
1497.37427    0.96616    0.10018   16.00000
1497.71960    1.01316    0.09985   16.00000
1498.06421    0.90655    0.10191   16.00000
1498.40967    0.87570    0.09535   16.00000
1498.75427    0.83675    0.09354   16.00000
1499.09998    1.02182    0.08545   16.00000
1499.44482    0.59336    0.00000   16.00000
1499.78979    1.03091    0.09455   16.00000
1500.13562    0.85606    0.10820   16.00000
1500.48071    0.78370    0.10585   16.00000
1500.82678    0.80659    0.10217   16.00000
1501.17200    1.12900    0.09181   16.00000
1501.51819    0.84017    0.07385   16.00000
1501.86365    1.35172    0.01966   16.00000
1502.20911    1.03369    0.02150   16.00000
1502.55554    0.86061    0.09243   16.00000
1502.90112    0.82369    0.09630   16.00000
1503.24768    0.79424    0.09560   16.00000
1503.59363    0.82315    0.09665   16.00000
1503.94031    0.95309    0.09721   16.00000
1504.28625    1.10591    0.09362   16.00000
1504.63232    1.07747    0.09382   16.00000
1504.97925    1.01562    0.09777   16.00000
1505.32556    0.95597    0.09886   16.00000
1505.67273    0.86862    0.10225   16.00000
1506.01904    1.04738    0.09433   16.00000
1506.36621    1.04219    0.09075   16.00000
1506.71289    1.08788    0.09261   16.00000
1507.05933    0.93008    0.09909   16.00000
1507.40698    0.87957    0.10070   16.00000
1507.75378    0.94715    0.09354   16.00000
1508.10144    0.75744    0.00000   16.00000
1508.44836    0.88587    0.09005   16.00000
1508.79626    0.70431    0.00000   16.00000
1509.14331    0.69411    0.00000   16.00000
1509.49048    0.78336    0.10667   16.00000
1509.83862    0.60700    0.00000   16.00000
1510.18591    0.47994    0.00000   16.00000
1510.53418    0.26637    0.00000   16.00000
1510.88159    0.39199    0.00000   16.00000
1511.23010    0.32333    0.00000   16.00000
1511.57776    0.35750    0.00000   16.00000
1511.92554    0.26461    0.00000   16.00000
1512.27417    0.49436    0.00000   16.00000
1512.62195    0.57192    0.00000   16.00000
1512.97083    0.34634    0.00000   16.00000
1513.31873    0.37594    0.00000   16.00000
1513.66785    0.35263    0.00000   16.00000
1514.01599    0.35583    0.00000   16.00000
1514.36511    0.37379    0.00000   16.00000
1514.71362    0.35193    0.00000   16.00000
1515.06189    0.21303    0.00000   16.00000
1515.41138    0.12116    0.00000   16.00000
1515.76001    0.41919    0.00000   16.00000
1516.10950    0.39369    0.00000   16.00000
1516.45825    0.47809    0.00000   16.00000
1516.80798    0.21158    0.00000   16.00000
1517.15686    0.26580    0.00000   16.00000
1517.50598    0.16674    0.00000   16.00000
1517.85583    0.13538    0.00000   16.00000
1518.20508    0.01947    0.00000   16.00000
1518.55505    0.27588    0.00000   16.00000
1518.90454    0.30561    0.00000   16.00000
1519.25476    0.20670    0.00000   16.00000
1519.60425    0.30558    0.00000   16.00000
1519.95386    0.27641    0.00000   16.00000
1520.30432    0.30186    0.00000   16.00000
1520.65405    0.04779    0.00000   16.00000
1521.00476    0.17041    0.00000   16.00000
1521.35474    0.59146    0.00000   16.00000
1521.70544    0.40632    0.00000   16.00000
1522.05554    0.19997    0.00000   16.00000
1522.40564    0.27048    0.00000   16.00000
1522.75671    0.23418    0.00000   16.00000
1523.10706    0.20408    0.00000   16.00000
1523.45825   -0.02165    0.00000   16.00000
1523.80872    0.03092    0.00000   16.00000
1524.16016    0.28584    0.00000   16.00000
1524.51074    0.18669    0.00000   16.00000
1524.86157    0.31607    0.00000   16.00000
1525.21301    0.05214    0.00000   16.00000
1525.56396    0.18824    0.00000   16.00000
1525.91577    0.28942    0.00000   16.00000
1526.26672    0.18679    0.00000   16.00000
1526.61877    0.27208    0.00000   16.00000
1526.96997    0.30708    0.00000   16.00000
1527.32117    0.17350    0.00000   16.00000
1527.67346    0.56158    0.00000   16.00000
1528.02490    0.47093    0.00000   16.00000
1528.37720    0.86040    0.09694   16.00000
1528.72888    0.80091    0.09544   16.00000
1529.08130    0.84108    0.09201   16.00000
1529.43323    0.87137    0.08838   16.00000
1529.78503    1.01965    0.08789   16.00000
1530.13782    1.15934    0.08752   16.00000
1530.48975    1.18573    0.08476   16.00000
1530.84277    1.02748    0.08659   16.00000
1531.19482    0.94970    0.08940   16.00000
1531.54797    1.29950    0.08139   16.00000
1531.90027    1.39398    0.07738   16.00000
1532.25269    1.07195    0.08178   16.00000
1532.60608    1.13796    0.08186   16.00000
1532.95850    1.10367    0.08057   16.00000
1533.31201    0.87382    0.08153   16.00000
1533.66479    1.18334    0.07893   16.00000
1534.01855    0.90808    0.08774   16.00000
1534.37146    0.46243    0.00000   16.00000
1534.72437    0.45989    0.00000   16.00000
1535.07837    0.39612    0.00000   16.00000
1535.43140    0.29875    0.00000   16.00000
1535.78552    0.34351    0.00000   16.00000
1536.13879    0.34096    0.00000   16.00000
1536.49304    0.29160    0.00000   16.00000
1536.84644   -0.07712    0.00000   16.00000
1537.19995   -0.01196    0.00000   16.00000
1537.55457   -0.00911    0.00000   16.00000
1537.90820    0.03540    0.00000   16.00000
1538.26282   -0.15535    0.00000   16.00000
1538.61670    0.01007    0.00000   16.00000
1538.97156    0.12678    0.00000   16.00000
1539.32556   -0.04642    0.00000   16.00000
1539.67969    0.04091    0.00000   16.00000
1540.03479   -0.05446    0.00000   16.00000
1540.38904    0.14832    0.00000   16.00000
1540.74426    0.19202    0.00000   16.00000
1541.09875    0.17580    0.00000   16.00000
1541.45410    0.22656    0.00000   16.00000
1541.80872   -0.08347    0.00000   16.00000
1542.16418   -0.00295    0.00000   16.00000
1542.51892    0.17077    0.00000   16.00000
1542.87390    0.04848    0.00000   16.00000
1543.22949    0.19869    0.00000   16.00000
1543.58459    0.23309    0.00000   16.00000
1543.94055    0.23945    0.00000   16.00000
1544.29578    0.29412    0.00000   16.00000
1544.65198    0.04927    0.00000   16.00000
1545.00708    0.08799    0.00000   16.00000
1545.36267    0.02467    0.00000   16.00000
1545.71899    0.22735    0.00000   16.00000
1546.07458    0.01853    0.00000   16.00000
1546.43103    0.09589    0.00000   16.00000
1546.78687    0.22944    0.00000   16.00000
1547.14343    0.55233    0.00000   16.00000
1547.49939    0.88706    0.07833   16.00000
1547.85547    0.77910    0.07793   16.00000
1548.21228    0.15074    0.00000   16.00000
1548.56860   -0.14210    0.00000   16.00000
1548.92566    0.45144    0.00000   16.00000
1549.28198    0.74266    0.06522   16.00000
1549.63928    1.23917    0.04673   16.00000
1549.99573    1.20698    0.04303   16.00000
1550.35229    1.30297    0.04185   16.00000
1550.70984    1.09659    0.04510   16.00000
1551.06653    1.11815    0.04420   16.00000
1551.42419    1.22251    0.04157   16.00000
1551.78113    1.03543    0.04435   16.00000
1552.13892    1.04491    0.04393   16.00000
1552.49597    1.04056    0.04487   16.00000
1552.85315    0.95240    0.04520   16.00000
1553.21130    1.12859    0.04142   16.00000
1553.56848    0.81696    0.04449   16.00000
1553.92676    1.01107    0.04426   16.00000
1554.28430    0.93963    0.04716   16.00000
1554.64270    0.89343    0.05051   16.00000
1555.00037    0.81625    0.05099   16.00000
1555.35803    0.84936    0.05190   16.00000
1555.71680    1.00714    0.05373   16.00000
1556.07458    1.04465    0.05650   16.00000
1556.43347    1.06010    0.05654   16.00000
1556.79150    0.83677    0.05645   16.00000
1557.15051    0.81531    0.05048   16.00000
1557.50879    1.05373    0.04997   16.00000
1557.86707    1.13909    0.05468   16.00000
1558.22620    1.26764    0.05477   16.00000
1558.58472    1.24236    0.05467   16.00000
1558.94421    1.10413    0.05695   16.00000
1559.30273    1.21410    0.05773   16.00000
1559.66235    1.02178    0.06206   16.00000
1560.02112    1.05873    0.06017   16.00000
1560.38000    1.00202    0.05857   16.00000
1560.73987    1.00459    0.05585   16.00000
1561.09888    1.09381    0.05877   16.00000
1561.45886    1.02072    0.06380   16.00000
1561.81799    1.08617    0.06159   16.00000
1562.17834    0.96876    0.05984   16.00000
1562.53760    1.07365    0.05778   16.00000
1562.89709    1.08472    0.05463   16.00000
1563.25757    0.91494    0.05969   16.00000
1563.61707    0.83155    0.06574   16.00000
1563.97766    1.08743    0.06445   16.00000
1564.33740    0.90639    0.07150   16.00000
1564.69812    1.00304    0.07108   16.00000
1565.05811    0.81316    0.07513   16.00000
1565.41821    1.01022    0.07418   16.00000
1565.77917    1.02046    0.07377   16.00000
1566.13940    1.02202    0.06930   16.00000
1566.50061    1.12335    0.06684   16.00000
1566.86096    1.10343    0.07193   16.00000
1567.22217    0.98553    0.08224   16.00000
1567.58276    1.07857    0.08567   16.00000
1567.94336    1.12228    0.08499   16.00000
1568.30493    1.17621    0.08079   16.00000
1568.66565    1.21012    0.08154   16.00000
1569.02747    0.96455    0.09039   16.00000
1569.38831    1.02910    0.09104   16.00000
1569.75024    0.95310    0.09360   16.00000
1570.11145    0.82315    0.09997   16.00000
1570.47339    0.98558    0.10050   16.00000
1570.83472    1.11253    0.09889   16.00000
1571.19617    1.12461    0.09869   16.00000
1571.55847    1.01028    0.09964   16.00000
1571.92004    0.99215    0.09846   16.00000
1572.28247    1.03262    0.09878   16.00000
1572.64417    1.03577    0.10496   16.00000
1573.00671    1.29591    0.10226   16.00000
1573.36877    1.36663    0.09919   16.00000
1573.73071    1.20165    0.09861   16.00000
1574.09351    1.12582    0.10037   16.00000
1574.45569    1.06226    0.10514   16.00000
1574.81873    0.96804    0.10915   16.00000
1575.18103    0.94064    0.11258   16.00000
1575.54419    0.87330    0.11634   16.00000
1575.90662    0.82199    0.12040   16.00000
1576.26917    0.89549    0.11685   16.00000
1576.63269    0.95823    0.11562   16.00000
1576.99536    1.20666    0.10900   16.00000
1577.35901    1.19810    0.10726   16.00000
1577.72192    1.02524    0.10916   16.00000
1578.08569    0.96223    0.10658   16.00000
1578.44885    1.13739    0.09822   16.00000
1578.81189    0.88537    0.10570   16.00000
1579.17603    0.85471    0.11114   16.00000
1579.53931    1.04057    0.10862   16.00000
1579.90356    1.14883    0.10781   16.00000
1580.26709    0.99451    0.11420   16.00000
1580.63147    0.73706    0.12336   16.00000
1580.99487    1.09978    0.11032   16.00000
1581.35876    0.94554    0.12024   16.00000
1581.72339    1.18437    0.11291   16.00000
1582.08716    1.22009    0.10300   16.00000
1582.45203    0.89309    0.10806   16.00000
1582.81616    0.98087    0.10861   16.00000
1583.18115    1.08484    0.10799   16.00000
1583.54529    0.83456    0.11621   16.00000
1583.90967    1.00087    0.11381   16.00000
1584.27478    1.13454    0.10853   16.00000
1584.63940    1.02268    0.11273   16.00000
1585.00464    1.01331    0.11442   16.00000
1585.36938    1.08204    0.11257   16.00000
1585.73486    1.01550    0.11264   16.00000
1586.09973    0.94962    0.10211   16.00000
1586.46460    1.17329    0.07589   16.00000
1586.83057    0.86452    0.08572   16.00000
1587.19556    1.05356    0.10604   16.00000
1587.56152    0.91407    0.10614   16.00000
1587.92676    0.94431    0.10920   16.00000
1588.29285    1.15298    0.10693   16.00000
1588.65833    1.01066    0.10827   16.00000
1589.02380    0.98926    0.10435   16.00000
1589.39014    0.91322    0.10157   16.00000
1589.75586    1.00036    0.09917   16.00000
1590.12231    0.97029    0.09847   16.00000
1590.48816    0.87552    0.10207   16.00000
1590.85498    0.97095    0.10695   16.00000
1591.22095    0.94055    0.11332   16.00000
1591.58704    0.90121    0.11391   16.00000
1591.95398    0.90453    0.11526   16.00000
1592.32019    1.07014    0.11209   16.00000
1592.68738    1.00932    0.10942   16.00000
1593.05383    0.99489    0.10047   16.00000
1593.42126    1.02893    0.08386   16.00000
1593.78784    1.10806    0.06959   16.00000
1594.15430    1.37521    0.06206   16.00000
1594.52197    1.06224    0.09289   16.00000
1594.88879    0.92249    0.09507   16.00000
1595.25659    1.22785    0.09385   16.00000
1595.62354    1.13523    0.10366   16.00000
1595.99146    0.80982    0.11492   16.00000
1596.35864    0.98621    0.11353   16.00000
1596.72595    1.15657    0.10825   16.00000
1597.09424    0.85791    0.12008   16.00000
1597.46155    0.84498    0.12308   16.00000
1597.82983    0.80218    0.12087   16.00000
1598.19751    0.91173    0.11854   16.00000
1598.56604    0.92570    0.11574   16.00000
1598.93384    1.19320    0.09906   16.00000
1599.30249    1.04084    0.09649   16.00000
1599.67041    0.69021    0.00000   16.00000
1600.03845    1.14978    0.10592   16.00000
1600.40735    1.18833    0.10824   16.00000
1600.77551    0.83248    0.12027   16.00000
1601.14465    0.80101    0.12249   16.00000
1601.51306    1.14671    0.10439   16.00000
1601.88232    1.07053    0.10815   16.00000
1602.25085    0.93655    0.11830   16.00000
1602.61938    0.82279    0.11940   16.00000
1602.98901    1.18764    0.10797   16.00000
1603.35767    0.97345    0.11550   16.00000
1603.72742    0.85857    0.11479   16.00000
1604.09644    0.86822    0.10888   16.00000
1604.46643    0.91674    0.09938   16.00000
1604.83533    1.35554    0.08005   16.00000
1605.20471    1.04781    0.10232   16.00000
1605.57471    0.77253    0.12276   16.00000
1605.94421    0.71606    0.00000   16.00000
1606.31445    1.24847    0.11368   16.00000
1606.68396    0.90244    0.12843   16.00000
1607.05457    1.11860    0.11374   16.00000
1607.42407    1.14203    0.11325   16.00000
1607.79407    0.86506    0.12517   16.00000
1608.16467    0.86143    0.12188   16.00000
1608.53467    1.11668    0.10709   16.00000
1608.90564    1.39549    0.09565   16.00000
1609.27563    0.89604    0.10945   16.00000
1609.64685    1.03166    0.11218   16.00000
1610.01721    0.95384    0.12118   16.00000
1610.38757    0.85130    0.12489   16.00000
1610.75879    1.06425    0.11738   16.00000
1611.12939    0.88238    0.12047   16.00000
1611.50098    0.73468    0.11777   16.00000
1611.87158    0.99793    0.10301   16.00000
1612.24341    0.96958    0.09639   16.00000
1612.61426    0.84754    0.09033   16.00000
1612.98523    1.07296    0.09269   16.00000
1613.35730    1.00668    0.10671   16.00000
1613.72839    1.00662    0.10587   16.00000
1614.10046    1.05281    0.10019   16.00000
1614.47168    1.03061    0.09954   16.00000
1614.84412    1.19618    0.09930   16.00000
1615.21558    1.03526    0.10781   16.00000
1615.58716    0.93357    0.11094   16.00000
1615.95959    0.97923    0.11390   16.00000
1616.33142    1.14733    0.10771   16.00000
1616.70422    0.94153    0.11467   16.00000
1617.07617    0.87240    0.12220   16.00000
1617.44897    0.68533    0.00000   16.00000
1617.82117    1.12095    0.11382   16.00000
1618.19324    1.12609    0.11218   16.00000
1618.56628    1.09210    0.11127   16.00000
1618.93872    0.89361    0.11087   16.00000
1619.31213    1.16154    0.10393   16.00000
1619.68469    0.94849    0.10609   16.00000
1620.05811    0.88400    0.10450   16.00000
1620.43079    1.20260    0.10917   16.00000
1620.80359    1.09595    0.11820   16.00000
1621.17725    1.10957    0.11868   16.00000
1621.55029    0.97280    0.11691   16.00000
1621.92419    0.94589    0.11665   16.00000
1622.29724    0.76394    0.12711   16.00000
1622.67151    1.07975    0.11891   16.00000
1623.04480    1.05469    0.12309   16.00000
1623.41809    0.81309    0.12448   16.00000
1623.79236    1.39798    0.10665   16.00000
1624.16602    1.14697    0.11535   16.00000
1624.54053    1.19519    0.10626   16.00000
1624.91418    0.99746    0.11203   16.00000
1625.28894    1.05622    0.11748   16.00000
1625.66272    0.75894    0.13547   16.00000
1626.03687    1.01852    0.12312   16.00000
1626.41174    1.05355    0.11841   16.00000
1626.78601    0.97817    0.12405   16.00000
1627.16113    0.87660    0.12135   16.00000
1627.53540    1.21304    0.11307   16.00000
1627.91077    1.12483    0.11392   16.00000
1628.28528    1.33428    0.10572   16.00000
1628.66064    1.07246    0.11380   16.00000
1629.03528    1.02491    0.11891   16.00000
1629.41016    0.83559    0.12892   16.00000
1629.78589    1.14452    0.11096   16.00000
1630.16077    0.89673    0.10567   16.00000
1630.53674    0.89631    0.10730   16.00000
1630.91187    1.02570    0.11046   16.00000
1631.28784    0.88664    0.11108   16.00000
1631.66309    1.05763    0.10465   16.00000
1632.03857    0.98590    0.10410   16.00000
1632.41492    0.95419    0.10920   16.00000
1632.79041    1.10980    0.11567   16.00000
1633.16699    0.90865    0.12646   16.00000
1633.54272    0.93269    0.12458   16.00000
1633.91931    1.03061    0.12159   16.00000
1634.29517    1.18489    0.11456   16.00000
1634.67114    1.04128    0.11496   16.00000
1635.04810    0.82469    0.12305   16.00000
1635.42419    1.04897    0.11706   16.00000
1635.80139    0.88265    0.11837   16.00000
1636.17773    1.15587    0.10982   16.00000
1636.55493    1.05064    0.11516   16.00000
1636.93140    0.75294    0.12835   16.00000
1637.30811    1.10835    0.11591   16.00000
1637.68567    1.04476    0.11223   16.00000
1638.06226    1.12176    0.10778   16.00000
1638.44006    1.16323    0.10449   16.00000
1638.81702    0.94055    0.11579   16.00000
1639.19482    1.03006    0.12310   16.00000
1639.57190    1.04992    0.12458   16.00000
1639.94922    1.16392    0.11759   16.00000
1640.32739    1.06959    0.11194   16.00000
1640.70471    1.12906    0.10951   16.00000
1641.08301    0.92077    0.11983   16.00000
1641.46057    0.98502    0.12453   16.00000
1641.83899    1.05030    0.12317   16.00000
1642.21680    1.32282    0.11521   16.00000
1642.59460    1.13803    0.11398   16.00000
1642.97339    1.01186    0.10803   16.00000
1643.35132    1.09357    0.11205   16.00000
1643.73022    1.05853    0.11586   16.00000
1644.10840    1.12346    0.11379   16.00000
1644.48755    1.07702    0.12115   16.00000
1644.86584    0.96883    0.12855   16.00000
1645.24438    0.74775    0.13183   16.00000
1645.62354    0.83297    0.13301   16.00000
1646.00220    0.81677    0.13087   16.00000
1646.38184    0.80520    0.13418   16.00000
1646.76062    0.74588    0.13331   16.00000
1647.14026    0.96787    0.11574   16.00000
1647.51929    0.92244    0.11848   16.00000
1647.89819    0.99133    0.12096   16.00000
1648.27820    0.94927    0.11844   16.00000
1648.65747    1.09435    0.11089   16.00000
1649.03760    0.72752    0.13075   16.00000
1649.41699    0.83412    0.12529   16.00000
1649.79736    0.84568    0.12596   16.00000
