1410.03687    1.29126    0.05651   16.00000
1410.36206    1.01285    0.05763   16.00000
1410.68652    1.06566    0.05625   16.00000
1411.01111    1.30705    0.05501   16.00000
1411.33643    0.80083    0.00000   16.00000
1411.66101    1.24844    0.06473   16.00000
1411.98657    1.12899    0.06919   16.00000
1412.31140    1.14175    0.06772   16.00000
1412.63708    1.30033    0.06268   16.00000
1412.96204    1.30243    0.06181   16.00000
1413.28711    1.04344    0.06357   16.00000
1413.61304    1.09638    0.06388   16.00000
1413.93823    1.48463    0.05965   16.00000
1414.26440    1.32841    0.06116   16.00000
1414.58972    1.10828    0.06482   16.00000
1414.91577    1.00812    0.06751   16.00000
1415.24133    1.05121    0.07051   16.00000
1415.56689    1.26635    0.06645   16.00000
1415.89331    1.02382    0.06876   16.00000
1416.21912    1.22383    0.06589   16.00000
1416.54565    1.06338    0.06766   16.00000
1416.87146    1.45172    0.06402   16.00000
1417.19824    1.12403    0.06879   16.00000
1417.52417    0.93506    0.07331   16.00000
1417.85034    1.13262    0.07231   16.00000
1418.17737    1.02950    0.07403   16.00000
1418.50366    0.98313    0.07306   16.00000
1418.83069    1.29307    0.06984   16.00000
1419.15710    1.23087    0.07077   16.00000
1419.48425    0.91702    0.07616   16.00000
1419.81091    0.96310    0.07415   16.00000
1420.13745    1.33490    0.06524   16.00000
1420.46497    0.93422    0.06928   16.00000
1420.79175    0.83835    0.07088   16.00000
1421.11938    1.13471    0.06490   16.00000
1421.44641    1.27011    0.06244   16.00000
1421.77405    1.38546    0.06097   16.00000
1422.10120    0.84540    0.06660   16.00000
1422.42822    0.79423    0.00000   16.00000
1422.75635    1.15766    0.06053   16.00000
1423.08362    1.23630    0.05859   16.00000
1423.41187    1.04534    0.05985   16.00000
1423.73914    1.13794    0.06278   16.00000
1424.06763    1.31680    0.06705   16.00000
1424.39514    0.89984    0.07469   16.00000
1424.72290    0.92814    0.06507   16.00000
1425.05139    0.79594    0.00000   16.00000
1425.37915    0.57411    0.00000   16.00000
1425.70789    0.63784    0.00000   16.00000
1426.03577    1.09106    0.06854   16.00000
1426.36475    0.94337    0.06877   16.00000
1426.69287    0.81352    0.06700   16.00000
1427.02112    0.82517    0.06808   16.00000
1427.35010    0.93614    0.06972   16.00000
1427.67847    0.98904    0.07106   16.00000
1428.00769    0.82298    0.07372   16.00000
1428.33630    0.71618    0.00000   16.00000
1428.66565    0.81967    0.07748   16.00000
1428.99414    0.98515    0.07422   16.00000
1429.32312    1.12655    0.06923   16.00000
1429.65259    0.98623    0.07089   16.00000
1429.98145    0.79034    0.00000   16.00000
1430.31128    0.83807    0.07719   16.00000
1430.64026    0.89374    0.07926   16.00000
1430.97021    1.09806    0.07375   16.00000
1431.29944    0.74700    0.00000   16.00000
1431.62854    1.11746    0.07546   16.00000
1431.95886    0.97735    0.07709   16.00000
1432.28821    0.95746    0.07644   16.00000
1432.61841    0.93198    0.07678   16.00000
1432.94812    0.76877    0.00000   16.00000
1433.27844    0.84009    0.07414   16.00000
1433.60815    1.12071    0.07035   16.00000
1433.93884    1.04099    0.07544   16.00000
1434.26868    0.87023    0.08361   16.00000
1434.59863    1.02593    0.08390   16.00000
1434.92944    0.78517    0.00000   16.00000
1435.25952    1.00093    0.07384   16.00000
1435.59045    0.92745    0.07483   16.00000
1435.92065    0.93180    0.07822   16.00000
1436.25183    0.86231    0.08065   16.00000
1436.58228    1.23629    0.07368   16.00000
1436.91284    1.07756    0.07672   16.00000
1437.24414    0.86335    0.06080   16.00000
1437.57471    0.86657    0.05668   16.00000
1437.90625    1.03345    0.06560   16.00000
1438.23706    0.99270    0.06667   16.00000
1438.56873    0.92173    0.06631   16.00000
1438.89954    1.10623    0.06606   16.00000
1439.23059    0.98668    0.06866   16.00000
1439.56250    0.70756    0.00000   16.00000
1439.89368    0.84774    0.07977   16.00000
1440.22583    0.64466    0.00000   16.00000
1440.55713    0.81328    0.08192   16.00000
1440.88928    0.95782    0.07862   16.00000
1441.22070    1.27510    0.07156   16.00000
1441.55237    1.12489    0.07198   16.00000
1441.88477    0.83470    0.07092   16.00000
1442.21643    1.34086    0.06420   16.00000
1442.54895    1.10409    0.05566   16.00000
1442.88086    1.00933    0.06159   16.00000
1443.21362    0.94475    0.08230   16.00000
1443.54553    0.89644    0.08488   16.00000
1443.87756    0.94909    0.08757   16.00000
1444.21057    0.68521    0.00000   16.00000
1444.54285    0.56763    0.00000   16.00000
1444.87598    0.77768    0.00000   16.00000
1445.20837    0.71922    0.00000   16.00000
1445.54163    0.64172    0.00000   16.00000
1445.87415    0.76983    0.00000   16.00000
1446.20691    0.80646    0.08530   16.00000
1446.54028    0.75863    0.00000   16.00000
1446.87305    0.54958    0.00000   16.00000
1447.20667    0.62786    0.00000   16.00000
1447.53967    1.02604    0.08402   16.00000
1447.87341    1.01709    0.08439   16.00000
1448.20642    0.72912    0.00000   16.00000
1448.53967    0.84636    0.08565   16.00000
1448.87366    0.80409    0.08437   16.00000
1449.20703    0.82738    0.07847   16.00000
1449.54126    0.96210    0.07211   16.00000
1449.87463    0.80227    0.07281   16.00000
1450.20898    0.70595    0.00000   16.00000
1450.54260    0.73200    0.00000   16.00000
1450.87634    0.77205    0.00000   16.00000
1451.21094    1.12566    0.07896   16.00000
1451.54468    0.95846    0.08403   16.00000
1451.87939    0.68613    0.00000   16.00000
1452.21350    0.84577    0.09314   16.00000
1452.54834    0.92552    0.08903   16.00000
1452.88257    0.70600    0.00000   16.00000
1453.21667    0.91274    0.08291   16.00000
1453.55176    1.13954    0.07642   16.00000
1453.88623    0.91906    0.07548   16.00000
1454.22144    1.03483    0.07099   16.00000
1454.55603    0.90906    0.07330   16.00000
1454.89148    0.64406    0.00000   16.00000
1455.22620    1.01993    0.08616   16.00000
1455.56091    0.89233    0.08900   16.00000
1455.89648    0.72447    0.00000   16.00000
1456.23157    0.84570    0.08510   16.00000
1456.56726    0.66283    0.00000   16.00000
1456.90247    0.83518    0.09039   16.00000
1457.23840    0.97095    0.08744   16.00000
1457.57349    1.00086    0.08546   16.00000
1457.90881    0.89864    0.08868   16.00000
1458.24500    1.02551    0.08539   16.00000
1458.58044    0.89604    0.08680   16.00000
1458.91687    0.67139    0.00000   16.00000
1459.25244    1.08269    0.08688   16.00000
1459.58899    0.85544    0.08961   16.00000
1459.92480    1.08551    0.08101   16.00000
1460.26147    1.06760    0.07571   16.00000
1460.59741    0.90869    0.07664   16.00000
1460.93335    0.84487    0.08007   16.00000
1461.27026    0.94028    0.08225   16.00000
1461.60645    1.06503    0.07985   16.00000
1461.94336    0.97435    0.07652   16.00000
1462.27979    0.80357    0.07674   16.00000
1462.61694    0.89612    0.07710   16.00000
1462.95349    1.10621    0.07659   16.00000
1463.29004    1.05570    0.07476   16.00000
1463.62744    0.92617    0.06520   16.00000
1463.96411    1.06172    0.06073   16.00000
1464.30176    1.00676    0.06958   16.00000
1464.63855    0.79795    0.08703   16.00000
1464.97632    0.98945    0.08665   16.00000
1465.31335    1.12062    0.08030   16.00000
1465.65051    0.92619    0.08201   16.00000
1465.98840    0.85090    0.07911   16.00000
1466.32568    1.00308    0.07517   16.00000
1466.66370    0.94539    0.07853   16.00000
1467.00122    0.97645    0.08467   16.00000
1467.33960    1.08584    0.08647   16.00000
1467.67700    1.13829    0.08576   16.00000
1468.01465    1.12783    0.08462   16.00000
1468.35315    1.02069    0.08697   16.00000
1468.69104    0.89497    0.09075   16.00000
1469.02979    0.99786    0.08608   16.00000
1469.36768    1.18227    0.08046   16.00000
1469.70642    1.04880    0.08091   16.00000
1470.04456    0.98174    0.08520   16.00000
1470.38281    1.06632    0.08449   16.00000
1470.72168    0.95466    0.08790   16.00000
1471.06006    0.93011    0.08601   16.00000
1471.39941    1.04579    0.08501   16.00000
1471.73792    0.86492    0.09365   16.00000
1472.07727    1.15888    0.08526   16.00000
1472.41589    0.99213    0.08803   16.00000
1472.75452    0.92525    0.08774   16.00000
1473.09412    0.92387    0.08335   16.00000
1473.43311    1.22144    0.07868   16.00000
1473.77295    1.00713    0.08237   16.00000
1474.11182    0.87628    0.08350   16.00000
1474.45178    1.07314    0.07993   16.00000
1474.79102    1.00087    0.08180   16.00000
1475.13037    1.01690    0.08498   16.00000
1475.47046    1.12074    0.08748   16.00000
1475.80981    1.07624    0.09063   16.00000
1476.15027    1.12946    0.08820   16.00000
1476.48987    0.70909    0.00000   16.00000
1476.83032    0.81420    0.09547   16.00000
1477.17004    1.11548    0.08052   16.00000
1477.50977    1.33766    0.07674   16.00000
1477.85059    1.07326    0.08259   16.00000
1478.19055    1.09108    0.08231   16.00000
1478.53137    0.96285    0.08615   16.00000
1478.87158    0.91450    0.08368   16.00000
1479.21252    1.00824    0.08713   16.00000
1479.55286    0.82264    0.09615   16.00000
1479.89331    0.96629    0.09274   16.00000
1480.23450    1.15472    0.08734   16.00000
1480.57507    1.14509    0.08988   16.00000
1480.91650    0.99767    0.08835   16.00000
1481.25720    1.05140    0.08109   16.00000
1481.59875    0.73225    0.00000   16.00000
1481.93958    0.59231    0.00000   16.00000
1482.28040    0.98105    0.09714   16.00000
1482.62231    0.95181    0.09272   16.00000
1482.96338    0.98001    0.08137   16.00000
1483.30530    0.89921    0.07626   16.00000
1483.64661    1.35666    0.06946   16.00000
1483.98865    1.02368    0.07724   16.00000
1484.33008    0.91118    0.08529   16.00000
1484.67151    0.90926    0.09101   16.00000
1485.01379    0.87468    0.09384   16.00000
1485.35559    1.26858    0.08903   16.00000
1485.69812    0.68289    0.00000   16.00000
1486.03979    0.85923    0.09351   16.00000
1486.38245    0.96961    0.08507   16.00000
1486.72437    1.11359    0.07657   16.00000
1487.06738    0.93149    0.07664   16.00000
1487.40942    0.97192    0.08336   16.00000
1487.75159    0.74921    0.00000   16.00000
1488.09460    0.82471    0.09772   16.00000
1488.43689    1.15905    0.09372   16.00000
1488.78015    0.85874    0.09196   16.00000
1489.12268    0.80230    0.08584   16.00000
1489.46606    1.26619    0.07796   16.00000
1489.80872    1.27695    0.08209   16.00000
1490.15137    1.20024    0.08721   16.00000
1490.49500    0.97363    0.09661   16.00000
1490.83801    1.00733    0.09402   16.00000
1491.18164    1.14591    0.08846   16.00000
1491.52478    0.92785    0.09190   16.00000
1491.86865    0.84968    0.09595   16.00000
1492.21191    0.80344    0.09628   16.00000
1492.55518    0.96497    0.08720   16.00000
1492.89941    0.84313    0.09048   16.00000
1493.24280    0.93464    0.09352   16.00000
1493.58716    0.94290    0.09805   16.00000
1493.93079    0.88828    0.10153   16.00000
1494.27527    1.05763    0.09601   16.00000
1494.61902    0.80894    0.09566   16.00000
1494.96289    0.96611    0.09087   16.00000
1495.30750    0.99205    0.09280   16.00000
1495.65149    0.94989    0.09647   16.00000
1495.99646    0.91768    0.10147   16.00000
1496.34070    0.79159    0.10700   16.00000
1496.68567    0.71489    0.00000   16.00000
1497.03003    0.77452    0.10161   16.00000
1497.37427    0.96988    0.10056   16.00000
1497.71960    1.01707    0.10024   16.00000
1498.06421    0.91005    0.10230   16.00000
1498.40967    0.87908    0.09572   16.00000
1498.75427    0.83999    0.09391   16.00000
1499.09998    1.02578    0.08578   16.00000
1499.44482    0.59566    0.00000   16.00000
1499.78979    1.03492    0.09491   16.00000
1500.13562    0.85939    0.10862   16.00000
1500.48071    0.78676    0.10626   16.00000
1500.82678    0.80974    0.10256   16.00000
1501.17200    1.13341    0.09217   16.00000
1501.51819    0.84346    0.07414   16.00000
1501.86365    1.35701    0.01974   16.00000
1502.20911    1.03775    0.02159   16.00000
1502.55554    0.86399    0.09279   16.00000
1502.90112    0.82693    0.09668   16.00000
1503.24768    0.79737    0.09597   16.00000
1503.59363    0.82639    0.09703   16.00000
1503.94031    0.95685    0.09759   16.00000
1504.28625    1.11028    0.09399   16.00000
1504.63232    1.08174    0.09419   16.00000
1504.97925    1.01965    0.09815   16.00000
1505.32556    0.95977    0.09926   16.00000
1505.67273    0.87207    0.10266   16.00000
1506.01904    1.05155    0.09471   16.00000
1506.36621    1.04635    0.09112   16.00000
1506.71289    1.09223    0.09298   16.00000
1507.05933    0.93380    0.09948   16.00000
1507.40698    0.88309    0.10110   16.00000
1507.75378    0.95095    0.09392   16.00000
1508.10144    0.76048    0.00000   16.00000
1508.44836    0.88943    0.09041   16.00000
1508.79626    0.70714    0.00000   16.00000
1509.14331    0.69691    0.00000   16.00000
1509.49048    0.78652    0.10710   16.00000
1509.83862    0.60945    0.00000   16.00000
1510.18591    0.48189    0.00000   16.00000
1510.53418    0.26744    0.00000   16.00000
1510.88159    0.39358    0.00000   16.00000
1511.23010    0.32464    0.00000   16.00000
1511.57776    0.35895    0.00000   16.00000
1511.92554    0.26569    0.00000   16.00000
1512.27417    0.49637    0.00000   16.00000
1512.62195    0.57425    0.00000   16.00000
1512.97083    0.34775    0.00000   16.00000
1513.31873    0.37747    0.00000   16.00000
1513.66785    0.35407    0.00000   16.00000
1514.01599    0.35728    0.00000   16.00000
1514.36511    0.37532    0.00000   16.00000
1514.71362    0.35337    0.00000   16.00000
1515.06189    0.21390    0.00000   16.00000
1515.41138    0.12166    0.00000   16.00000
1515.76001    0.42091    0.00000   16.00000
1516.10950    0.39531    0.00000   16.00000
1516.45825    0.48005    0.00000   16.00000
1516.80798    0.21245    0.00000   16.00000
1517.15686    0.26688    0.00000   16.00000
1517.50598    0.16742    0.00000   16.00000
1517.85583    0.13593    0.00000   16.00000
1518.20508    0.01955    0.00000   16.00000
1518.55505    0.27700    0.00000   16.00000
1518.90454    0.30685    0.00000   16.00000
1519.25476    0.20753    0.00000   16.00000
1519.60425    0.30680    0.00000   16.00000
1519.95386    0.27751    0.00000   16.00000
1520.30432    0.30305    0.00000   16.00000
1520.65405    0.04798    0.00000   16.00000
1521.00476    0.17106    0.00000   16.00000
1521.35474    0.59370    0.00000   16.00000
1521.70544    0.40784    0.00000   16.00000
1522.05554    0.20070    0.00000   16.00000
1522.40564    0.27144    0.00000   16.00000
1522.75671    0.23499    0.00000   16.00000
1523.10706    0.20477    0.00000   16.00000
1523.45825   -0.02172    0.00000   16.00000
1523.80872    0.03101    0.00000   16.00000
1524.16016    0.28667    0.00000   16.00000
1524.51074    0.18719    0.00000   16.00000
1524.86157    0.31685    0.00000   16.00000
1525.21301    0.05225    0.00000   16.00000
1525.56396    0.18859    0.00000   16.00000
1525.91577    0.28987    0.00000   16.00000
1526.26672    0.18700    0.00000   16.00000
1526.61877    0.27227    0.00000   16.00000
1526.96997    0.30713    0.00000   16.00000
1527.32117    0.17344    0.00000   16.00000
1527.67346    0.56099    0.00000   16.00000
1528.02490    0.47008    0.00000   16.00000
1528.37720    0.85812    0.09668   16.00000
1528.72888    0.79802    0.09509   16.00000
1529.08130    0.83712    0.09157   16.00000
1529.43323    0.86618    0.08785   16.00000
1529.78503    1.01213    0.08724   16.00000
1530.13782    1.14893    0.08673   16.00000
1530.48975    1.17294    0.08385   16.00000
1530.84277    1.01428    0.08548   16.00000
1531.19482    0.93529    0.08804   16.00000
1531.54797    1.27635    0.07994   16.00000
1531.90027    1.36499    0.07577   16.00000
1532.25269    1.04605    0.07980   16.00000
1532.60608    1.10615    0.07957   16.00000
1532.95850    1.06811    0.07798   16.00000
1533.31201    0.84148    0.07851   16.00000
1533.66479    1.13319    0.07559   16.00000
1534.01855    0.86415    0.08349   16.00000
1534.37146    0.43698    0.00000   16.00000
1534.72437    0.43116    0.00000   16.00000
1535.07837    0.36813    0.00000   16.00000
1535.43140    0.27496    0.00000   16.00000
1535.78552    0.31276    0.00000   16.00000
1536.13879    0.30678    0.00000   16.00000
1536.49304    0.25897    0.00000   16.00000
1536.84644   -0.06752    0.00000   16.00000
1537.19995   -0.01031    0.00000   16.00000
1537.55457   -0.00772    0.00000   16.00000
1537.90820    0.02949    0.00000   16.00000
1538.26282   -0.12698    0.00000   16.00000
1538.61670    0.00807    0.00000   16.00000
1538.97156    0.09948    0.00000   16.00000
1539.32556   -0.03565    0.00000   16.00000
1539.67969    0.03073    0.00000   16.00000
1540.03479   -0.04001    0.00000   16.00000
1540.38904    0.10662    0.00000   16.00000
1540.74426    0.13512    0.00000   16.00000
1541.09875    0.12125    0.00000   16.00000
1541.45410    0.15343    0.00000   16.00000
1541.80872   -0.05563    0.00000   16.00000
1542.16418   -0.00194    0.00000   16.00000
1542.51892    0.11127    0.00000   16.00000
1542.87390    0.03142    0.00000   16.00000
1543.22949    0.12865    0.00000   16.00000
1543.58459    0.15151    0.00000   16.00000
1543.94055    0.15704    0.00000   16.00000
1544.29578    0.19560    0.00000   16.00000
1544.65198    0.03339    0.00000   16.00000
1545.00708    0.06103    0.00000   16.00000
1545.36267    0.01758    0.00000   16.00000
1545.71899    0.16706    0.00000   16.00000
1546.07458    0.01408    0.00000   16.00000
1546.43103    0.07544    0.00000   16.00000
1546.78687    0.18717    0.00000   16.00000
1547.14343    0.46741    0.00000   16.00000
1547.49939    0.77845    0.06874   16.00000
1547.85547    0.70835    0.07086   16.00000
1548.21228    0.14179    0.00000   16.00000
1548.56860   -0.13799    0.00000   16.00000
1548.92566    0.45155    0.00000   16.00000
1549.28198    0.76296    0.06700   16.00000
1549.63928    1.30363    0.04916   16.00000
1549.99573    1.29596    0.04620   16.00000
1550.35229    1.42303    0.04571   16.00000
1550.70984    1.21397    0.04993   16.00000
1551.06653    1.25025    0.04943   16.00000
1551.42419    1.37581    0.04678   16.00000
1551.78113    1.16876    0.05006   16.00000
1552.13892    1.17907    0.04957   16.00000
1552.49597    1.17007    0.05046   16.00000
1552.85315    1.06406    0.05050   16.00000
1553.21130    1.24942    0.04586   16.00000
1553.56848    0.89409    0.04870   16.00000
1553.92676    1.09165    0.04779   16.00000
1554.28430    0.99930    0.05015   16.00000
1554.64270    0.93477    0.05284   16.00000
1555.00037    0.83962    0.05245   16.00000
1555.35803    0.85877    0.05248   16.00000
1555.71680    1.00111    0.05340   16.00000
1556.07458    1.02170    0.05526   16.00000
1556.43347    1.02130    0.05447   16.00000
1556.79150    0.79539    0.05366   16.00000
1557.15051    0.76611    0.04744   16.00000
1557.50879    0.98100    0.04652   16.00000
1557.86707    1.05316    0.05055   16.00000
1558.22620    1.16678    0.05041   16.00000
1558.58472    1.14119    0.05022   16.00000
1558.94421    1.01450    0.05232   16.00000
1559.30273    1.11820    0.05317   16.00000
1559.66235    0.94505    0.05740   16.00000
1560.02112    0.98486    0.05597   16.00000
1560.38000    0.93856    0.05486   16.00000
1560.73987    0.94827    0.05272   16.00000
1561.09888    1.04094    0.05593   16.00000
1561.45886    0.97945    0.06122   16.00000
1561.81799    1.05068    0.05957   16.00000
1562.17834    0.94424    0.05832   16.00000
1562.53760    1.05366    0.05670   16.00000
1562.89709    1.07089    0.05394   16.00000
1563.25757    0.90774    0.05922   16.00000
1563.61707    0.82816    0.06547   16.00000
1563.97766    1.08588    0.06436   16.00000
1564.33740    0.90644    0.07150   16.00000
1564.69812    1.00346    0.07111   16.00000
1565.05811    0.81294    0.07511   16.00000
1565.41821    1.00829    0.07404   16.00000
1565.77917    1.01598    0.07344   16.00000
1566.13940    1.01430    0.06877   16.00000
1566.50061    1.11072    0.06609   16.00000
1566.86096    1.08657    0.07084   16.00000
1567.22217    0.96627    0.08063   16.00000
1567.58276    1.05285    0.08363   16.00000
1567.94336    1.09079    0.08260   16.00000
1568.30493    1.13848    0.07820   16.00000
1568.66565    1.16685    0.07862   16.00000
1569.02747    0.92690    0.08686   16.00000
1569.38831    0.98605    0.08724   16.00000
1569.75024    0.91105    0.08947   16.00000
1570.11145    0.78541    0.09538   16.00000
1570.47339    0.93923    0.09578   16.00000
1570.83472    1.05951    0.09418   16.00000
1571.19617    1.07089    0.09397   16.00000
1571.55847    0.96240    0.09492   16.00000
1571.92004    0.94594    0.09387   16.00000
1572.28247    0.98578    0.09430   16.00000
1572.64417    0.99040    0.10037   16.00000
1573.00671    1.24153    0.09797   16.00000
1573.36877    1.31211    0.09523   16.00000
1573.73071    1.15640    0.09490   16.00000
1574.09351    1.08610    0.09683   16.00000
1574.45569    1.02738    0.10169   16.00000
1574.81873    0.93866    0.10584   16.00000
1575.18103    0.91443    0.10944   16.00000
1575.54419    0.85111    0.11338   16.00000
1575.90662    0.80306    0.11763   16.00000
1576.26917    0.87694    0.11443   16.00000
1576.63269    0.94050    0.11348   16.00000
1576.99536    1.18687    0.10721   16.00000
1577.35901    1.18084    0.10572   16.00000
1577.72192    1.01237    0.10779   16.00000
1578.08569    0.95182    0.10542   16.00000
1578.44885    1.12691    0.09731   16.00000
1578.81189    0.87852    0.10488   16.00000
1579.17603    0.84926    0.11044   16.00000
1579.53931    1.03522    0.10806   16.00000
1579.90356    1.14423    0.10738   16.00000
1580.26709    0.99155    0.11385   16.00000
1580.63147    0.73555    0.12310   16.00000
1580.99487    1.09845    0.11019   16.00000
1581.35876    0.94510    0.12019   16.00000
1581.72339    1.18462    0.11293   16.00000
1582.08716    1.22107    0.10309   16.00000
1582.45203    0.89429    0.10820   16.00000
1582.81616    0.98266    0.10880   16.00000
1583.18115    1.08728    0.10823   16.00000
1583.54529    0.83675    0.11651   16.00000
1583.90967    1.00383    0.11415   16.00000
1584.27478    1.13822    0.10889   16.00000
1584.63940    1.02627    0.11313   16.00000
1585.00464    1.01709    0.11485   16.00000
1585.36938    1.08629    0.11301   16.00000
1585.73486    1.01967    0.11311   16.00000
1586.09973    0.95366    0.10255   16.00000
1586.46460    1.17845    0.07623   16.00000
1586.83057    0.86842    0.08611   16.00000
1587.19556    1.05842    0.10653   16.00000
1587.56152    0.91836    0.10664   16.00000
1587.92676    0.94882    0.10972   16.00000
1588.29285    1.15857    0.10744   16.00000
1588.65833    1.01561    0.10881   16.00000
1589.02380    0.99416    0.10486   16.00000
1589.39014    0.91779    0.10208   16.00000
1589.75586    1.00540    0.09967   16.00000
1590.12231    0.97521    0.09897   16.00000
1590.48816    0.87999    0.10259   16.00000
1590.85498    0.97593    0.10750   16.00000
1591.22095    0.94540    0.11390   16.00000
1591.58704    0.90587    0.11450   16.00000
1591.95398    0.90923    0.11586   16.00000
1592.32019    1.07570    0.11267   16.00000
1592.68738    1.01459    0.10999   16.00000
1593.05383    1.00009    0.10100   16.00000
1593.42126    1.03432    0.08430   16.00000
1593.78784    1.11387    0.06996   16.00000
1594.15430    1.38245    0.06239   16.00000
1594.52197    1.06784    0.09338   16.00000
1594.88879    0.92736    0.09558   16.00000
1595.25659    1.23434    0.09434   16.00000
1595.62354    1.14124    0.10420   16.00000
1595.99146    0.81411    0.11553   16.00000
1596.35864    0.99144    0.11414   16.00000
1596.72595    1.16272    0.10882   16.00000
1597.09424    0.86247    0.12072   16.00000
1597.46155    0.84948    0.12374   16.00000
1597.82983    0.80646    0.12152   16.00000
1598.19751    0.91659    0.11917   16.00000
1598.56604    0.93065    0.11636   16.00000
1598.93384    1.19959    0.09959   16.00000
1599.30249    1.04642    0.09701   16.00000
1599.67041    0.69391    0.00000   16.00000
1600.03845    1.15595    0.10648   16.00000
1600.40735    1.19471    0.10882   16.00000
1600.77551    0.83696    0.12092   16.00000
1601.14465    0.80532    0.12314   16.00000
1601.51306    1.15289    0.10495   16.00000
1601.88232    1.07630    0.10874   16.00000
1602.25085    0.94160    0.11894   16.00000
1602.61938    0.82723    0.12005   16.00000
1602.98901    1.19406    0.10856   16.00000
1603.35767    0.97872    0.11613   16.00000
1603.72742    0.86322    0.11541   16.00000
1604.09644    0.87293    0.10947   16.00000
1604.46643    0.92171    0.09992   16.00000
1604.83533    1.36291    0.08049   16.00000
1605.20471    1.05351    0.10288   16.00000
1605.57471    0.77674    0.12343   16.00000
1605.94421    0.71996    0.00000   16.00000
1606.31445    1.25528    0.11430   16.00000
1606.68396    0.90737    0.12914   16.00000
1607.05457    1.12471    0.11437   16.00000
1607.42407    1.14828    0.11386   16.00000
1607.79407    0.86980    0.12586   16.00000
1608.16467    0.86615    0.12254   16.00000
1608.53467    1.12281    0.10768   16.00000
1608.90564    1.40316    0.09618   16.00000
1609.27563    0.90096    0.11005   16.00000
1609.64685    1.03733    0.11280   16.00000
1610.01721    0.95910    0.12185   16.00000
1610.38757    0.85599    0.12558   16.00000
1610.75879    1.07012    0.11803   16.00000
1611.12939    0.88726    0.12113   16.00000
1611.50098    0.73875    0.11842   16.00000
1611.87158    1.00345    0.10358   16.00000
1612.24341    0.97495    0.09692   16.00000
1612.61426    0.85224    0.09083   16.00000
1612.98523    1.07891    0.09321   16.00000
1613.35730    1.01227    0.10730   16.00000
1613.72839    1.01222    0.10646   16.00000
1614.10046    1.05867    0.10075   16.00000
1614.47168    1.03635    0.10009   16.00000
1614.84412    1.20285    0.09986   16.00000
1615.21558    1.04104    0.10841   16.00000
1615.58716    0.93879    0.11156   16.00000
1615.95959    0.98471    0.11454   16.00000
1616.33142    1.15375    0.10831   16.00000
1616.70422    0.94681    0.11531   16.00000
1617.07617    0.87730    0.12289   16.00000
1617.44897    0.68918    0.00000   16.00000
1617.82117    1.12725    0.11446   16.00000
1618.19324    1.13242    0.11281   16.00000
1618.56628    1.09825    0.11190   16.00000
1618.93872    0.89865    0.11149   16.00000
1619.31213    1.16809    0.10452   16.00000
1619.68469    0.95384    0.10669   16.00000
1620.05811    0.88900    0.10509   16.00000
1620.43079    1.20940    0.10978   16.00000
1620.80359    1.10216    0.11887   16.00000
1621.17725    1.11586    0.11935   16.00000
1621.55029    0.97832    0.11758   16.00000
1621.92419    0.95126    0.11731   16.00000
1622.29724    0.76828    0.12783   16.00000
1622.67151    1.08589    0.11958   16.00000
1623.04480    1.06069    0.12379   16.00000
1623.41809    0.81773    0.12519   16.00000
1623.79236    1.40596    0.10726   16.00000
1624.16602    1.15352    0.11601   16.00000
1624.54053    1.20202    0.10687   16.00000
1624.91418    1.00317    0.11267   16.00000
1625.28894    1.06227    0.11815   16.00000
1625.66272    0.76329    0.13625   16.00000
1626.03687    1.02436    0.12383   16.00000
1626.41174    1.05960    0.11909   16.00000
1626.78601    0.98379    0.12476   16.00000
1627.16113    0.88164    0.12204   16.00000
1627.53540    1.22003    0.11372   16.00000
1627.91077    1.13131    0.11458   16.00000
1628.28528    1.34197    0.10633   16.00000
1628.66064    1.07865    0.11446   16.00000
1629.03528    1.03084    0.11960   16.00000
1629.41016    0.84043    0.12967   16.00000
1629.78589    1.15115    0.11160   16.00000
1630.16077    0.90193    0.10628   16.00000
1630.53674    0.90151    0.10792   16.00000
1630.91187    1.03166    0.11111   16.00000
1631.28784    0.89179    0.11172   16.00000
1631.66309    1.06378    0.10526   16.00000
1632.03857    0.99163    0.10471   16.00000
1632.41492    0.95975    0.10984   16.00000
1632.79041    1.11627    0.11634   16.00000
1633.16699    0.91396    0.12720   16.00000
1633.54272    0.93813    0.12530   16.00000
1633.91931    1.03664    0.12230   16.00000
1634.29517    1.19182    0.11523   16.00000
1634.67114    1.04738    0.11563   16.00000
1635.04810    0.82953    0.12378   16.00000
1635.42419    1.05513    0.11775   16.00000
1635.80139    0.88784    0.11907   16.00000
1636.17773    1.16266    0.11047   16.00000
1636.55493    1.05683    0.11584   16.00000
1636.93140    0.75738    0.12911   16.00000
1637.30811    1.11489    0.11659   16.00000
1637.68567    1.05092    0.11289   16.00000
1638.06226    1.12839    0.10842   16.00000
1638.44006    1.17010    0.10510   16.00000
1638.81702    0.94611    0.11647   16.00000
1639.19482    1.03616    0.12383   16.00000
1639.57190    1.05614    0.12532   16.00000
1639.94922    1.17083    0.11828   16.00000
1640.32739    1.07594    0.11261   16.00000
1640.70471    1.13577    0.11016   16.00000
1641.08301    0.92625    0.12054   16.00000
1641.46057    0.99089    0.12527   16.00000
1641.83899    1.05656    0.12391   16.00000
1642.21680    1.33071    0.11590   16.00000
1642.59460    1.14482    0.11466   16.00000
1642.97339    1.01790    0.10867   16.00000
1643.35132    1.10011    0.11272   16.00000
1643.73022    1.06487    0.11655   16.00000
1644.10840    1.13019    0.11447   16.00000
1644.48755    1.08347    0.12188   16.00000
1644.86584    0.97464    0.12932   16.00000
1645.24438    0.75224    0.13262   16.00000
1645.62354    0.83797    0.13381   16.00000
1646.00220    0.82168    0.13166   16.00000
1646.38184    0.81005    0.13499   16.00000
1646.76062    0.75037    0.13411   16.00000
1647.14026    0.97371    0.11644   16.00000
1647.51929    0.92801    0.11920   16.00000
1647.89819    0.99732    0.12169   16.00000
1648.27820    0.95501    0.11915   16.00000
1648.65747    1.10098    0.11156   16.00000
1649.03760    0.73193    0.13155   16.00000
1649.41699    0.83917    0.12605   16.00000
1649.79736    0.85081    0.12673   16.00000
