1410.21631    1.34721    0.01351   16.00000
1410.54138    1.07623    0.01435   16.00000
1410.86584    1.13502    0.01430   16.00000
1411.19043    1.32111    0.01401   16.00000
1411.51587    1.17962    0.01443   16.00000
1411.84058    1.08264    0.01432   16.00000
1412.16614    0.98047    0.01446   16.00000
1412.49109    1.15804    0.01401   16.00000
1412.81677    1.35110    0.01399   16.00000
1413.14172    0.96362    0.01560   16.00000
1413.46692    0.97034    0.01602   16.00000
1413.79272    0.94132    0.01673   16.00000
1414.11804    1.38713    0.01580   16.00000
1414.44409    1.14724    0.01746   16.00000
1414.76953    1.11324    0.01784   16.00000
1415.09583    1.14511    0.01730   16.00000
1415.42139    1.08929    0.01804   16.00000
1415.74695    0.88014    0.01971   16.00000
1416.07336    0.74104    0.00000   16.00000
1416.39917    0.95843    0.01956   16.00000
1416.72571    1.04328    0.01891   16.00000
1417.05176    0.74353    0.00000   16.00000
1417.37842    0.97118    0.02039   16.00000
1417.70459    0.73176    0.00000   16.00000
1418.03076    0.83827    0.00000   16.00000
1418.35767    0.59979    0.00000   16.00000
1418.68396    0.88213    0.01930   16.00000
1419.01111    0.98958    0.01827   16.00000
1419.33765    0.75206    0.00000   16.00000
1419.66479    0.99591    0.01823   16.00000
1419.99146    1.14027    0.01760   16.00000
1420.31812    0.85886    0.00000   16.00000
1420.64563    1.18861    0.01879   16.00000
1420.97241    1.03797    0.02026   16.00000
1421.30017    0.99713    0.02001   16.00000
1421.62708    0.69354    0.00000   16.00000
1421.95483    0.69639    0.00000   16.00000
1422.28198    0.61645    0.00000   16.00000
1422.60925    0.68662    0.00000   16.00000
1422.93726    1.12386    0.01497   16.00000
1423.26465    1.15944    0.01413   16.00000
1423.59277    1.31409    0.01416   16.00000
1423.92029    0.89006    0.01581   16.00000
1424.24866    0.97185    0.01560   16.00000
1424.57629    1.02794    0.01639   16.00000
1424.90405    1.27279    0.01638   16.00000
1425.23267    0.86167    0.01942   16.00000
1425.56042    0.81600    0.00000   16.00000
1425.88916    1.00575    0.02023   16.00000
1426.21729    0.98956    0.01999   16.00000
1426.54614    1.07241    0.02011   16.00000
1426.87427    0.93647    0.02085   16.00000
1427.20251    1.05141    0.02029   16.00000
1427.53174    1.02255    0.01983   16.00000
1427.86011    1.12381    0.01989   16.00000
1428.18933    0.97562    0.02035   16.00000
1428.51782    0.96890    0.02012   16.00000
1428.84729    0.93929    0.01964   16.00000
1429.17603    0.87929    0.01941   16.00000
1429.50549    0.94141    0.01891   16.00000
1429.83447    1.12774    0.01865   16.00000
1430.16333    1.18155    0.01808   16.00000
1430.49316    0.71105    0.00000   16.00000
1430.82227    0.95850    0.02018   16.00000
1431.15222    0.97183    0.02056   16.00000
1431.48145    1.09845    0.02069   16.00000
1431.81152    0.96830    0.02194   16.00000
1432.14087    0.80606    0.00000   16.00000
1432.47034    0.63877    0.00000   16.00000
1432.80066    0.56675    0.00000   16.00000
1433.13025    0.81849    0.00000   16.00000
1433.46069    1.06088    0.02272   16.00000
1433.79053    0.84340    0.00000   16.00000
1434.12122    1.00541    0.02286   16.00000
1434.45105    1.02138    0.02156   16.00000
1434.78101    1.07483    0.01802   16.00000
1435.11194    0.94063    0.01793   16.00000
1435.44214    0.73037    0.00000   16.00000
1435.77307    0.63160    0.00000   16.00000
1436.10339    0.85659    0.01932   16.00000
1436.43457    1.02026    0.01813   16.00000
1436.76501    0.86652    0.01683   16.00000
1437.09546    1.16024    0.02045   16.00000
1437.42688    1.42321    0.02103   16.00000
1437.75769    1.13283    0.02227   16.00000
1438.08911    1.18808    0.02183   16.00000
1438.41992    0.95127    0.02325   16.00000
1438.75171    0.86778    0.02312   16.00000
1439.08264    0.86144    0.02437   16.00000
1439.41370    0.91045    0.02351   16.00000
1439.74561    1.01324    0.02351   16.00000
1440.07690    0.99695    0.02351   16.00000
1440.40894    0.96299    0.02354   16.00000
1440.74036    1.13896    0.02190   16.00000
1441.07251    1.01926    0.02241   16.00000
1441.40405    1.21027    0.01926   16.00000
1441.73572    0.72153    0.00000   16.00000
1442.06812    0.80971    0.00000   16.00000
1442.39978    0.79733    0.00000   16.00000
1442.73242    0.94727    0.02426   16.00000
1443.06433    0.94066    0.02551   16.00000
1443.39709    0.87082    0.02665   16.00000
1443.72913    1.10299    0.02483   16.00000
1444.06128    0.85438    0.02418   16.00000
1444.39429    1.04384    0.02167   16.00000
1444.72656    1.26797    0.02088   16.00000
1445.05969    0.91137    0.02355   16.00000
1445.39221    1.18158    0.02364   16.00000
1445.72546    1.23082    0.02434   16.00000
1446.05798    1.09078    0.02594   16.00000
1446.39075    0.88105    0.02632   16.00000
1446.72424    0.79275    0.00000   16.00000
1447.05713    0.74576    0.00000   16.00000
1447.39075    0.57620    0.00000   16.00000
1447.72363    0.86970    0.02348   16.00000
1448.05750    1.02585    0.02338   16.00000
1448.39062    0.89677    0.02604   16.00000
1448.72388    0.89525    0.02535   16.00000
1449.05798    0.92035    0.02506   16.00000
1449.39124    0.80798    0.00000   16.00000
1449.72559    1.07835    0.02442   16.00000
1450.05908    1.03977    0.02594   16.00000
1450.39343    0.79198    0.00000   16.00000
1450.72705    1.04051    0.02452   16.00000
1451.06079    1.08799    0.02310   16.00000
1451.39551    0.99960    0.02328   16.00000
1451.72925    0.85802    0.02242   16.00000
1452.06409    0.88508    0.02250   16.00000
1452.39807    1.11807    0.02242   16.00000
1452.73303    1.14332    0.02300   16.00000
1453.06726    1.14114    0.02268   16.00000
1453.40161    0.77710    0.00000   16.00000
1453.73669    0.95825    0.02258   16.00000
1454.07117    1.14298    0.02226   16.00000
1454.40649    0.57251    0.00000   16.00000
1454.74097    0.76987    0.00000   16.00000
1455.07654    1.14939    0.02504   16.00000
1455.41125    0.85495    0.02569   16.00000
1455.74683    0.76538    0.00000   16.00000
1456.08167    0.89938    0.02472   16.00000
1456.41675    0.94192    0.02510   16.00000
1456.75256    0.90985    0.02597   16.00000
1457.08765    0.88781    0.02679   16.00000
1457.42371    0.81735    0.00000   16.00000
1457.75891    0.71632    0.00000   16.00000
1458.09509    0.72511    0.00000   16.00000
1458.43054    0.81079    0.00000   16.00000
1458.76611    0.75160    0.00000   16.00000
1459.10242    0.44735    0.00000   16.00000
1459.43811    0.79604    0.00000   16.00000
1459.77466    0.74052    0.00000   16.00000
1460.11047    0.53550    0.00000   16.00000
1460.44714    0.56694    0.00000   16.00000
1460.78308    0.57732    0.00000   16.00000
1461.11914    0.64689    0.00000   16.00000
1461.45605    0.80421    0.00000   16.00000
1461.79236    0.69907    0.00000   16.00000
1462.12939    0.69706    0.00000   16.00000
1462.46582    0.68724    0.00000   16.00000
1462.80298    0.52680    0.00000   16.00000
1463.13953    0.69195    0.00000   16.00000
1463.47607    0.93814    0.02039   16.00000
1463.81360    0.57980    0.00000   16.00000
1464.15027    0.84352    0.01877   16.00000
1464.48792    0.72091    0.00000   16.00000
1464.82483    0.48089    0.00000   16.00000
1465.16272    0.84932    0.01791   16.00000
1465.49963    0.63721    0.00000   16.00000
1465.83691    0.46366    0.00000   16.00000
1466.17480    0.57333    0.00000   16.00000
1466.51208    0.39656    0.00000   16.00000
1466.85034    0.58645    0.00000   16.00000
1467.18787    0.83762    0.02765   16.00000
1467.52612    0.60905    0.00000   16.00000
1467.86365    0.32303    0.00000   16.00000
1468.20142    0.41230    0.00000   16.00000
1468.53992    0.47976    0.00000   16.00000
1468.87781    0.38150    0.00000   16.00000
1469.21655    0.49106    0.00000   16.00000
1469.55444    0.57695    0.00000   16.00000
1469.89331    0.67615    0.00000   16.00000
1470.23145    0.44267    0.00000   16.00000
1470.56970    0.76084    0.00000   16.00000
1470.90881    0.61050    0.00000   16.00000
1471.24731    0.72448    0.00000   16.00000
1471.58655    0.73360    0.00000   16.00000
1471.92505    0.50306    0.00000   16.00000
1472.26453    0.60047    0.00000   16.00000
1472.60315    0.83951    0.02453   16.00000
1472.94189    0.63063    0.00000   16.00000
1473.28162    0.46830    0.00000   16.00000
1473.62061    0.40606    0.00000   16.00000
1473.96033    0.75513    0.00000   16.00000
1474.29944    0.65685    0.00000   16.00000
1474.63940    0.59694    0.00000   16.00000
1474.97864    0.54028    0.00000   16.00000
1475.31799    0.66695    0.00000   16.00000
1475.65808    0.63454    0.00000   16.00000
1475.99756    0.40626    0.00000   16.00000
1476.33801    0.35370    0.00000   16.00000
1476.67761    0.34149    0.00000   16.00000
1477.01819    0.28441    0.00000   16.00000
1477.35791    0.25216    0.00000   16.00000
1477.69775    0.22398    0.00000   16.00000
1478.03857    0.60026    0.00000   16.00000
1478.37854    0.64206    0.00000   16.00000
1478.71948    0.53979    0.00000   16.00000
1479.05969    0.41623    0.00000   16.00000
1479.40076    0.33301    0.00000   16.00000
1479.74109    0.68206    0.00000   16.00000
1480.08142    0.99951    0.02933   16.00000
1480.42273    0.67418    0.00000   16.00000
1480.76331    0.64145    0.00000   16.00000
1481.10486    0.41985    0.00000   16.00000
1481.44556    0.53409    0.00000   16.00000
1481.78711    0.76321    0.00000   16.00000
1482.12805    0.60812    0.00000   16.00000
1482.46985    0.67677    0.00000   16.00000
1482.81091    0.89345    0.02923   16.00000
1483.15198    0.82425    0.03176   16.00000
1483.49390    0.47857    0.00000   16.00000
1483.83533    0.49050    0.00000   16.00000
1484.17737    0.87724    0.03102   16.00000
1484.51880    0.80029    0.00000   16.00000
1484.86108    0.85360    0.01923   16.00000
1485.20276    0.15370    0.00000   16.00000
1485.54456    0.83683    0.01963   16.00000
1485.88696    1.02500    0.03216   16.00000
1486.22876    0.90577    0.03289   16.00000
1486.57153    0.78581    0.00000   16.00000
1486.91357    0.79371    0.00000   16.00000
1487.25635    0.80036    0.00000   16.00000
1487.59851    0.75919    0.00000   16.00000
1487.94080    0.77101    0.00000   16.00000
1488.28394    0.85302    0.03357   16.00000
1488.62622    1.17841    0.03010   16.00000
1488.96960    0.88547    0.03151   16.00000
1489.31213    0.66116    0.00000   16.00000
1489.65540    0.58383    0.00000   16.00000
1489.99829    0.59730    0.00000   16.00000
1490.34094    0.85393    0.03113   16.00000
1490.68457    0.98673    0.02902   16.00000
1491.02759    0.76476    0.00000   16.00000
1491.37134    0.62296    0.00000   16.00000
1491.71448    0.73115    0.00000   16.00000
1492.05835    0.62682    0.00000   16.00000
1492.40173    0.63895    0.00000   16.00000
1492.74512    0.89186    0.03111   16.00000
1493.08911    0.53002    0.00000   16.00000
1493.43274    0.89610    0.03219   16.00000
1493.77710    0.92975    0.03118   16.00000
1494.12085    0.76022    0.00000   16.00000
1494.46521    0.88405    0.02752   16.00000
1494.80908    0.98370    0.02571   16.00000
1495.15295    0.83618    0.02618   16.00000
1495.49780    0.87543    0.02754   16.00000
1495.84180    1.16683    0.02919   16.00000
1496.18677    1.00043    0.03402   16.00000
1496.53101    0.85212    0.03356   16.00000
1496.87598    0.59896    0.00000   16.00000
1497.22034    1.01485    0.02907   16.00000
1497.56482    1.01598    0.02791   16.00000
1497.91003    1.14378    0.02598   16.00000
1498.25464    0.97387    0.02555   16.00000
1498.60034    0.70675    0.00000   16.00000
1498.94495    0.91333    0.02777   16.00000
1499.29053    1.12339    0.02752   16.00000
1499.63550    0.88747    0.02793   16.00000
1499.98059    0.89587    0.02790   16.00000
1500.32642    0.99904    0.02792   16.00000
1500.67151    1.00140    0.02946   16.00000
1501.01758    1.02857    0.02916   16.00000
1501.36292    0.84960    0.02950   16.00000
1501.70923    0.93020    0.02784   16.00000
1502.05469    0.82299    0.02835   16.00000
1502.40015    0.92993    0.02833   16.00000
1502.74670    1.01850    0.02958   16.00000
1503.09229    1.03908    0.03060   16.00000
1503.43884    1.06025    0.03072   16.00000
1503.78491    0.84188    0.03192   16.00000
1504.13159    0.77234    0.00000   16.00000
1504.47754    0.84245    0.03318   16.00000
1504.82373    0.88690    0.03275   16.00000
1505.17065    0.88071    0.03228   16.00000
1505.51697    0.83457    0.03189   16.00000
1505.86426    1.12876    0.03116   16.00000
1506.21057    1.02959    0.03128   16.00000
1506.55798    0.84052    0.03303   16.00000
1506.90454    0.89094    0.03402   16.00000
1507.25122    1.05025    0.03326   16.00000
1507.59863    1.04093    0.03211   16.00000
1507.94543    0.83565    0.03173   16.00000
1508.29321    0.97334    0.03020   16.00000
1508.64014    1.04392    0.03088   16.00000
1508.98804    1.19282    0.03112   16.00000
1509.33533    0.99473    0.03197   16.00000
1509.68323    0.84418    0.03147   16.00000
1510.03064    1.08458    0.03092   16.00000
1510.37805    0.98952    0.03370   16.00000
1510.72632    0.77640    0.00000   16.00000
1511.07373    0.82984    0.03716   16.00000
1511.42224    0.96045    0.03691   16.00000
1511.77002    0.90759    0.03729   16.00000
1512.11865    0.86379    0.03578   16.00000
1512.46643    1.10979    0.03391   16.00000
1512.81433    1.15381    0.03368   16.00000
1513.16321    0.99181    0.03557   16.00000
1513.51123    1.09756    0.03397   16.00000
1513.86023    1.02849    0.03403   16.00000
1514.20862    0.77360    0.00000   16.00000
1514.55774    0.88586    0.03224   16.00000
1514.90625    0.93854    0.03020   16.00000
1515.25464    1.01293    0.02957   16.00000
1515.60425    1.25870    0.03169   16.00000
1515.95288    1.20810    0.03514   16.00000
1516.30237    0.97752    0.03728   16.00000
1516.65125    0.79914    0.03639   16.00000
1517.00085    0.84020    0.03377   16.00000
1517.34985    0.82721    0.03340   16.00000
1517.69885    1.34201    0.03011   16.00000
1518.04895    1.28782    0.03194   16.00000
1518.39807    1.09178    0.03561   16.00000
1518.74829    0.90377    0.03454   16.00000
1519.09766    0.84819    0.03169   16.00000
1519.44788    1.05354    0.02972   16.00000
1519.79761    1.23555    0.02836   16.00000
1520.14709    1.16081    0.02876   16.00000
1520.49768    1.13484    0.03072   16.00000
1520.84741    1.16894    0.03330   16.00000
1521.19824    1.05089    0.03428   16.00000
1521.54810    1.35428    0.03085   16.00000
1521.89905    1.25155    0.03102   16.00000
1522.24902    1.19654    0.02994   16.00000
1522.59924    1.17701    0.02678   16.00000
1522.95044    1.36326    0.02513   16.00000
1523.30078    1.30511    0.02633   16.00000
1523.65210    1.17290    0.02733   16.00000
1524.00244    1.23098    0.02803   16.00000
1524.35400    1.06864    0.03008   16.00000
1524.70471    1.05270    0.03080   16.00000
1525.05554    1.32873    0.02689   16.00000
1525.40710    1.33269    0.02597   16.00000
1525.75806    1.15247    0.02813   16.00000
1526.10986    1.12416    0.02843   16.00000
1526.46094    1.08321    0.02863   16.00000
1526.81299    1.21091    0.02737   16.00000
1527.16406    1.20390    0.02610   16.00000
1527.51550    1.02613    0.02445   16.00000
1527.86768    1.10214    0.02310   16.00000
1528.21924    1.17353    0.02317   16.00000
1528.57166    0.94705    0.02629   16.00000
1528.92334    1.06613    0.02603   16.00000
1529.27588    1.14563    0.02525   16.00000
1529.62769    1.10696    0.02488   16.00000
1529.97949    1.11791    0.02363   16.00000
1530.33240    1.16985    0.02189   16.00000
1530.68433    0.97203    0.02250   16.00000
1531.03748    0.78989    0.02434   16.00000
1531.38965    0.74500    0.02040   16.00000
1531.74268    0.88033    0.01930   16.00000
1532.09521    1.02229    0.01802   16.00000
1532.44751    1.06284    0.01693   16.00000
1532.80090    1.07041    0.01491   16.00000
1533.15356    1.01704    0.01409   16.00000
1533.50696    0.93034    0.01375   16.00000
1533.85986    0.88177    0.01389   16.00000
1534.21362    0.85611    0.01458   16.00000
1534.56653    0.96315    0.01453   16.00000
1534.91956    0.88673    0.01481   16.00000
1535.27344    0.89354    0.01465   16.00000
1535.62671    0.98887    0.01366   16.00000
1535.98083    0.95782    0.01327   16.00000
1536.33411    1.03693    0.01250   16.00000
1536.68835    1.09289    0.01701   16.00000
1537.04187    0.97512    0.01779   16.00000
1537.39636    1.09533    0.01703   16.00000
1537.75000    1.16622    0.01659   16.00000
1538.10376    0.93851    0.01786   16.00000
1538.45850    1.00360    0.01677   16.00000
1538.81250    0.90100    0.01698   16.00000
1539.16724    0.90317    0.01669   16.00000
1539.52136    0.94898    0.01657   16.00000
1539.87634    0.94393    0.01697   16.00000
1540.23071    0.86280    0.01783   16.00000
1540.58496    0.90792    0.01727   16.00000
1540.94006    0.97173    0.01632   16.00000
1541.29480    0.93863    0.01615   16.00000
1541.65002    0.98419    0.01622   16.00000
1542.00476    1.02163    0.01613   16.00000
1542.36023    0.96767    0.01718   16.00000
1542.71521    0.91193    0.01755   16.00000
1543.07007    1.03480    0.01620   16.00000
1543.42590    1.07331    0.01551   16.00000
1543.78088    1.03612    0.01537   16.00000
1544.13696    0.97612    0.01552   16.00000
1544.49207    1.02575    0.01515   16.00000
1544.84839    1.12418    0.01491   16.00000
1545.20374    1.12086    0.01575   16.00000
1545.55920    0.97059    0.01688   16.00000
1545.91565    0.98377    0.01670   16.00000
1546.27124    1.15854    0.01533   16.00000
1546.62769    0.93388    0.01739   16.00000
1546.98352    1.20932    0.01624   16.00000
1547.34033    1.01024    0.01886   16.00000
1547.69617    1.14204    0.01791   16.00000
1548.05225    1.11754    0.01779   16.00000
1548.40930    1.06010    0.01830   16.00000
1548.76550    1.17226    0.01828   16.00000
1549.12268    1.13501    0.01293   16.00000
1549.47900    1.03387    0.01357   16.00000
1549.83630    1.03990    0.01368   16.00000
1550.19287    1.06735    0.02052   16.00000
1550.54944    1.03740    0.02072   16.00000
1550.90698    1.01099    0.02170   16.00000
1551.26392    1.07864    0.02195   16.00000
1551.62146    1.12445    0.02223   16.00000
1551.97839    1.07988    0.02327   16.00000
1552.33643    1.11241    0.02305   16.00000
1552.69348    0.98046    0.02468   16.00000
1553.05066    0.90765    0.02471   16.00000
1553.40881    0.83794    0.02557   16.00000
1553.76624    1.04654    0.02515   16.00000
1554.12439    1.09074    0.02691   16.00000
1554.48206    0.84945    0.03086   16.00000
1554.84033    0.84023    0.03290   16.00000
1555.19824    0.90744    0.03172   16.00000
1555.55579    0.78674    0.03211   16.00000
1555.91467    1.10234    0.02808   16.00000
1556.27246    0.92318    0.03042   16.00000
1556.63135    1.23636    0.02957   16.00000
1556.98950    0.95503    0.03261   16.00000
1557.34863    0.96701    0.03217   16.00000
1557.70679    0.95523    0.03288   16.00000
1558.06531    1.04472    0.03262   16.00000
1558.42444    1.00058    0.03297   16.00000
1558.78296    0.89701    0.03386   16.00000
1559.14233    0.89522    0.03556   16.00000
1559.50110    0.97779    0.03557   16.00000
1559.86060    1.03281    0.03494   16.00000
1560.21948    0.94330    0.03598   16.00000
1560.57861    0.99376    0.03677   16.00000
1560.93835    0.85968    0.04245   16.00000
1561.29749    0.96490    0.04290   16.00000
1561.65747    0.85332    0.04617   16.00000
1562.01672    1.13115    0.04281   16.00000
1562.37695    0.91493    0.04587   16.00000
1562.73633    0.87245    0.04539   16.00000
1563.09595    0.90312    0.04347   16.00000
1563.45642    0.86280    0.04422   16.00000
1563.81592    1.08653    0.03179   16.00000
1564.17651    1.25105    0.02962   16.00000
1564.53650    1.02537    0.02888   16.00000
1564.89734    1.04795    0.04389   16.00000
1565.25720    0.97615    0.04431   16.00000
1565.61816    0.97580    0.04604   16.00000
1565.97827    0.92722    0.04773   16.00000
1566.33862    1.08848    0.04804   16.00000
1566.69971    0.93515    0.05003   16.00000
1567.06018    0.90460    0.04823   16.00000
1567.42151    0.88602    0.04245   16.00000
1567.78210    0.90934    0.03967   16.00000
1568.14368    1.08657    0.03956   16.00000
1568.50452    1.06516    0.04512   16.00000
1568.86523    0.79663    0.05050   16.00000
1569.22693    0.71699    0.00000   16.00000
1569.58801    0.90826    0.04568   16.00000
1569.94995    1.15792    0.04158   16.00000
1570.31116    1.10228    0.04507   16.00000
1570.67322    1.17016    0.04444   16.00000
1571.03455    0.77285    0.05056   16.00000
1571.39600    1.03808    0.04432   16.00000
1571.75842    0.77213    0.04826   16.00000
1572.12000    0.88176    0.04630   16.00000
1572.48254    1.02938    0.04462   16.00000
1572.84424    0.76808    0.04191   16.00000
1573.20691    0.67942    0.00000   16.00000
1573.56885    0.99458    0.02495   16.00000
1573.93079    1.09615    0.02509   16.00000
1574.29382    0.92758    0.03374   16.00000
1574.65601    0.94602    0.04278   16.00000
1575.01904    0.63224    0.00000   16.00000
1575.38135    0.67568    0.00000   16.00000
1575.74451    0.85441    0.04969   16.00000
1576.10718    1.06008    0.04728   16.00000
1576.46973    1.07106    0.04708   16.00000
1576.83337    1.08171    0.04724   16.00000
1577.19604    1.03177    0.04874   16.00000
1577.55969    0.94738    0.05002   16.00000
1577.92261    0.74157    0.00000   16.00000
1578.28638    0.84744    0.05410   16.00000
1578.64954    1.09700    0.05038   16.00000
1579.01282    0.92296    0.04988   16.00000
1579.37683    0.76531    0.00000   16.00000
1579.74023    0.94193    0.04761   16.00000
1580.10437    0.98518    0.04809   16.00000
1580.46802    1.05562    0.04674   16.00000
1580.83228    0.95017    0.04865   16.00000
1581.19617    0.89645    0.05093   16.00000
1581.55981    0.92681    0.05285   16.00000
1581.92468    0.76085    0.00000   16.00000
1582.28845    0.97147    0.05297   16.00000
1582.65332    0.94303    0.05143   16.00000
1583.01746    0.88335    0.05117   16.00000
1583.38245    0.98214    0.04996   16.00000
1583.74658    0.97250    0.05104   16.00000
1584.11096    0.94779    0.05074   16.00000
1584.47632    0.91614    0.04966   16.00000
1584.84082    0.80162    0.04629   16.00000
1585.20630    0.99086    0.04153   16.00000
1585.57092    0.91948    0.04247   16.00000
1585.93665    1.06827    0.04319   16.00000
1586.30151    1.01524    0.04665   16.00000
1586.66638    0.94586    0.04896   16.00000
1587.03235    0.93838    0.05363   16.00000
1587.39734    0.92874    0.05436   16.00000
1587.76343    0.73249    0.00000   16.00000
1588.12866    0.76882    0.05300   16.00000
1588.49487    1.13382    0.04648   16.00000
1588.86035    1.21367    0.04439   16.00000
1589.22583    0.94443    0.04680   16.00000
1589.59229    0.89146    0.04872   16.00000
1589.95801    0.83311    0.04909   16.00000
1590.32471    0.93151    0.04937   16.00000
1590.69043    1.00431    0.05240   16.00000
1591.05725    0.87135    0.05437   16.00000
1591.42334    0.93683    0.05370   16.00000
1591.78943    1.03702    0.05505   16.00000
1592.15662    0.97715    0.05561   16.00000
1592.52283    0.85200    0.05455   16.00000
1592.89001    0.92890    0.05330   16.00000
1593.25647    0.85730    0.05187   16.00000
1593.62378    0.87885    0.05170   16.00000
1593.99036    1.01329    0.04933   16.00000
1594.35803    0.98586    0.04812   16.00000
1594.72485    0.99765    0.04643   16.00000
1595.09167    0.78809    0.05008   16.00000
1595.45947    0.96175    0.05139   16.00000
1595.82654    1.01929    0.05365   16.00000
1596.19458    0.88363    0.05179   16.00000
1596.56165    0.93766    0.05070   16.00000
1596.92993    1.09782    0.04992   16.00000
1597.29724    0.85963    0.05375   16.00000
1597.66467    0.70228    0.00000   16.00000
1598.03308    1.04874    0.05396   16.00000
1598.40076    0.99590    0.05238   16.00000
1598.76929    0.87038    0.05360   16.00000
1599.13721    0.94156    0.05490   16.00000
1599.50598    0.99828    0.05691   16.00000
1599.87378    1.25627    0.05293   16.00000
1600.24182    1.22311    0.05426   16.00000
1600.61096    1.01584    0.05702   16.00000
1600.97913    0.98161    0.05764   16.00000
1601.34839    0.99709    0.05501   16.00000
1601.71680    0.87584    0.05213   16.00000
1602.08606    1.03108    0.04883   16.00000
1602.45459    0.98548    0.05229   16.00000
1602.82336    0.83533    0.05573   16.00000
1603.19275    0.91947    0.05777   16.00000
1603.56165    1.10170    0.05549   16.00000
1603.93152    1.08602    0.05476   16.00000
1604.30042    1.02423    0.05458   16.00000
1604.67041    1.05727    0.05350   16.00000
1605.03943    1.00962    0.05279   16.00000
1605.40869    0.99796    0.05330   16.00000
1605.77905    1.20068    0.05119   16.00000
1606.14832    1.18660    0.05414   16.00000
1606.51880    1.05360    0.05361   16.00000
1606.88831    0.94238    0.05352   16.00000
1607.25891    1.12621    0.05055   16.00000
1607.62854    0.99887    0.05278   16.00000
1607.99854    1.01848    0.05514   16.00000
1608.36926    0.84980    0.05747   16.00000
1608.73914    0.97665    0.06035   16.00000
1609.11023    0.92086    0.06326   16.00000
1609.48035    0.69149    0.00000   16.00000
1609.85156    0.88875    0.05541   16.00000
1610.22192    1.11963    0.05783   16.00000
1610.59241    0.91897    0.06354   16.00000
1610.96375    0.90465    0.06213   16.00000
1611.33423    0.98745    0.05852   16.00000
1611.70581    0.97601    0.05810   16.00000
1612.07666    1.07868    0.04909   16.00000
1612.44836    0.88016    0.04763   16.00000
1612.81921    1.17762    0.04622   16.00000
1613.19031    1.08683    0.05218   16.00000
1613.56238    0.64018    0.00000   16.00000
1613.93359    0.93029    0.05690   16.00000
1614.30566    1.08484    0.05576   16.00000
1614.67700    1.05035    0.05574   16.00000
1615.04944    0.96815    0.05561   16.00000
1615.42102    1.09620    0.05321   16.00000
1615.79260    1.04986    0.05437   16.00000
1616.16528    0.79172    0.06037   16.00000
1616.53699    1.04286    0.05755   16.00000
1616.90979    1.15096    0.05371   16.00000
1617.28186    1.00022    0.05228   16.00000
1617.65466    1.02356    0.05325   16.00000
1618.02686    1.11065    0.05127   16.00000
1618.39893    1.05107    0.05161   16.00000
1618.77234    1.08893    0.05220   16.00000
1619.14478    1.12537    0.05211   16.00000
1619.51807    0.88076    0.06021   16.00000
1619.89062    0.88416    0.06102   16.00000
1620.26416    1.11045    0.05939   16.00000
1620.63696    1.06776    0.06160   16.00000
1621.00977    1.05567    0.06211   16.00000
1621.38342    1.22337    0.05858   16.00000
1621.75659    1.20673    0.05682   16.00000
1622.13037    1.04916    0.05835   16.00000
1622.50354    0.98731    0.05917   16.00000
1622.87781    1.00931    0.05940   16.00000
1623.25110    1.21084    0.05737   16.00000
1623.62549    0.96459    0.06423   16.00000
1623.99890    0.94472    0.06405   16.00000
1624.37268    1.36267    0.05526   16.00000
1624.74719    1.12010    0.05836   16.00000
1625.12085    0.96604    0.06102   16.00000
1625.49561    0.92590    0.05937   16.00000
1625.86963    0.94770    0.05387   16.00000
1626.24451    0.93876    0.05163   16.00000
1626.61853    1.17132    0.04858   16.00000
1626.99280    1.07278    0.05246   16.00000
1627.36804    1.02639    0.05259   16.00000
1627.74243    1.21130    0.05157   16.00000
1628.11780    0.95025    0.05814   16.00000
1628.49243    1.09162    0.05874   16.00000
1628.86780    1.13046    0.05764   16.00000
1629.24255    1.01008    0.05972   16.00000
1629.61731    1.14779    0.05396   16.00000
1629.99304    0.98843    0.05659   16.00000
1630.36816    0.91770    0.05752   16.00000
1630.74414    1.04543    0.05492   16.00000
1631.11914    1.07175    0.05421   16.00000
1631.49536    0.79650    0.05713   16.00000
1631.87061    1.03526    0.05080   16.00000
1632.24597    1.15251    0.04784   16.00000
1632.62256    1.09264    0.04875   16.00000
1632.99817    1.12116    0.05248   16.00000
1633.37463    0.91109    0.04311   16.00000
1633.75037    0.69824    0.00000   16.00000
1634.12708    0.98700    0.05933   16.00000
1634.50305    1.10876    0.05605   16.00000
1634.87903    0.90090    0.05873   16.00000
1635.25598    1.02599    0.05872   16.00000
1635.63220    1.05187    0.06055   16.00000
1636.00940    0.96294    0.06663   16.00000
1636.38586    0.96618    0.06109   16.00000
1636.76306    0.87005    0.06045   16.00000
1637.13977    1.01824    0.06005   16.00000
1637.51624    1.01651    0.06350   16.00000
1637.89392    1.18289    0.05996   16.00000
1638.27063    1.22285    0.05861   16.00000
1638.64856    1.01265    0.05704   16.00000
1639.02539    0.87932    0.05705   16.00000
1639.40344    0.93198    0.05654   16.00000
1639.78052    1.03123    0.05551   16.00000
1640.15784    1.04354    0.05341   16.00000
1640.53589    0.99254    0.05145   16.00000
1640.91333    0.99268    0.05107   16.00000
1641.29175    0.87699    0.05483   16.00000
1641.66931    0.76429    0.05811   16.00000
1642.04785    0.92531    0.06014   16.00000
1642.42566    1.08215    0.06203   16.00000
1642.80347    1.02523    0.06114   16.00000
1643.18225    1.25923    0.05116   16.00000
1643.56042    0.97537    0.04817   16.00000
1643.93933    0.97668    0.05066   16.00000
1644.31763    1.05395    0.05995   16.00000
1644.69678    0.85374    0.06833   16.00000
1645.07495    0.90738    0.07021   16.00000
1645.45361    1.08461    0.06538   16.00000
1645.83289    1.08181    0.06129   16.00000
1646.21155    0.88309    0.06080   16.00000
1646.59119    0.80945    0.05984   16.00000
1646.96997    1.07921    0.05976   16.00000
1647.34985    0.91420    0.06453   16.00000
1647.72876    0.76073    0.07058   16.00000
1648.10779    1.05946    0.06894   16.00000
1648.48792    1.02653    0.06204   16.00000
1648.86707    1.07887    0.05752   16.00000
1649.24731    0.97829    0.06173   16.00000
1649.62671    0.91113    0.06709   16.00000
